I, J, Lat, Lon, Depth
  1,   1, 29.64095597, 95.38304113,  99.9
  2,   1, 29.64236438, 95.37660897,  99.9
  3,   1, 29.64373945, 95.37028951,  99.9
  4,   1, 29.64508148, 95.36408145,  99.9
  5,   1, 29.64639077, 95.35798351,  99.9
  6,   1, 29.64766760, 95.35199442,  99.9
  7,   1, 29.64891226, 95.34611296,  99.9
  8,   1, 29.65012502, 95.34033790,  99.9
  9,   1, 29.65130614, 95.33466806,  99.9
 10,   1, 29.65245588, 95.32910227,  99.9
 11,   1, 29.65357450, 95.32363937,  99.9
 12,   1, 29.65466223, 95.31827824,   4.5
 13,   1, 29.65571933, 95.31301777,   4.5
 14,   1, 29.65674602, 95.30785686,   4.5
 15,   1, 29.65774252, 95.30279447,  99.9
 16,   1, 29.65870906, 95.29782954,  99.9
 17,   1, 29.65964585, 95.29296104,  99.9
 18,   1, 29.66055308, 95.28818797,  99.9
 19,   1, 29.66143097, 95.28350934,  99.9
 20,   1, 29.66227971, 95.27892418,  99.9
 21,   1, 29.66309947, 95.27443155,  99.9
 22,   1, 29.66389044, 95.27003052,  99.9
 23,   1, 29.66465280, 95.26572018,  99.9
 24,   1, 29.66538670, 95.26149963,  99.9
 25,   1, 29.66609232, 95.25736801,  99.9
 26,   1, 29.66676981, 95.25332446,  99.9
 27,   1, 29.66741931, 95.24936814,  99.9
 28,   1, 29.66804097, 95.24549823,  99.9
 29,   1, 29.66863493, 95.24171394,  99.9
 30,   1, 29.66920131, 95.23801448,  99.9
 31,   1, 29.66974025, 95.23439909,  99.9
 32,   1, 29.67025185, 95.23086701,  99.9
 33,   1, 29.67073624, 95.22741752,  99.9
 34,   1, 29.67119352, 95.22404990,  99.9
 35,   1, 29.67162380, 95.22076346,  99.9
 36,   1, 29.67202716, 95.21755752,  99.9
 37,   1, 29.67240370, 95.21443141,  99.9
 38,   1, 29.67275350, 95.21138448,  99.9
 39,   1, 29.67307664, 95.20841611,  99.9
 40,   1, 29.67337319, 95.20552568,  99.9
 41,   1, 29.67364322, 95.20271259,  99.9
 42,   1, 29.67388679, 95.19997625,  99.9
 43,   1, 29.67410395, 95.19731611,  99.9
 44,   1, 29.67429477, 95.19473161,  99.9
 45,   1, 29.67445927, 95.19222222,  99.9
 46,   1, 29.67459750, 95.18978741,  99.9
 47,   1, 29.67470948, 95.18742668,  99.9
 48,   1, 29.67479526, 95.18513954,  99.9
 49,   1, 29.67485485, 95.18292552,  99.9
 50,   1, 29.67488826, 95.18078416,  99.9
 51,   1, 29.67489551, 95.17871502,  99.9
 52,   1, 29.67487659, 95.17671766,  99.9
 53,   1, 29.67483152, 95.17479167,  99.9
 54,   1, 29.67476029, 95.17293666,  99.9
 55,   1, 29.67466287, 95.17115224,  99.9
 56,   1, 29.67453926, 95.16943803,  99.9
 57,   1, 29.67438943, 95.16779368,  99.9
 58,   1, 29.67421335, 95.16621886,  99.9
 59,   1, 29.67401099, 95.16471323,  99.9
 60,   1, 29.67378231, 95.16327648,  99.9
 61,   1, 29.67352727, 95.16190831,  99.9
 62,   1, 29.67324580, 95.16060845,  99.9
 63,   1, 29.67293787, 95.15937661,  99.9
 64,   1, 29.67260339, 95.15821254,  99.9
 65,   1, 29.67224231, 95.15711601,  99.9
 66,   1, 29.67185456, 95.15608678,  99.9
 67,   1, 29.67144005, 95.15512464,  99.9
 68,   1, 29.67099869, 95.15422939,  99.9
 69,   1, 29.67053041, 95.15340083,  99.9
 70,   1, 29.67003509, 95.15263881,  99.9
 71,   1, 29.66951265, 95.15194316,  99.9
 72,   1, 29.66896297, 95.15131374,  99.9
 73,   1, 29.66838594, 95.15075040,  99.9
 74,   1, 29.66778143, 95.15025305,  99.9
 75,   1, 29.66714933, 95.14982156,  99.9
 76,   1, 29.66648951, 95.14945586,  99.9
 77,   1, 29.66580182, 95.14915586,  99.9
 78,   1, 29.66508612, 95.14892150,  99.9
 79,   1, 29.66434227, 95.14875273,  99.9
 80,   1, 29.66357012, 95.14864951,  99.9
 81,   1, 29.66276949, 95.14861183,  99.9
 82,   1, 29.66194022, 95.14863967,  99.9
 83,   1, 29.66108215, 95.14873303,  99.9
 84,   1, 29.66019509, 95.14889194,  99.9
 85,   1, 29.65927885, 95.14911642,  99.9
 86,   1, 29.65833326, 95.14940652,  99.9
 87,   1, 29.65735810, 95.14976230,  99.9
 88,   1, 29.65635318, 95.15018383,  99.9
 89,   1, 29.65531828, 95.15067119,  99.9
 90,   1, 29.65425320, 95.15122449,  99.9
 91,   1, 29.65315770, 95.15184383,  99.9
 92,   1, 29.65203156, 95.15252935,  99.9
 93,   1, 29.65087455, 95.15328118,  99.9
 94,   1, 29.64968641, 95.15409947,  99.9
 95,   1, 29.64846691, 95.15498440,  99.9
 96,   1, 29.64721579, 95.15593614,  99.9
 97,   1, 29.64593278, 95.15695489,  99.9
 98,   1, 29.64461762, 95.15804086,  99.9
 99,   1, 29.64327003, 95.15919427,  99.9
100,   1, 29.64188973, 95.16041536,  99.9
101,   1, 29.64047643, 95.16170437,  99.9
102,   1, 29.63902984, 95.16306157,  99.9
103,   1, 29.63754965, 95.16448724,  99.9
104,   1, 29.63603555, 95.16598167,  99.9
105,   1, 29.63448722, 95.16754516,  99.9
106,   1, 29.63290434, 95.16917805,  99.9
107,   1, 29.63128658, 95.17088065,  99.9
108,   1, 29.62963360, 95.17265333,  99.9
109,   1, 29.62794504, 95.17449645,  99.9
110,   1, 29.62622057, 95.17641038,  99.9
111,   1, 29.62445981, 95.17839551,  99.9
112,   1, 29.62266239, 95.18045226,  99.9
113,   1, 29.62082794, 95.18258104,  99.9
114,   1, 29.61895608, 95.18478229,  99.9
115,   1, 29.61704640, 95.18705647,  99.9
116,   1, 29.61509851, 95.18940404,  99.9
117,   1, 29.61311200, 95.19182548,  99.9
118,   1, 29.61108646, 95.19432129,  99.9
119,   1, 29.60902144, 95.19689198,  99.9
120,   1, 29.60691653, 95.19953808,  99.9
121,   1, 29.60477128, 95.20226013,  99.9
122,   1, 29.60258524, 95.20505868,  99.9
123,   1, 29.60035794, 95.20793433,  99.9
124,   1, 29.59808892, 95.21088764,  99.9
125,   1, 29.59577771, 95.21391923,  99.9
126,   1, 29.59342381, 95.21702973,  99.9
127,   1, 29.59102673, 95.22021976,  99.9
128,   1, 29.58858597, 95.22348998,  99.9
129,   1, 29.58610101, 95.22684107,  99.9
130,   1, 29.58357133, 95.23027371,  99.9
131,   1, 29.58099639, 95.23378860,  99.9
132,   1, 29.57837566, 95.23738646,  99.9
133,   1, 29.57570858, 95.24106804,  99.9
134,   1, 29.57299459, 95.24483408,  99.9
135,   1, 29.57023311, 95.24868536,  99.9
136,   1, 29.56742357, 95.25262267,  99.9
137,   1, 29.56456537, 95.25664681,  99.9
138,   1, 29.56165792, 95.26075860,  99.9
139,   1, 29.55870059, 95.26495890,  99.9
140,   1, 29.55569276, 95.26924856,  99.9
141,   1, 29.55263380, 95.27362845,  99.9
142,   1, 29.54952307, 95.27809948,  99.9
143,   1, 29.54635990, 95.28266256,  99.9
144,   1, 29.54314363, 95.28731862,  99.9
145,   1, 29.53987358, 95.29206862,  99.9
146,   1, 29.53654905, 95.29691352,  99.9
147,   1, 29.53316936, 95.30185433,  99.9
148,   1, 29.52973377, 95.30689204,  99.9
149,   1, 29.52624158, 95.31202770,  99.9
150,   1, 29.52269203, 95.31726234,  99.9
151,   1, 29.51908438, 95.32259704,  99.9
152,   1, 29.51541786, 95.32803290,  99.9
153,   1, 29.51169171, 95.33357101,  99.9
154,   1, 29.50790512, 95.33921252,  99.9
155,   1, 29.50405731, 95.34495857,  99.9
156,   1, 29.50014745, 95.35081034,  99.9
157,   1, 29.49617472, 95.35676902,  99.9
158,   1, 29.49213828, 95.36283583,  99.9
159,   1, 29.48803727, 95.36901201,  99.9
160,   1, 29.48387082, 95.37529881,  99.9
161,   1, 29.47963806, 95.38169753,  99.9
162,   1, 29.47533808, 95.38820946,  99.9
163,   1, 29.47096997, 95.39483593,  99.9
164,   1, 29.46653280, 95.40157829,  99.9
165,   1, 29.46202565, 95.40843792,  99.9
166,   1, 29.45744754, 95.41541621,  99.9
167,   1, 29.45279751, 95.42251460,  99.9
168,   1, 29.44807457, 95.42973451,  99.9
169,   1, 29.44327772, 95.43707742,  99.9
170,   1, 29.43840594, 95.44454483,  99.9
171,   1, 29.43345819, 95.45213826,  99.9
172,   1, 29.42843342, 95.45985925,  99.9
173,   1, 29.42333058, 95.46770936,  99.9
174,   1, 29.41814856, 95.47569020,  99.9
175,   1, 29.41288627, 95.48380340,  99.9
176,   1, 29.40754260, 95.49205058,  99.9
177,   1, 29.40211639, 95.50043344,  99.9
178,   1, 29.39660651, 95.50895368,  99.9
179,   1, 29.39101176, 95.51761301,  99.9
180,   1, 29.38533098, 95.52641321,  99.9
181,   1, 29.37956293, 95.53535606,  99.9
182,   1, 29.37370641, 95.54444336,  99.9
183,   1, 29.36776014, 95.55367697,  99.9
184,   1, 29.36172288, 95.56305875,  99.9
185,   1, 29.35559333, 95.57259060,  99.9
186,   1, 29.34937018, 95.58227446,  99.9
187,   1, 29.34305211, 95.59211228,  99.9
188,   1, 29.33663776, 95.60210606,  99.9
189,   1, 29.33012577, 95.61225782,  99.9
190,   1, 29.32351475, 95.62256961,  99.9
191,   1, 29.31680328, 95.63304351,  99.9
192,   1, 29.30998993, 95.64368164,  99.9
193,   1, 29.30307323, 95.65448615,  99.9
194,   1, 29.29605173, 95.66545923,  99.9
195,   1, 29.28892390, 95.67660308,  99.9
196,   1, 29.28168822, 95.68791995,  99.9
197,   1, 29.27434314, 95.69941214,  99.9
198,   1, 29.26688710, 95.71108194,  99.9
199,   1, 29.25931849, 95.72293172,  99.9
200,   1, 29.25163569, 95.73496386,  99.9
201,   1, 29.24383705, 95.74718078,  99.9
202,   1, 29.23592090, 95.75958494,  99.9
203,   1, 29.22788554, 95.77217883,  99.9
204,   1, 29.21972924, 95.78496500,  99.9
205,   1, 29.21145025, 95.79794600,  99.9
206,   1, 29.20304680, 95.81112444,  99.9
207,   1, 29.19451707, 95.82450297,  99.9
208,   1, 29.18585923, 95.83808427,  99.9
209,   1, 29.17707142, 95.85187106,  99.9
210,   1, 29.16815175, 95.86586612,  99.9
211,   1, 29.15909829, 95.88007223,  99.9
212,   1, 29.14990910, 95.89449225,  99.9
213,   1, 29.14058219, 95.90912907,  99.9
214,   1, 29.13111556, 95.92398560,  99.9
215,   1, 29.12150715, 95.93906482,  99.9
216,   1, 29.11175490, 95.95436973,  99.9
217,   1, 29.10185670, 95.96990341,  99.9
218,   1, 29.09181041, 95.98566893,  99.9
219,   1, 29.08161387, 96.00166946,  99.9
220,   1, 29.07126486, 96.01790817,  99.9
221,   1, 29.06076114, 96.03438831,  99.9
222,   1, 29.05010045, 96.05111314,  99.9
223,   1, 29.03928047, 96.06808601,  99.9
224,   1, 29.02829885, 96.08531027,  99.9
225,   1, 29.01715323, 96.10278936,  99.9
226,   1, 29.00584118, 96.12052675,  99.9
227,   1, 28.99436024, 96.13852594,  99.9
228,   1, 28.98270793, 96.15679052,  99.9
229,   1, 28.97088170, 96.17532409,  99.9
230,   1, 28.95887900, 96.19413034,  99.9
231,   1, 28.94669721, 96.21321297,  99.9
232,   1, 28.93433367, 96.23257576,  99.9
233,   1, 28.92178571, 96.25222255,  99.9
234,   1, 28.90905058, 96.27215719,  99.9
235,   1, 28.89612550, 96.29238363,  99.9
236,   1, 28.88300767, 96.31290586,  99.9
237,   1, 28.86969421, 96.33372790,  99.9
238,   1, 28.85618222, 96.35485387,  99.9
239,   1, 28.84246875, 96.37628792,  99.9
240,   1, 28.82855080, 96.39803425,  99.9
241,   1, 28.81442532, 96.42009713,  99.9
  1,   2, 29.64664140, 95.38461539,  99.9
  2,   2, 29.64795055, 95.37814557,  99.9
  3,   2, 29.64922751, 95.37178880,  99.9
  4,   2, 29.65047258, 95.36554375,  99.9
  5,   2, 29.65168602, 95.35940914,  99.9
  6,   2, 29.65286810, 95.35338371,  99.9
  7,   2, 29.65401908, 95.34746620,  99.9
  8,   2, 29.65513922, 95.34165539,  99.9
  9,   2, 29.65622876, 95.33595009,  99.9
 10,   2, 29.65728795, 95.33034911,  99.9
 11,   2, 29.65831701, 95.32485130,  99.9
 12,   2, 29.65931618, 95.31945553,  99.9
 13,   2, 29.66028567, 95.31416067,  99.9
 14,   2, 29.66122570, 95.30896563,   4.9
 15,   2, 29.66213647, 95.30386934,   5.5
 16,   2, 29.66301819, 95.29887075,  99.9
 17,   2, 29.66387105, 95.29396882,  99.9
 18,   2, 29.66469524, 95.28916254,  99.9
 19,   2, 29.66549093, 95.28445091,  99.9
 20,   2, 29.66625832, 95.27983297,  99.9
 21,   2, 29.66699755, 95.27530775,  99.9
 22,   2, 29.66770881, 95.27087432,  99.9
 23,   2, 29.66839224, 95.26653177,  99.9
 24,   2, 29.66904800, 95.26227918,  99.9
 25,   2, 29.66967623, 95.25811570,  99.9
 26,   2, 29.67027707, 95.25404045,  99.9
 27,   2, 29.67085065, 95.25005258,  99.9
 28,   2, 29.67139711, 95.24615129,  99.9
 29,   2, 29.67191655, 95.24233575,  99.9
 30,   2, 29.67240911, 95.23860518,  99.9
 31,   2, 29.67287488, 95.23495881,  99.9
 32,   2, 29.67331397, 95.23139587,  99.9
 33,   2, 29.67372648, 95.22791565,  99.9
 34,   2, 29.67411250, 95.22451740,  99.9
 35,   2, 29.67447213, 95.22120044,  99.9
 36,   2, 29.67480542, 95.21796407,  99.9
 37,   2, 29.67511248, 95.21480762,  99.9
 38,   2, 29.67539335, 95.21173044,  99.9
 39,   2, 29.67564812, 95.20873189,   5.0
 40,   2, 29.67587683, 95.20581136,  99.9
 41,   2, 29.67607954, 95.20296823,  99.9
 42,   2, 29.67625629, 95.20020191,  99.9
 43,   2, 29.67640713, 95.19751185,  99.9
 44,   2, 29.67653210, 95.19489746,  99.9
 45,   2, 29.67663122, 95.19235823,  99.9
 46,   2, 29.67670451, 95.18989361,  99.9
 47,   2, 29.67675201, 95.18750310,  99.9
 48,   2, 29.67677371, 95.18518620,  99.9
 49,   2, 29.67676964, 95.18294243,  99.9
 50,   2, 29.67673979, 95.18077133,  99.9
 51,   2, 29.67668416, 95.17867245,  99.9
 52,   2, 29.67660274, 95.17664535,  99.9
 53,   2, 29.67649552, 95.17468960,  99.9
 54,   2, 29.67636248, 95.17280482,  99.9
 55,   2, 29.67620359, 95.17099059,  99.9
 56,   2, 29.67601883, 95.16924656,  99.9
 57,   2, 29.67580816, 95.16757235,  99.9
 58,   2, 29.67557153, 95.16596762,  99.9
 59,   2, 29.67530891, 95.16443203,  99.9
 60,   2, 29.67502023, 95.16296527,  99.9
 61,   2, 29.67470545, 95.16156703,  99.9
 62,   2, 29.67436449, 95.16023702,  99.9
 63,   2, 29.67399729, 95.15897496,  99.9
 64,   2, 29.67360377, 95.15778060,  99.9
 65,   2, 29.67318386, 95.15665368,  99.9
 66,   2, 29.67273747, 95.15559397,  99.9
 67,   2, 29.67226450, 95.15460125,  99.9
 68,   2, 29.67176486, 95.15367531,  99.9
 69,   2, 29.67123845, 95.15281596,  99.9
 70,   2, 29.67068516, 95.15202301,  99.9
 71,   2, 29.67010488, 95.15129632,  99.9
 72,   2, 29.66949748, 95.15063571,  99.9
 73,   2, 29.66886283, 95.15004106,  99.9
 74,   2, 29.66820082, 95.14951224,  99.9
 75,   2, 29.66751130, 95.14904913,  99.9
 76,   2, 29.66679413, 95.14865165,  99.9
 77,   2, 29.66604916, 95.14831971,  99.9
 78,   2, 29.66527624, 95.14805323,  99.9
 79,   2, 29.66447520, 95.14785217,  99.9
 80,   2, 29.66364588, 95.14771647,  99.9
 81,   2, 29.66278810, 95.14764611,  99.9
 82,   2, 29.66190169, 95.14764107,  99.9
 83,   2, 29.66098647, 95.14770135,  99.9
 84,   2, 29.66004224, 95.14782696,  99.9
 85,   2, 29.65906881, 95.14801792,  99.9
 86,   2, 29.65806597, 95.14827428,  99.9
 87,   2, 29.65703351, 95.14859607,  99.9
 88,   2, 29.65597123, 95.14898338,  99.9
 89,   2, 29.65487889, 95.14943627,  99.9
 90,   2, 29.65375627, 95.14995484,  99.9
 91,   2, 29.65260314, 95.15053919,  99.9
 92,   2, 29.65141925, 95.15118944,  99.9
 93,   2, 29.65020435, 95.15190572,  99.9
 94,   2, 29.64895820, 95.15268819,  99.9
 95,   2, 29.64768054, 95.15353699,  99.9
 96,   2, 29.64637108, 95.15445231,  99.9
 97,   2, 29.64502957, 95.15543433,  99.9
 98,   2, 29.64365572, 95.15648324,  99.9
 99,   2, 29.64224924, 95.15759928,  99.9
100,   2, 29.64080985, 95.15878265,  99.9
101,   2, 29.63933723, 95.16003361,  99.9
102,   2, 29.63783107, 95.16135242,  99.9
103,   2, 29.63629108, 95.16273934,  99.9
104,   2, 29.63471691, 95.16419465,  99.9
105,   2, 29.63310824, 95.16571865,  99.9
106,   2, 29.63146474, 95.16731167,  99.9
107,   2, 29.62978606, 95.16897401,  99.9
108,   2, 29.62807184, 95.17070603,  99.9
109,   2, 29.62632174, 95.17250808,  99.9
110,   2, 29.62453537, 95.17438053,  99.9
111,   2, 29.62271237, 95.17632376,  99.9
112,   2, 29.62085235, 95.17833817,  99.9
113,   2, 29.61895493, 95.18042418,  99.9
114,   2, 29.61701970, 95.18258220,  99.9
115,   2, 29.61504626, 95.18481269,  99.9
116,   2, 29.61303420, 95.18711610,  99.9
117,   2, 29.61098309, 95.18949291,  99.9
118,   2, 29.60889250, 95.19194360,  99.9
119,   2, 29.60676199, 95.19446867,  99.9
120,   2, 29.60459112, 95.19706864,  99.9
121,   2, 29.60237942, 95.19974405,  99.9
122,   2, 29.60012644, 95.20249544,  99.9
123,   2, 29.59783169, 95.20532338,  99.9
124,   2, 29.59549471, 95.20822844,  99.9
125,   2, 29.59311499, 95.21121123,  99.9
126,   2, 29.59069203, 95.21427235,  99.9
127,   2, 29.58822534, 95.21741244,  99.9
128,   2, 29.58571438, 95.22063213,  99.9
129,   2, 29.58315862, 95.22393208,  99.9
130,   2, 29.58055754, 95.22731298,  99.9
131,   2, 29.57791058, 95.23077551,  99.9
132,   2, 29.57521719, 95.23432038,  99.9
133,   2, 29.57247679, 95.23794833,  99.9
134,   2, 29.56968882, 95.24166009,  99.9
135,   2, 29.56685268, 95.24545642,  99.9
136,   2, 29.56396778, 95.24933810,  99.9
137,   2, 29.56103351, 95.25330592,  99.9
138,   2, 29.55804924, 95.25736071,  99.9
139,   2, 29.55501436, 95.26150328,  99.9
140,   2, 29.55192823, 95.26573449,  99.9
141,   2, 29.54879018, 95.27005520,  99.9
142,   2, 29.54559956, 95.27446630,  99.9
143,   2, 29.54235570, 95.27896868,  99.9
144,   2, 29.53905791, 95.28356328,  99.9
145,   2, 29.53570549, 95.28825103,  99.9
146,   2, 29.53229775, 95.29303288,  99.9
147,   2, 29.52883395, 95.29790982,  99.9
148,   2, 29.52531337, 95.30288284,  99.9
149,   2, 29.52173527, 95.30795297,  99.9
150,   2, 29.51809888, 95.31312122,  99.9
151,   2, 29.51440345, 95.31838867,  99.9
152,   2, 29.51064818, 95.32375639,  99.9
153,   2, 29.50683230, 95.32922547,  99.9
154,   2, 29.50295498, 95.33479704,  99.9
155,   2, 29.49901540, 95.34047222,  99.9
156,   2, 29.49501275, 95.34625217,  99.9
157,   2, 29.49094617, 95.35213809,  99.9
158,   2, 29.48681479, 95.35813116,  99.9
159,   2, 29.48261775, 95.36423261,  99.9
160,   2, 29.47835416, 95.37044369,  99.9
161,   2, 29.47402311, 95.37676566,  99.9
162,   2, 29.46962368, 95.38319980,  99.9
163,   2, 29.46515496, 95.38974744,  99.9
164,   2, 29.46061598, 95.39640990,  99.9
165,   2, 29.45600579, 95.40318855,  99.9
166,   2, 29.45132340, 95.41008476,  99.9
167,   2, 29.44656784, 95.41709993,  99.9
168,   2, 29.44173808, 95.42423550,  99.9
169,   2, 29.43683310, 95.43149292,  99.9
170,   2, 29.43185187, 95.43887365,  99.9
171,   2, 29.42679333, 95.44637922,  99.9
172,   2, 29.42165639, 95.45401113,  99.9
173,   2, 29.41643998, 95.46177094,  99.9
174,   2, 29.41114298, 95.46966024,  99.9
175,   2, 29.40576427, 95.47768061,  99.9
176,   2, 29.40030271, 95.48583369,  99.9
177,   2, 29.39475713, 95.49412114,  99.9
178,   2, 29.38912635, 95.50254464,  99.9
179,   2, 29.38340918, 95.51110589,  99.9
180,   2, 29.37760441, 95.51980663,  99.9
181,   2, 29.37171079, 95.52864863,  99.9
182,   2, 29.36572707, 95.53763368,  99.9
183,   2, 29.35965197, 95.54676360,  99.9
184,   2, 29.35348422, 95.55604024,  99.9
185,   2, 29.34722248, 95.56546547,  99.9
186,   2, 29.34086542, 95.57504121,  99.9
187,   2, 29.33441170, 95.58476940,  99.9
188,   2, 29.32785993, 95.59465199,  99.9
189,   2, 29.32120871, 95.60469099,  99.9
190,   2, 29.31445664, 95.61488842,  99.9
191,   2, 29.30760225, 95.62524636,  99.9
192,   2, 29.30064410, 95.63576688,  99.9
193,   2, 29.29358069, 95.64645211,  99.9
194,   2, 29.28641052, 95.65730422,  99.9
195,   2, 29.27913205, 95.66832538,  99.9
196,   2, 29.27174373, 95.67951782,  99.9
197,   2, 29.26424398, 95.69088379,  99.9
198,   2, 29.25663118, 95.70242559,  99.9
199,   2, 29.24890372, 95.71414554,  99.9
200,   2, 29.24105994, 95.72604600,  99.9
201,   2, 29.23309815, 95.73812935,  99.9
202,   2, 29.22501666, 95.75039804,  99.9
203,   2, 29.21681372, 95.76285453,  99.9
204,   2, 29.20848758, 95.77550131,  99.9
205,   2, 29.20003646, 95.78834093,  99.9
206,   2, 29.19145853, 95.80137596,  99.9
207,   2, 29.18275196, 95.81460903,  99.9
208,   2, 29.17391488, 95.82804277,  99.9
209,   2, 29.16494539, 95.84167989,  99.9
210,   2, 29.15584155, 95.85552312,  99.9
211,   2, 29.14660142, 95.86957522,  99.9
212,   2, 29.13722301, 95.88383901,  99.9
213,   2, 29.12770428, 95.89831734,  99.9
214,   2, 29.11804321, 95.91301310,  99.9
215,   2, 29.10823770, 95.92792922,  99.9
216,   2, 29.09828564, 95.94306870,  99.9
217,   2, 29.08818488, 95.95843453,  99.9
218,   2, 29.07793325, 95.97402980,  99.9
219,   2, 29.06752854, 95.98985760,  99.9
220,   2, 29.05696849, 96.00592108,  99.9
221,   2, 29.04625083, 96.02222345,  99.9
222,   2, 29.03537323, 96.03876795,  99.9
223,   2, 29.02433336, 96.05555786,  99.9
224,   2, 29.01312881, 96.07259651,  99.9
225,   2, 29.00175717, 96.08988730,  99.9
226,   2, 28.99021597, 96.10743365,  99.9
227,   2, 28.97850271, 96.12523903,  99.9
228,   2, 28.96661485, 96.14330698,  99.9
229,   2, 28.95454982, 96.16164107,  99.9
230,   2, 28.94230499, 96.18024492,  99.9
231,   2, 28.92987771, 96.19912222,  99.9
232,   2, 28.91726528, 96.21827669,  99.9
233,   2, 28.90446496, 96.23771211,  99.9
234,   2, 28.89147396, 96.25743232,  99.9
235,   2, 28.87828946, 96.27744119,  99.9
236,   2, 28.86490859, 96.29774268,  99.9
237,   2, 28.85132843, 96.31834077,  99.9
238,   2, 28.83754602, 96.33923951,  99.9
239,   2, 28.82355837, 96.36044301,  99.9
240,   2, 28.80936241, 96.38195543,  99.9
241,   2, 28.79495505, 96.40378098,  99.9
  1,   3, 29.65235895, 95.38607527,  99.9
  2,   3, 29.65356856, 95.37956914,  99.9
  3,   3, 29.65474716, 95.37317637,  99.9
  4,   3, 29.65589499, 95.36689562,  99.9
  5,   3, 29.65701232, 95.36072562,  99.9
  6,   3, 29.65809940, 95.35466507,  99.9
  7,   3, 29.65915647, 95.34871273,  99.9
  8,   3, 29.66018376, 95.34286738,  99.9
  9,   3, 29.66118149, 95.33712779,  99.9
 10,   3, 29.66214990, 95.33149279,  99.9
 11,   3, 29.66308919, 95.32596121,  99.9
 12,   3, 29.66399957, 95.32053190,  99.9
 13,   3, 29.66488125, 95.31520375,  99.9
 14,   3, 29.66573442, 95.30997565,  99.9
 15,   3, 29.66655927, 95.30484652,   5.6
 16,   3, 29.66735598, 95.29981531,   5.6
 17,   3, 29.66812473, 95.29488096,   5.6
 18,   3, 29.66886570, 95.29004246,  99.9
 19,   3, 29.66957903, 95.28529882,  99.9
 20,   3, 29.67026490, 95.28064904,  99.9
 21,   3, 29.67092346, 95.27609216,  99.9
 22,   3, 29.67155485, 95.27162725,  99.9
 23,   3, 29.67215921, 95.26725338,  99.9
 24,   3, 29.67273668, 95.26296965,  99.9
 25,   3, 29.67328739, 95.25877516,  99.9
 26,   3, 29.67381146, 95.25466905,  99.9
 27,   3, 29.67430900, 95.25065047,  99.9
 28,   3, 29.67478013, 95.24671859,  99.9
 29,   3, 29.67522496, 95.24287259,   5.6
 30,   3, 29.67564358, 95.23911169,  99.9
 31,   3, 29.67603609, 95.23543509,  99.9
 32,   3, 29.67640257, 95.23184204,  99.9
 33,   3, 29.67674312, 95.22833179,  99.9
 34,   3, 29.67705780, 95.22490362,  99.9
 35,   3, 29.67734669, 95.22155682,  99.9
 36,   3, 29.67760986, 95.21829069,  99.9
 37,   3, 29.67784736, 95.21510456,   5.6
 38,   3, 29.67805925, 95.21199777,   5.5
 39,   3, 29.67824559, 95.20896967,   5.2
 40,   3, 29.67840641, 95.20601963,  99.9
 41,   3, 29.67854175, 95.20314705,  99.9
 42,   3, 29.67865165, 95.20035134,  99.9
 43,   3, 29.67873613, 95.19763190,  99.9
 44,   3, 29.67879522, 95.19498818,  99.9
 45,   3, 29.67882894, 95.19241962,  99.9
 46,   3, 29.67883729, 95.18992571,  99.9
 47,   3, 29.67882027, 95.18750591,  99.9
 48,   3, 29.67877791, 95.18515973,  99.9
 49,   3, 29.67871017, 95.18288668,  99.9
 50,   3, 29.67861706, 95.18068629,  99.9
 51,   3, 29.67849857, 95.17855810,  99.9
 52,   3, 29.67835466, 95.17650167,  99.9
 53,   3, 29.67818531, 95.17451658,  99.9
 54,   3, 29.67799049, 95.17260241,  99.9
 55,   3, 29.67777017, 95.17075877,  99.9
 56,   3, 29.67752430, 95.16898527,  99.9
 57,   3, 29.67725282, 95.16728154,  99.9
 58,   3, 29.67695570, 95.16564723,  99.9
 59,   3, 29.67663286, 95.16408201,  99.9
 60,   3, 29.67628425, 95.16258554,  99.9
 61,   3, 29.67590979, 95.16115752,  99.9
 62,   3, 29.67550940, 95.15979764,  99.9
 63,   3, 29.67508302, 95.15850563,  99.9
 64,   3, 29.67463054, 95.15728122,  99.9
 65,   3, 29.67415188, 95.15612414,  99.9
 66,   3, 29.67364694, 95.15503417,  99.9
 67,   3, 29.67311561, 95.15401108,  99.9
 68,   3, 29.67255780, 95.15305464,  99.9
 69,   3, 29.67197337, 95.15216467,  99.9
 70,   3, 29.67136222, 95.15134097,  99.9
 71,   3, 29.67072421, 95.15058338,  99.9
 72,   3, 29.67005921, 95.14989173,  99.9
 73,   3, 29.66936710, 95.14926588,  99.9
 74,   3, 29.66864771, 95.14870571,  99.9
 75,   3, 29.66790092, 95.14821108,  99.9
 76,   3, 29.66712655, 95.14778191,  99.9
 77,   3, 29.66632445, 95.14741809,  99.9
 78,   3, 29.66549446, 95.14711955,  99.9
 79,   3, 29.66463639, 95.14688624,  99.9
 80,   3, 29.66375008, 95.14671808,  99.9
 81,   3, 29.66283534, 95.14661506,  99.9
 82,   3, 29.66189197, 95.14657715,  99.9
 83,   3, 29.66091979, 95.14660434,  99.9
 84,   3, 29.65991859, 95.14669663,  99.9
 85,   3, 29.65888816, 95.14685403,  99.9
 86,   3, 29.65782829, 95.14707659,  99.9
 87,   3, 29.65673875, 95.14736434,  99.9
 88,   3, 29.65561932, 95.14771735,  99.9
 89,   3, 29.65446976, 95.14813567,  99.9
 90,   3, 29.65328984, 95.14861941,  99.9
 91,   3, 29.65207931, 95.14916864,  99.9
 92,   3, 29.65083792, 95.14978350,  99.9
 93,   3, 29.64956540, 95.15046409,  99.9
 94,   3, 29.64826149, 95.15121057,  99.9
 95,   3, 29.64692592, 95.15202307,  99.9
 96,   3, 29.64555841, 95.15290178,  99.9
 97,   3, 29.64415868, 95.15384686,  99.9
 98,   3, 29.64272642, 95.15485851,  99.9
 99,   3, 29.64126135, 95.15593694,  99.9
100,   3, 29.63976315, 95.15708237,  99.9
101,   3, 29.63823151, 95.15829502,  99.9
102,   3, 29.63666612, 95.15957516,  99.9
103,   3, 29.63506663, 95.16092304,  99.9
104,   3, 29.63343273, 95.16233894,  99.9
105,   3, 29.63176406, 95.16382314,  99.9
106,   3, 29.63006027, 95.16537596,  99.9
107,   3, 29.62832102, 95.16699770,  99.9
108,   3, 29.62654593, 95.16868871,  99.9
109,   3, 29.62473463, 95.17044932,  99.9
110,   3, 29.62288674, 95.17227991,  99.9
111,   3, 29.62100188, 95.17418083,  99.9
112,   3, 29.61907965, 95.17615249,  99.9
113,   3, 29.61711965, 95.17819529,  99.9
114,   3, 29.61512146, 95.18030965,  99.9
115,   3, 29.61308467, 95.18249599,  99.9
116,   3, 29.61100885, 95.18475478,  99.9
117,   3, 29.60889356, 95.18708646,  99.9
118,   3, 29.60673836, 95.18949152,  99.9
119,   3, 29.60454280, 95.19197046,  99.9
120,   3, 29.60230642, 95.19452377,  99.9
121,   3, 29.60002874, 95.19715199,  99.9
122,   3, 29.59770928, 95.19985565,  99.9
123,   3, 29.59534757, 95.20263531,  99.9
124,   3, 29.59294310, 95.20549153,  99.9
125,   3, 29.59049537, 95.20842490,  99.9
126,   3, 29.58800387, 95.21143602,  99.9
127,   3, 29.58546806, 95.21452552,  99.9
128,   3, 29.58288742, 95.21769401,  99.9
129,   3, 29.58026141, 95.22094216,  99.9
130,   3, 29.57758947, 95.22427062,  99.9
131,   3, 29.57487104, 95.22768008,  99.9
132,   3, 29.57210554, 95.23117124,  99.9
133,   3, 29.56929240, 95.23474481,  99.9
134,   3, 29.56643103, 95.23840152,  99.9
135,   3, 29.56352082, 95.24214212,  99.9
136,   3, 29.56056115, 95.24596738,  99.9
137,   3, 29.55755142, 95.24987809,  99.9
138,   3, 29.55449097, 95.25387503,  99.9
139,   3, 29.55137917, 95.25795903,  99.9
140,   3, 29.54821536, 95.26213093,  99.9
141,   3, 29.54499888, 95.26639157,  99.9
142,   3, 29.54172904, 95.27074183,  99.9
143,   3, 29.53840516, 95.27518261,  99.9
144,   3, 29.53502654, 95.27971480,  99.9
145,   3, 29.53159246, 95.28433933,  99.9
146,   3, 29.52810220, 95.28905716,  99.9
147,   3, 29.52455502, 95.29386923,  99.9
148,   3, 29.52095018, 95.29877655,  99.9
149,   3, 29.51728691, 95.30378010,  99.9
150,   3, 29.51356445, 95.30888092,  99.9
151,   3, 29.50978200, 95.31408004,  99.9
152,   3, 29.50593876, 95.31937852,  99.9
153,   3, 29.50203393, 95.32477745,  99.9
154,   3, 29.49806668, 95.33027794,  99.9
155,   3, 29.49403617, 95.33588109,  99.9
156,   3, 29.48994155, 95.34158806,  99.9
157,   3, 29.48578196, 95.34740000,  99.9
158,   3, 29.48155651, 95.35331812,  99.9
159,   3, 29.47726431, 95.35934360,  99.9
160,   3, 29.47290446, 95.36547768,  99.9
161,   3, 29.46847603, 95.37172161,  99.9
162,   3, 29.46397808, 95.37807667,  99.9
163,   3, 29.45940966, 95.38454414,  99.9
164,   3, 29.45476981, 95.39112534,  99.9
165,   3, 29.45005754, 95.39782162,  99.9
166,   3, 29.44527186, 95.40463434,  99.9
167,   3, 29.44041174, 95.41156488,  99.9
168,   3, 29.43547617, 95.41861465,  99.9
169,   3, 29.43046409, 95.42578509,  99.9
170,   3, 29.42537445, 95.43307765,  99.9
171,   3, 29.42020615, 95.44049383,  99.9
172,   3, 29.41495812, 95.44803512,  99.9
173,   3, 29.40962923, 95.45570305,  99.9
174,   3, 29.40421835, 95.46349919,  99.9
175,   3, 29.39872433, 95.47142512,  99.9
176,   3, 29.39314601, 95.47948244,  99.9
177,   3, 29.38748221, 95.48767280,  99.9
178,   3, 29.38173172, 95.49599785,  99.9
179,   3, 29.37589331, 95.50445927,  99.9
180,   3, 29.36996575, 95.51305880,  99.9
181,   3, 29.36394778, 95.52179817,  99.9
182,   3, 29.35783811, 95.53067914,  99.9
183,   3, 29.35163545, 95.53970352,  99.9
184,   3, 29.34533848, 95.54887314,  99.9
185,   3, 29.33894586, 95.55818985,  99.9
186,   3, 29.33245622, 95.56765553,  99.9
187,   3, 29.32586819, 95.57727210,  99.9
188,   3, 29.31918035, 95.58704151,  99.9
189,   3, 29.31239129, 95.59696572,  99.9
190,   3, 29.30549956, 95.60704675,  99.9
191,   3, 29.29850369, 95.61728662,  99.9
192,   3, 29.29140218, 95.62768741,  99.9
193,   3, 29.28419353, 95.63825121,  99.9
194,   3, 29.27687618, 95.64898015,  99.9
195,   3, 29.26944859, 95.65987640,  99.9
196,   3, 29.26190916, 95.67094215,  99.9
197,   3, 29.25425628, 95.68217963,  99.9
198,   3, 29.24648832, 95.69359111,  99.9
199,   3, 29.23860361, 95.70517886,  99.9
200,   3, 29.23060048, 95.71694524,  99.9
201,   3, 29.22247720, 95.72889261,  99.9
202,   3, 29.21423204, 95.74102335,  99.9
203,   3, 29.20586323, 95.75333992,  99.9
204,   3, 29.19736898, 95.76584479,  99.9
205,   3, 29.18874747, 95.77854045,  99.9
206,   3, 29.17999686, 95.79142947,  99.9
207,   3, 29.17111525, 95.80451441,  99.9
208,   3, 29.16210076, 95.81779791,  99.9
209,   3, 29.15295145, 95.83128263,  99.9
210,   3, 29.14366535, 95.84497125,  99.9
211,   3, 29.13424046, 95.85886653,  99.9
212,   3, 29.12467477, 95.87297123,  99.9
213,   3, 29.11496621, 95.88728818,  99.9
214,   3, 29.10511270, 95.90182024,  99.9
215,   3, 29.09511212, 95.91657030,  99.9
216,   3, 29.08496232, 95.93154130,  99.9
217,   3, 29.07466110, 95.94673624,  99.9
218,   3, 29.06420626, 95.96215813,  99.9
219,   3, 29.05359553, 95.97781005,  99.9
220,   3, 29.04282664, 95.99369512,  99.9
221,   3, 29.03189726, 96.00981648,  99.9
222,   3, 29.02080502, 96.02617735,  99.9
223,   3, 29.00954754, 96.04278097,  99.9
224,   3, 28.99812238, 96.05963063,  99.9
225,   3, 28.98652708, 96.07672969,  99.9
226,   3, 28.97475913, 96.09408152,  99.9
227,   3, 28.96281598, 96.11168957,  99.9
228,   3, 28.95069504, 96.12955731,  99.9
229,   3, 28.93839370, 96.14768829,  99.9
230,   3, 28.92590929, 96.16608607,  99.9
231,   3, 28.91323911, 96.18475431,  99.9
232,   3, 28.90038039, 96.20369667,  99.9
233,   3, 28.88733037, 96.22291690,  99.9
234,   3, 28.87408620, 96.24241879,  99.9
235,   3, 28.86064500, 96.26220616,  99.9
236,   3, 28.84700387, 96.28228291,  99.9
237,   3, 28.83315982, 96.30265299,  99.9
238,   3, 28.81910986, 96.32332040,  99.9
239,   3, 28.80485092, 96.34428919,  99.9
240,   3, 28.79037990, 96.36556348,  99.9
241,   3, 28.77569364, 96.38714743,  99.9
  1,   4, 29.65810745, 95.38742046,  99.9
  2,   4, 29.65921727, 95.38087936,  99.9
  3,   4, 29.66029723, 95.37445190,  99.9
  4,   4, 29.66134760, 95.36813676,  99.9
  5,   4, 29.66236859, 95.36193263,  99.9
  6,   4, 29.66336043, 95.35583823,  99.9
  7,   4, 29.66432336, 95.34985230,  99.9
  8,   4, 29.66525757, 95.34397360,  99.9
  9,   4, 29.66616329, 95.33820091,  99.9
 10,   4, 29.66704071, 95.33253305,  99.9
 11,   4, 29.66789003, 95.32696884,  99.9
 12,   4, 29.66871144, 95.32150712,  99.9
 13,   4, 29.66950512, 95.31614678,  99.9
 14,   4, 29.67027125, 95.31088670,  99.9
 15,   4, 29.67101000, 95.30572579,  99.9
 16,   4, 29.67172154, 95.30066299,  99.9
 17,   4, 29.67240602, 95.29569725,   5.7
 18,   4, 29.67306360, 95.29082754,   5.8
 19,   4, 29.67369442, 95.28605285,   5.8
 20,   4, 29.67429864, 95.28137220,  99.9
 21,   4, 29.67487637, 95.27678462,  99.9
 22,   4, 29.67542776, 95.27228915,  99.9
 23,   4, 29.67595293, 95.26788487,  99.9
 24,   4, 29.67645199, 95.26357086,  99.9
 25,   4, 29.67692506, 95.25934624,  99.9
 26,   4, 29.67737224, 95.25521013,  99.9
 27,   4, 29.67779364, 95.25116166,  99.9
 28,   4, 29.67818935, 95.24720001,  99.9
 29,   4, 29.67855946, 95.24332435,   5.7
 30,   4, 29.67890405, 95.23953389,  99.9
 31,   4, 29.67922322, 95.23582782,  99.9
 32,   4, 29.67951702, 95.23220540,  99.9
 33,   4, 29.67978552, 95.22866586,  99.9
 34,   4, 29.68002880, 95.22520848,  99.9
 35,   4, 29.68024690, 95.22183253,  99.9
 36,   4, 29.68043987, 95.21853732,  99.9
 37,   4, 29.68060777, 95.21532217,   5.7
 38,   4, 29.68075064, 95.21218640,  99.9
 39,   4, 29.68086850, 95.20912938,  99.9
 40,   4, 29.68096140, 95.20615046,  99.9
 41,   4, 29.68102934, 95.20324902,  99.9
 42,   4, 29.68107236, 95.20042448,  99.9
 43,   4, 29.68109047, 95.19767623,  99.9
 44,   4, 29.68108367, 95.19500372,  99.9
 45,   4, 29.68105197, 95.19240638,  99.9
 46,   4, 29.68099537, 95.18988369,  99.9
 47,   4, 29.68091386, 95.18743510,  99.9
 48,   4, 29.68080742, 95.18506013,  99.9
 49,   4, 29.68067604, 95.18275827,  99.9
 50,   4, 29.68051969, 95.18052904,  99.9
 51,   4, 29.68033835, 95.17837199,  99.9
 52,   4, 29.68013198, 95.17628667,  99.9
 53,   4, 29.67990054, 95.17427264,  99.9
 54,   4, 29.67964399, 95.17232948,  99.9
 55,   4, 29.67936227, 95.17045680,  99.9
 56,   4, 29.67905533, 95.16865420,  99.9
 57,   4, 29.67872311, 95.16692131,  99.9
 58,   4, 29.67836555, 95.16525777,  99.9
 59,   4, 29.67798257, 95.16366323,  99.9
 60,   4, 29.67757409, 95.16213737,  99.9
 61,   4, 29.67714003, 95.16067986,  99.9
 62,   4, 29.67668030, 95.15929040,  99.9
 63,   4, 29.67619482, 95.15796870,  99.9
 64,   4, 29.67568347, 95.15671449,  99.9
 65,   4, 29.67514616, 95.15552751,  99.9
 66,   4, 29.67458278, 95.15440751,  99.9
 67,   4, 29.67399321, 95.15335425,  99.9
 68,   4, 29.67337732, 95.15236752,  99.9
 69,   4, 29.67273500, 95.15144711,  99.9
 70,   4, 29.67206611, 95.15059283,  99.9
 71,   4, 29.67137052, 95.14980450,  99.9
 72,   4, 29.67064807, 95.14908195,  99.9
 73,   4, 29.66989862, 95.14842504,  99.9
 74,   4, 29.66912201, 95.14783363,  99.9
 75,   4, 29.66831809, 95.14730759,  99.9
 76,   4, 29.66748669, 95.14684681,  99.9
 77,   4, 29.66662763, 95.14645120,  99.9
 78,   4, 29.66574073, 95.14612066,  99.9
 79,   4, 29.66482583, 95.14585514,  99.9
 80,   4, 29.66388271, 95.14565457,  99.9
 81,   4, 29.66291119, 95.14551892,  99.9
 82,   4, 29.66191106, 95.14544814,  99.9
 83,   4, 29.66088212, 95.14544223,  99.9
 84,   4, 29.65982416, 95.14550118,  99.9
 85,   4, 29.65873694, 95.14562500,  99.9
 86,   4, 29.65762025, 95.14581372,  99.9
 87,   4, 29.65647386, 95.14606737,  99.9
 88,   4, 29.65529751, 95.14638600,  99.9
 89,   4, 29.65409098, 95.14676967,  99.9
 90,   4, 29.65285401, 95.14721847,  99.9
 91,   4, 29.65158633, 95.14773249,  99.9
 92,   4, 29.65028769, 95.14831182,  99.9
 93,   4, 29.64895781, 95.14895658,  99.9
 94,   4, 29.64759642, 95.14966692,  99.9
 95,   4, 29.64620322, 95.15044296,  99.9
 96,   4, 29.64477794, 95.15128487,  99.9
 97,   4, 29.64332027, 95.15219283,  99.9
 98,   4, 29.64182991, 95.15316701,  99.9
 99,   4, 29.64030655, 95.15420761,  99.9
100,   4, 29.63874986, 95.15531485,  99.9
101,   4, 29.63715952, 95.15648896,  99.9
102,   4, 29.63553521, 95.15773016,  99.9
103,   4, 29.63387657, 95.15903873,  99.9
104,   4, 29.63218326, 95.16041492,  99.9
105,   4, 29.63045494, 95.16185902,  99.9
106,   4, 29.62869122, 95.16337132,  99.9
107,   4, 29.62689176, 95.16495213,  99.9
108,   4, 29.62505616, 95.16660177,  99.9
109,   4, 29.62318405, 95.16832059,  99.9
110,   4, 29.62127503, 95.17010894,  99.9
111,   4, 29.61932870, 95.17196717,  99.9
112,   4, 29.61734466, 95.17389568,  99.9
113,   4, 29.61532248, 95.17589486,  99.9
114,   4, 29.61326175, 95.17796511,  99.9
115,   4, 29.61116203, 95.18010686,  99.9
116,   4, 29.60902288, 95.18232055,  99.9
117,   4, 29.60684386, 95.18460664,  99.9
118,   4, 29.60462450, 95.18696558,  99.9
119,   4, 29.60236434, 95.18939787,  99.9
120,   4, 29.60006291, 95.19190401,  99.9
121,   4, 29.59771972, 95.19448449,  99.9
122,   4, 29.59533428, 95.19713987,  99.9
123,   4, 29.59290609, 95.19987067,  99.9
124,   4, 29.59043463, 95.20267746,  99.9
125,   4, 29.58791940, 95.20556082,  99.9
126,   4, 29.58535986, 95.20852133,  99.9
127,   4, 29.58275548, 95.21155960,  99.9
128,   4, 29.58010570, 95.21467625,  99.9
129,   4, 29.57740997, 95.21787192,  99.9
130,   4, 29.57466773, 95.22114727,  99.9
131,   4, 29.57187839, 95.22450296,  99.9
132,   4, 29.56904137, 95.22793969,  99.9
133,   4, 29.56615607, 95.23145815,  99.9
134,   4, 29.56322189, 95.23505907,  99.9
135,   4, 29.56023821, 95.23874318,  99.9
136,   4, 29.55720440, 95.24251123,  99.9
137,   4, 29.55411982, 95.24636401,  99.9
138,   4, 29.55098382, 95.25030229,  99.9
139,   4, 29.54779575, 95.25432689,  99.9
140,   4, 29.54455493, 95.25843862,  99.9
141,   4, 29.54126068, 95.26263832,  99.9
142,   4, 29.53791230, 95.26692686,  99.9
143,   4, 29.53450910, 95.27130511,  99.9
144,   4, 29.53105034, 95.27577397,  99.9
145,   4, 29.52753531, 95.28033435,  99.9
146,   4, 29.52396326, 95.28498718,  99.9
147,   4, 29.52033344, 95.28973341,  99.9
148,   4, 29.51664509, 95.29457401,  99.9
149,   4, 29.51289742, 95.29950998,  99.9
150,   4, 29.50908965, 95.30454231,  99.9
151,   4, 29.50522097, 95.30967204,  99.9
152,   4, 29.50129056, 95.31490021,  99.9
153,   4, 29.49729760, 95.32022789,  99.9
154,   4, 29.49324125, 95.32565617,  99.9
155,   4, 29.48912064, 95.33118615,  99.9
156,   4, 29.48493491, 95.33681896,  99.9
157,   4, 29.48068317, 95.34255576,  99.9
158,   4, 29.47636453, 95.34839770,  99.9
159,   4, 29.47197806, 95.35434599,  99.9
160,   4, 29.46752285, 95.36040182,  99.9
161,   4, 29.46299796, 95.36656645,  99.9
162,   4, 29.45840242, 95.37284112,  99.9
163,   4, 29.45373526, 95.37922710,  99.9
164,   4, 29.44899550, 95.38572571,  99.9
165,   4, 29.44418213, 95.39233826,  99.9
166,   4, 29.43929414, 95.39906610,  99.9
167,   4, 29.43433049, 95.40591059,  99.9
168,   4, 29.42929013, 95.41287313,  99.9
169,   4, 29.42417199, 95.41995514,  99.9
170,   4, 29.41897499, 95.42715805,  99.9
171,   4, 29.41369802, 95.43448333,  99.9
172,   4, 29.40833998, 95.44193246,  99.9
173,   4, 29.40289971, 95.44950696,  99.9
174,   4, 29.39737608, 95.45720836,  99.9
175,   4, 29.39176790, 95.46503823,  99.9
176,   4, 29.38607399, 95.47299816,  99.9
177,   4, 29.38029314, 95.48108977,  99.9
178,   4, 29.37442412, 95.48931468,  99.9
179,   4, 29.36846569, 95.49767457,  99.9
180,   4, 29.36241658, 95.50617113,  99.9
181,   4, 29.35627550, 95.51480609,  99.9
182,   4, 29.35004116, 95.52358119,  99.9
183,   4, 29.34371222, 95.53249821,  99.9
184,   4, 29.33728735, 95.54155895,  99.9
185,   4, 29.33076516, 95.55076525,  99.9
186,   4, 29.32414429, 95.56011896,  99.9
187,   4, 29.31742332, 95.56962198,  99.9
188,   4, 29.31060081, 95.57927623,  99.9
189,   4, 29.30367532, 95.58908365,  99.9
190,   4, 29.29664537, 95.59904623,  99.9
191,   4, 29.28950946, 95.60916598,  99.9
192,   4, 29.28226607, 95.61944494,  99.9
193,   4, 29.27491367, 95.62988517,  99.9
194,   4, 29.26745067, 95.64048879,  99.9
195,   4, 29.25987549, 95.65125793,  99.9
196,   4, 29.25218652, 95.66219476,  99.9
197,   4, 29.24438211, 95.67330149,  99.9
198,   4, 29.23646059, 95.68458033,  99.9
199,   4, 29.22842027, 95.69603357,  99.9
200,   4, 29.22025945, 95.70766351,  99.9
201,   4, 29.21197636, 95.71947248,  99.9
202,   4, 29.20356925, 95.73146285,  99.9
203,   4, 29.19503630, 95.74363703,  99.9
204,   4, 29.18637571, 95.75599747,  99.9
205,   4, 29.17758561, 95.76854663,  99.9
206,   4, 29.16866412, 95.78128704,  99.9
207,   4, 29.15960933, 95.79422125,  99.9
208,   4, 29.15041930, 95.80735184,  99.9
209,   4, 29.14109206, 95.82068145,  99.9
210,   4, 29.13162562, 95.83421274,  99.9
211,   4, 29.12201793, 95.84794842,  99.9
212,   4, 29.11226695, 95.86189122,  99.9
213,   4, 29.10237057, 95.87604393,  99.9
214,   4, 29.09232667, 95.89040938,  99.9
215,   4, 29.08213309, 95.90499043,  99.9
216,   4, 29.07178765, 95.91978999,  99.9
217,   4, 29.06128811, 95.93481099,  99.9
218,   4, 29.05063223, 95.95005645,  99.9
219,   4, 29.03981769, 95.96552938,  99.9
220,   4, 29.02884219, 95.98123286,  99.9
221,   4, 29.01770335, 95.99717001,  99.9
222,   4, 29.00639877, 96.01334400,  99.9
223,   4, 28.99492602, 96.02975804,  99.9
224,   4, 28.98328263, 96.04641537,  99.9
225,   4, 28.97146607, 96.06331931,  99.9
226,   4, 28.95947380, 96.08047319,  99.9
227,   4, 28.94730323, 96.09788041,  99.9
228,   4, 28.93495174, 96.11554442,  99.9
229,   4, 28.92241664, 96.13346870,  99.9
230,   4, 28.90969523, 96.15165679,  99.9
231,   4, 28.89678476, 96.17011228,  99.9
232,   4, 28.88368243, 96.18883880,  99.9
233,   4, 28.87038541, 96.20784005,  99.9
234,   4, 28.85689081, 96.22711977,  99.9
235,   4, 28.84319571, 96.24668175,  99.9
236,   4, 28.82929714, 96.26652982,  99.9
237,   4, 28.81519208, 96.28666789,  99.9
238,   4, 28.80087746, 96.30709992,  99.9
239,   4, 28.78635019, 96.32782989,  99.9
240,   4, 28.77160710, 96.34886188,  99.9
241,   4, 28.75664498, 96.37020000,  99.9
  1,   5, 29.66388569, 95.38865066,  99.9
  2,   5, 29.66489548, 95.38207594,  99.9
  3,   5, 29.66587659, 95.37561513,  99.9
  4,   5, 29.66682926, 95.36926689,  99.9
  5,   5, 29.66775369, 95.36302992,  99.9
  6,   5, 29.66865009, 95.35690292,  99.9
  7,   5, 29.66951867, 95.35088463,  99.9
  8,   5, 29.67035962, 95.34497380,  99.9
  9,   5, 29.67117312, 95.33916921,  99.9
 10,   5, 29.67195937, 95.33346966,  99.9
 11,   5, 29.67271854, 95.32787397,  99.9
 12,   5, 29.67345080, 95.32238098,  99.9
 13,   5, 29.67415631, 95.31698956,  99.9
 14,   5, 29.67483524, 95.31169858,  99.9
 15,   5, 29.67548774, 95.30650696,  99.9
 16,   5, 29.67611395, 95.30141362,  99.9
 17,   5, 29.67671401, 95.29641751,  99.9
 18,   5, 29.67728807, 95.29151760,  99.9
 19,   5, 29.67783625, 95.28671286,   5.9
 20,   5, 29.67835868, 95.28200230,   5.9
 21,   5, 29.67885547, 95.27738495,   6.0
 22,   5, 29.67932674, 95.27285986,   6.0
 23,   5, 29.67977260, 95.26842608,   6.0
 24,   5, 29.68019315, 95.26408270,  99.9
 25,   5, 29.68058847, 95.25982882,  99.9
 26,   5, 29.68095868, 95.25566355,  99.9
 27,   5, 29.68130384, 95.25158604,  99.9
 28,   5, 29.68162404, 95.24759544,  99.9
 29,   5, 29.68191936, 95.24369093,   5.9
 30,   5, 29.68218986, 95.23987168,  99.9
 31,   5, 29.68243560, 95.23613693,  99.9
 32,   5, 29.68265665, 95.23248588,  99.9
 33,   5, 29.68285306, 95.22891778,  99.9
 34,   5, 29.68302488, 95.22543190,  99.9
 35,   5, 29.68317214, 95.22202750,  99.9
 36,   5, 29.68329488, 95.21870390,  99.9
 37,   5, 29.68339315, 95.21546039,   5.7
 38,   5, 29.68346695, 95.21229630,  99.9
 39,   5, 29.68351632, 95.20921098,  99.9
 40,   5, 29.68354126, 95.20620380,  99.9
 41,   5, 29.68354180, 95.20327411,  99.9
 42,   5, 29.68351793, 95.20042132,  99.9
 43,   5, 29.68346966, 95.19764484,  99.9
 44,   5, 29.68339697, 95.19494409,  99.9
 45,   5, 29.68329986, 95.19231851,  99.9
 46,   5, 29.68317832, 95.18976756,  99.9
 47,   5, 29.68303232, 95.18729069,  99.9
 48,   5, 29.68286183, 95.18488742,  99.9
 49,   5, 29.68266683, 95.18255722,  99.9
 50,   5, 29.68244728, 95.18029962,  99.9
 51,   5, 29.68220313, 95.17811416,  99.9
 52,   5, 29.68193434, 95.17600037,  99.9
 53,   5, 29.68164085, 95.17395782,  99.9
 54,   5, 29.68132261, 95.17198608,  99.9
 55,   5, 29.68097956, 95.17008475,  99.9
 56,   5, 29.68061162, 95.16825343,  99.9
 57,   5, 29.68021873, 95.16649174,  99.9
 58,   5, 29.67980080, 95.16479931,  99.9
 59,   5, 29.67935775, 95.16317579,  99.9
 60,   5, 29.67888949, 95.16162084,  99.9
 61,   5, 29.67839592, 95.16013415,  99.9
 62,   5, 29.67787695, 95.15871540,  99.9
 63,   5, 29.67733246, 95.15736429,  99.9
 64,   5, 29.67676236, 95.15608054,  99.9
 65,   5, 29.67616651, 95.15486390,  99.9
 66,   5, 29.67554480, 95.15371410,  99.9
 67,   5, 29.67489710, 95.15263090,  99.9
 68,   5, 29.67422328, 95.15161408,  99.9
 69,   5, 29.67352320, 95.15066342,  99.9
 70,   5, 29.67279671, 95.14977874,  99.9
 71,   5, 29.67204366, 95.14895984,  99.9
 72,   5, 29.67126391, 95.14820654,  99.9
 73,   5, 29.67045728, 95.14751871,  99.9
 74,   5, 29.66962362, 95.14689618,  99.9
 75,   5, 29.66876274, 95.14633883,  99.9
 76,   5, 29.66787447, 95.14584655,  99.9
 77,   5, 29.66695863, 95.14541922,  99.9
 78,   5, 29.66601502, 95.14505676,  99.9
 79,   5, 29.66504346, 95.14475909,  99.9
 80,   5, 29.66404373, 95.14452615,  99.9
 81,   5, 29.66301563, 95.14435789,  99.9
 82,   5, 29.66195895, 95.14425427,  99.9
 83,   5, 29.66087347, 95.14421526,  99.9
 84,   5, 29.65975896, 95.14424086,  99.9
 85,   5, 29.65861518, 95.14433107,  99.9
 86,   5, 29.65744191, 95.14448591,  99.9
 87,   5, 29.65623890, 95.14470541,  99.9
 88,   5, 29.65500589, 95.14498960,  99.9
 89,   5, 29.65374263, 95.14533855,  99.9
 90,   5, 29.65244885, 95.14575233,  99.9
 91,   5, 29.65112429, 95.14623101,  99.9
 92,   5, 29.64976867, 95.14677470,  99.9
 93,   5, 29.64838171, 95.14738351,  99.9
 94,   5, 29.64696312, 95.14805756,  99.9
 95,   5, 29.64551259, 95.14879698,  99.9
 96,   5, 29.64402983, 95.14960193,  99.9
 97,   5, 29.64251453, 95.15047257,  99.9
 98,   5, 29.64096638, 95.15140908,  99.9
 99,   5, 29.63938503, 95.15241164,  99.9
100,   5, 29.63777018, 95.15348048,  99.9
101,   5, 29.63612148, 95.15461579,  99.9
102,   5, 29.63443858, 95.15581781,  99.9
103,   5, 29.63272113, 95.15708680,  99.9
104,   5, 29.63096878, 95.15842300,  99.9
105,   5, 29.62918115, 95.15982670,  99.9
106,   5, 29.62735788, 95.16129817,  99.9
107,   5, 29.62549857, 95.16283772,  99.9
108,   5, 29.62360285, 95.16444567,  99.9
109,   5, 29.62167031, 95.16612234,  99.9
110,   5, 29.61970055, 95.16786808,  99.9
111,   5, 29.61769316, 95.16968325,  99.9
112,   5, 29.61564772, 95.17156821,  99.9
113,   5, 29.61356379, 95.17352335,  99.9
114,   5, 29.61144094, 95.17554907,  99.9
115,   5, 29.60927873, 95.17764579,  99.9
116,   5, 29.60707670, 95.17981394,  99.9
117,   5, 29.60483440, 95.18205395,  99.9
118,   5, 29.60255134, 95.18436630,  99.9
119,   5, 29.60022705, 95.18675144,  99.9
120,   5, 29.59786105, 95.18920988,  99.9
121,   5, 29.59545284, 95.19174212,  99.9
122,   5, 29.59300191, 95.19434866,  99.9
123,   5, 29.59050774, 95.19703005,  99.9
124,   5, 29.58796982, 95.19978684,  99.9
125,   5, 29.58538761, 95.20261959,  99.9
126,   5, 29.58276057, 95.20552887,  99.9
127,   5, 29.58008815, 95.20851530,  99.9
128,   5, 29.57736978, 95.21157947,  99.9
129,   5, 29.57460489, 95.21472201,  99.9
130,   5, 29.57179291, 95.21794357,  99.9
131,   5, 29.56893325, 95.22124481,  99.9
132,   5, 29.56602529, 95.22462640,  99.9
133,   5, 29.56306844, 95.22808903,  99.9
134,   5, 29.56006206, 95.23163342,  99.9
135,   5, 29.55700553, 95.23526028,  99.9
136,   5, 29.55389820, 95.23897037,  99.9
137,   5, 29.55073943, 95.24276443,  99.9
138,   5, 29.54752853, 95.24664325,  99.9
139,   5, 29.54426485, 95.25060761,  99.9
140,   5, 29.54094769, 95.25465833,  99.9
141,   5, 29.53757636, 95.25879624,  99.9
142,   5, 29.53415014, 95.26302218,  99.9
143,   5, 29.53066831, 95.26733702,  99.9
144,   5, 29.52713014, 95.27174163,  99.9
145,   5, 29.52353489, 95.27623692,  99.9
146,   5, 29.51988180, 95.28082381,  99.9
147,   5, 29.51617009, 95.28550322,  99.9
148,   5, 29.51239899, 95.29027613,  99.9
149,   5, 29.50856770, 95.29514349,  99.9
150,   5, 29.50467541, 95.30010631,  99.9
151,   5, 29.50072130, 95.30516560,  99.9
152,   5, 29.49670455, 95.31032239,  99.9
153,   5, 29.49262429, 95.31557773,  99.9
154,   5, 29.48847967, 95.32093270,  99.9
155,   5, 29.48426982, 95.32638838,  99.9
156,   5, 29.47999385, 95.33194589,  99.9
157,   5, 29.47565084, 95.33760636,  99.9
158,   5, 29.47123990, 95.34337095,  99.9
159,   5, 29.46676008, 95.34924083,  99.9
160,   5, 29.46221045, 95.35521719,  99.9
161,   5, 29.45759003, 95.36130125,  99.9
162,   5, 29.45289785, 95.36749425,  99.9
163,   5, 29.44813293, 95.37379745,  99.9
164,   5, 29.44329424, 95.38021214,  99.9
165,   5, 29.43838078, 95.38673961,  99.9
166,   5, 29.43339150, 95.39338120,  99.9
167,   5, 29.42832534, 95.40013826,  99.9
168,   5, 29.42318124, 95.40701216,  99.9
169,   5, 29.41795810, 95.41400429,  99.9
170,   5, 29.41265482, 95.42111608,  99.9
171,   5, 29.40727028, 95.42834898,  99.9
172,   5, 29.40180333, 95.43570444,  99.9
173,   5, 29.39625283, 95.44318396,  99.9
174,   5, 29.39061758, 95.45078907,  99.9
175,   5, 29.38489640, 95.45852130,  99.9
176,   5, 29.37908808, 95.46638222,  99.9
177,   5, 29.37319139, 95.47437343,  99.9
178,   5, 29.36720506, 95.48249654,  99.9
179,   5, 29.36112784, 95.49075320,  99.9
180,   5, 29.35495844, 95.49914508,  99.9
181,   5, 29.34869554, 95.50767388,  99.9
182,   5, 29.34233781, 95.51634133,  99.9
183,   5, 29.33588391, 95.52514918,  99.9
184,   5, 29.32933246, 95.53409922,  99.9
185,   5, 29.32268208, 95.54319324,  99.9
186,   5, 29.31593134, 95.55243309,  99.9
187,   5, 29.30907882, 95.56182064,  99.9
188,   5, 29.30212306, 95.57135778,  99.9
189,   5, 29.29506257, 95.58104643,  99.9
190,   5, 29.28789586, 95.59088855,  99.9
191,   5, 29.28062140, 95.60088613,  99.9
192,   5, 29.27323764, 95.61104118,  99.9
193,   5, 29.26574300, 95.62135575,  99.9
194,   5, 29.25813590, 95.63183191,  99.9
195,   5, 29.25041472, 95.64247178,  99.9
196,   5, 29.24257779, 95.65327749,  99.9
197,   5, 29.23462347, 95.66425122,  99.9
198,   5, 29.22655004, 95.67539517,  99.9
199,   5, 29.21835579, 95.68671159,  99.9
200,   5, 29.21003896, 95.69820275,  99.9
201,   5, 29.20159779, 95.70987095,  99.9
202,   5, 29.19303046, 95.72171854,  99.9
203,   5, 29.18433516, 95.73374790,  99.9
204,   5, 29.17551001, 95.74596142,  99.9
205,   5, 29.16655314, 95.75836157,  99.9
206,   5, 29.15746263, 95.77095083,  99.9
207,   5, 29.14823653, 95.78373171,  99.9
208,   5, 29.13887287, 95.79670677,  99.9
209,   5, 29.12936964, 95.80987861,  99.9
210,   5, 29.11972482, 95.82324985,  99.9
211,   5, 29.10993633, 95.83682318,  99.9
212,   5, 29.10000207, 95.85060130,  99.9
213,   5, 29.08991993, 95.86458695,  99.9
214,   5, 29.07968772, 95.87878293,  99.9
215,   5, 29.06930326, 95.89319206,  99.9
216,   5, 29.05876432, 95.90781722,  99.9
217,   5, 29.04806864, 95.92266131,  99.9
218,   5, 29.03721392, 95.93772729,  99.9
219,   5, 29.02619782, 95.95301816,  99.9
220,   5, 29.01501798, 95.96853694,  99.9
221,   5, 29.00367199, 95.98428672,  99.9
222,   5, 28.99215742, 96.00027062,  99.9
223,   5, 28.98047177, 96.01649182,  99.9
224,   5, 28.96861255, 96.03295352,  99.9
225,   5, 28.95657718, 96.04965899,  99.9
226,   5, 28.94436309, 96.06661153,  99.9
227,   5, 28.93196763, 96.08381449,  99.9
228,   5, 28.91938812, 96.10127126,  99.9
229,   5, 28.90662187, 96.11898531,  99.9
230,   5, 28.89366610, 96.13696011,  99.9
231,   5, 28.88051802, 96.15519921,  99.9
232,   5, 28.86717479, 96.17370621,  99.9
233,   5, 28.85363352, 96.19248475,  99.9
234,   5, 28.83989128, 96.21153851,  99.9
235,   5, 28.82594511, 96.23087124,  99.9
236,   5, 28.81179198, 96.25048674,  99.9
237,   5, 28.79742881, 96.27038886,  99.9
238,   5, 28.78285252, 96.29058149,  99.9
239,   5, 28.76805992, 96.31106859,  99.9
240,   5, 28.75304781, 96.33185416,  99.9
241,   5, 28.73781293, 96.35294228,  99.9
  1,   6, 29.66969249, 95.38976559,  99.9
  2,   6, 29.67060203, 95.38315861,  99.9
  3,   6, 29.67148408, 95.37666578,  99.9
  4,   6, 29.67233884, 95.37028577,  99.9
  5,   6, 29.67316652, 95.36401724,  99.9
  6,   6, 29.67396729, 95.35785892,  99.9
  7,   6, 29.67474133, 95.35180951,  99.9
  8,   6, 29.67548883, 95.34586777,  99.9
  9,   6, 29.67620996, 95.34003248,  99.9
 10,   6, 29.67690487, 95.33430242,  99.9
 11,   6, 29.67757372, 95.32867640,  99.9
 12,   6, 29.67821667, 95.32315327,  99.9
 13,   6, 29.67883387, 95.31773188,  99.9
 14,   6, 29.67942545, 95.31241111,  99.9
 15,   6, 29.67999155, 95.30718985,  99.9
 16,   6, 29.68053230, 95.30206703,  99.9
 17,   6, 29.68104783, 95.29704159,  99.9
 18,   6, 29.68153824, 95.29211248,  99.9
 19,   6, 29.68200366, 95.28727868,  99.9
 20,   6, 29.68244419, 95.28253919,  99.9
 21,   6, 29.68285993, 95.27789304,  99.9
 22,   6, 29.68325098, 95.27333926,  99.9
 23,   6, 29.68361744, 95.26887690,   6.0
 24,   6, 29.68395937, 95.26450504,   6.0
 25,   6, 29.68427688, 95.26022278,  99.9
 26,   6, 29.68457002, 95.25602923,  99.9
 27,   6, 29.68483887, 95.25192352,  99.9
 28,   6, 29.68508350, 95.24790479,   5.9
 29,   6, 29.68530395, 95.24397223,   5.9
 30,   6, 29.68550030, 95.24012500,  99.9
 31,   6, 29.68567258, 95.23636232,  99.9
 32,   6, 29.68582083, 95.23268340,  99.9
 33,   6, 29.68594510, 95.22908749,  99.9
 34,   6, 29.68604542, 95.22557383,  99.9
 35,   6, 29.68612181, 95.22214170,  99.9
 36,   6, 29.68617429, 95.21879038,  99.9
 37,   6, 29.68620290, 95.21551919,   5.8
 38,   6, 29.68620762, 95.21232744,  99.9
 39,   6, 29.68618848, 95.20921447,  99.9
 40,   6, 29.68614547, 95.20617963,  99.9
 41,   6, 29.68607860, 95.20322230,  99.9
 42,   6, 29.68598784, 95.20034187,  99.9
 43,   6, 29.68587319, 95.19753773,  99.9
 44,   6, 29.68573463, 95.19480930,  99.9
 45,   6, 29.68557214, 95.19215602,  99.9
 46,   6, 29.68538568, 95.18957733,  99.9
 47,   6, 29.68517522, 95.18707271,  99.9
 48,   6, 29.68494072, 95.18464162,  99.9
 49,   6, 29.68468213, 95.18228358,  99.9
 50,   6, 29.68439942, 95.17999808,  99.9
 51,   6, 29.68409251, 95.17778465,  99.9
 52,   6, 29.68376135, 95.17564284,  99.9
 53,   6, 29.68340588, 95.17357219,  99.9
 54,   6, 29.68302602, 95.17157228,  99.9
 55,   6, 29.68262171, 95.16964270,  99.9
 56,   6, 29.68219284, 95.16778303,  99.9
 57,   6, 29.68173935, 95.16599290,  99.9
 58,   6, 29.68126114, 95.16427194,  99.9
 59,   6, 29.68075812, 95.16261977,  99.9
 60,   6, 29.68023017, 95.16103607,  99.9
 61,   6, 29.67967720, 95.15952050,  99.9
 62,   6, 29.67909908, 95.15807275,  99.9
 63,   6, 29.67849571, 95.15669251,  99.9
 64,   6, 29.67786696, 95.15537950,  99.9
 65,   6, 29.67721270, 95.15413344,  99.9
 66,   6, 29.67653279, 95.15295408,  99.9
 67,   6, 29.67582710, 95.15184117,  99.9
 68,   6, 29.67509548, 95.15079447,  99.9
 69,   6, 29.67433778, 95.14981377,  99.9
 70,   6, 29.67355385, 95.14889887,  99.9
 71,   6, 29.67274351, 95.14804956,  99.9
 72,   6, 29.67190661, 95.14726568,  99.9
 73,   6, 29.67104298, 95.14654706,  99.9
 74,   6, 29.67015242, 95.14589355,  99.9
 75,   6, 29.66923477, 95.14530502,  99.9
 76,   6, 29.66828982, 95.14478133,  99.9
 77,   6, 29.66731738, 95.14432238,  99.9
 78,   6, 29.66631726, 95.14392807,  99.9
 79,   6, 29.66528924, 95.14359832,  99.9
 80,   6, 29.66423311, 95.14333306,  99.9
 81,   6, 29.66314865, 95.14313222,  99.9
 82,   6, 29.66203563, 95.14299578,  99.9
 83,   6, 29.66089383, 95.14292369,  99.9
 84,   6, 29.65972300, 95.14291594,  99.9
 85,   6, 29.65852291, 95.14297252,  99.9
 86,   6, 29.65729330, 95.14309345,  99.9
 87,   6, 29.65603391, 95.14327875,  99.9
 88,   6, 29.65474449, 95.14352845,  99.9
 89,   6, 29.65342477, 95.14384261,  99.9
 90,   6, 29.65207446, 95.14422127,  99.9
 91,   6, 29.65069330, 95.14466454,  99.9
 92,   6, 29.64928098, 95.14517248,  99.9
 93,   6, 29.64783722, 95.14574520,  99.9
 94,   6, 29.64636172, 95.14638282,  99.9
 95,   6, 29.64485416, 95.14708548,  99.9
 96,   6, 29.64331424, 95.14785330,  99.9
 97,   6, 29.64174162, 95.14868645,  99.9
 98,   6, 29.64013599, 95.14958509,  99.9
 99,   6, 29.63849700, 95.15054942,  99.9
100,   6, 29.63682432, 95.15157962,  99.9
101,   6, 29.63511759, 95.15267591,  99.9
102,   6, 29.63337645, 95.15383850,  99.9
103,   6, 29.63160056, 95.15506765,  99.9
104,   6, 29.62978952, 95.15636359,  99.9
105,   6, 29.62794297, 95.15772660,  99.9
106,   6, 29.62606051, 95.15915694,  99.9
107,   6, 29.62414175, 95.16065493,  99.9
108,   6, 29.62218630, 95.16222085,  99.9
109,   6, 29.62019374, 95.16385503,  99.9
110,   6, 29.61816365, 95.16555780,  99.9
111,   6, 29.61609561, 95.16732952,  99.9
112,   6, 29.61398919, 95.16917055,  99.9
113,   6, 29.61184394, 95.17108126,  99.9
114,   6, 29.60965942, 95.17306204,  99.9
115,   6, 29.60743517, 95.17511329,  99.9
116,   6, 29.60517072, 95.17723545,  99.9
117,   6, 29.60286559, 95.17942894,  99.9
118,   6, 29.60051931, 95.18169421,  99.9
119,   6, 29.59813138, 95.18403173,  99.9
120,   6, 29.59570130, 95.18644197,  99.9
121,   6, 29.59322857, 95.18892543,  99.9
122,   6, 29.59071265, 95.19148261,  99.9
123,   6, 29.58815303, 95.19411404,  99.9
124,   6, 29.58554917, 95.19682026,  99.9
125,   6, 29.58290052, 95.19960182,  99.9
126,   6, 29.58020652, 95.20245929,  99.9
127,   6, 29.57746661, 95.20539325,  99.9
128,   6, 29.57468022, 95.20840431,  99.9
129,   6, 29.57184676, 95.21149309,  99.9
130,   6, 29.56896563, 95.21466020,  99.9
131,   6, 29.56603623, 95.21790631,  99.9
132,   6, 29.56305794, 95.22123207,  99.9
133,   6, 29.56003014, 95.22463817,  99.9
134,   6, 29.55695219, 95.22812530,  99.9
135,   6, 29.55382345, 95.23169418,  99.9
136,   6, 29.55064325, 95.23534553,  99.9
137,   6, 29.54741093, 95.23908010,  99.9
138,   6, 29.54412581, 95.24289866,  99.9
139,   6, 29.54078720, 95.24680198,  99.9
140,   6, 29.53739439, 95.25079087,  99.9
141,   6, 29.53394667, 95.25486613,  99.9
142,   6, 29.53044332, 95.25902861,  99.9
143,   6, 29.52688360, 95.26327915,  99.9
144,   6, 29.52326675, 95.26761862,  99.9
145,   6, 29.51959203, 95.27204790,  99.9
146,   6, 29.51585864, 95.27656790,  99.9
147,   6, 29.51206582, 95.28117955,  99.9
148,   6, 29.50821276, 95.28588378,  99.9
149,   6, 29.50429864, 95.29068155,  99.9
150,   6, 29.50032264, 95.29557385,  99.9
151,   6, 29.49628393, 95.30056167,  99.9
152,   6, 29.49218166, 95.30564602,  99.9
153,   6, 29.48801495, 95.31082795,  99.9
154,   6, 29.48378293, 95.31610852,  99.9
155,   6, 29.47948471, 95.32148879,  99.9
156,   6, 29.47511938, 95.32696986,  99.9
157,   6, 29.47068602, 95.33255286,  99.9
158,   6, 29.46618369, 95.33823891,  99.9
159,   6, 29.46161145, 95.34402918,  99.9
160,   6, 29.45696833, 95.34992485,  99.9
161,   6, 29.45225335, 95.35592711,  99.9
162,   6, 29.44746551, 95.36203719,  99.9
163,   6, 29.44260381, 95.36825632,  99.9
164,   6, 29.43766720, 95.37458578,  99.9
165,   6, 29.43265466, 95.38102686,  99.9
166,   6, 29.42756513, 95.38758085,  99.9
167,   6, 29.42239752, 95.39424910,  99.9
168,   6, 29.41715074, 95.40103295,  99.9
169,   6, 29.41182369, 95.40793379,  99.9
170,   6, 29.40641524, 95.41495302,  99.9
171,   6, 29.40092423, 95.42209206,  99.9
172,   6, 29.39534953, 95.42935236,  99.9
173,   6, 29.38968993, 95.43673539,  99.9
174,   6, 29.38394425, 95.44424266,  99.9
175,   6, 29.37811126, 95.45187568,  99.9
176,   6, 29.37218973, 95.45963600,  99.9
177,   6, 29.36617841, 95.46752519,  99.9
178,   6, 29.36007603, 95.47554485,  99.9
179,   6, 29.35388128, 95.48369661,  99.9
180,   6, 29.34759286, 95.49198211,  99.9
181,   6, 29.34120943, 95.50040303,  99.9
182,   6, 29.33472965, 95.50896108,  99.9
183,   6, 29.32815212, 95.51765798,  99.9
184,   6, 29.32147546, 95.52649549,  99.9
185,   6, 29.31469826, 95.53547541,  99.9
186,   6, 29.30781906, 95.54459953,  99.9
187,   6, 29.30083642, 95.55386971,  99.9
188,   6, 29.29374884, 95.56328781,  99.9
189,   6, 29.28655482, 95.57285574,  99.9
190,   6, 29.27925283, 95.58257543,  99.9
191,   6, 29.27184133, 95.59244882,  99.9
192,   6, 29.26431872, 95.60247792,  99.9
193,   6, 29.25668342, 95.61266474,  99.9
194,   6, 29.24893380, 95.62301134,  99.9
195,   6, 29.24106820, 95.63351978,  99.9
196,   6, 29.23308496, 95.64419220,  99.9
197,   6, 29.22498236, 95.65503073,  99.9
198,   6, 29.21675870, 95.66603756,  99.9
199,   6, 29.20841221, 95.67721488,  99.9
200,   6, 29.19994111, 95.68856495,  99.9
201,   6, 29.19134360, 95.70009005,  99.9
202,   6, 29.18261784, 95.71179248,  99.9
203,   6, 29.17376197, 95.72367459,  99.9
204,   6, 29.16477411, 95.73573876,  99.9
205,   6, 29.15565232, 95.74798741,  99.9
206,   6, 29.14639467, 95.76042299,  99.9
207,   6, 29.13699918, 95.77304799,  99.9
208,   6, 29.12746383, 95.78586492,  99.9
209,   6, 29.11778659, 95.79887636,  99.9
210,   6, 29.10796538, 95.81208489,  99.9
211,   6, 29.09799811, 95.82549316,  99.9
212,   6, 29.08788265, 95.83910384,  99.9
213,   6, 29.07761682, 95.85291965,  99.9
214,   6, 29.06719843, 95.86694333,  99.9
215,   6, 29.05662524, 95.88117768,  99.9
216,   6, 29.04589499, 95.89562553,  99.9
217,   6, 29.03500538, 95.91028975,  99.9
218,   6, 29.02395407, 95.92517326,  99.9
219,   6, 29.01273868, 95.94027902,  99.9
220,   6, 29.00135682, 95.95561002,  99.9
221,   6, 28.98980604, 95.97116930,  99.9
222,   6, 28.97808385, 95.98695995,  99.9
223,   6, 28.96618773, 96.00298510,  99.9
224,   6, 28.95411513, 96.01924791,  99.9
225,   6, 28.94186346, 96.03575161,  99.9
226,   6, 28.92943006, 96.05249945,  99.9
227,   6, 28.91681227, 96.06949475,  99.9
228,   6, 28.90400736, 96.08674085,  99.9
229,   6, 28.89101259, 96.10424116,  99.9
230,   6, 28.87782514, 96.12199914,  99.9
231,   6, 28.86444217, 96.14001827,  99.9
232,   6, 28.85086079, 96.15830209,  99.9
233,   6, 28.83707808, 96.17685422,  99.9
234,   6, 28.82309105, 96.19567828,  99.9
235,   6, 28.80889669, 96.21477798,  99.9
236,   6, 28.79449192, 96.23415706,  99.9
237,   6, 28.77987363, 96.25381932,  99.9
238,   6, 28.76503866, 96.27376860,  99.9
239,   6, 28.74998379, 96.29400881,  99.9
240,   6, 28.73470577, 96.31454391,  99.9
241,   6, 28.71920127, 96.33537791,  99.9
  1,   7, 29.67552662, 95.39076500,  99.9
  2,   7, 29.67633572, 95.38412713,  99.9
  3,   7, 29.67711852, 95.37760363,  99.9
  4,   7, 29.67787521, 95.37119315,  99.9
  5,   7, 29.67860595, 95.36489437,  99.9
  6,   7, 29.67931091, 95.35870599,  99.9
  7,   7, 29.67999026, 95.35262672,  99.9
  8,   7, 29.68064415, 95.34665531,  99.9
  9,   7, 29.68127274, 95.34079052,  99.9
 10,   7, 29.68187616, 95.33503113,  99.9
 11,   7, 29.68245456, 95.32937596,  99.9
 12,   7, 29.68300807, 95.32382383,  99.9
 13,   7, 29.68353682, 95.31837360,  99.9
 14,   7, 29.68404092, 95.31302413,  99.9
 15,   7, 29.68452051, 95.30777431,  99.9
 16,   7, 29.68497568, 95.30262307,  99.9
 17,   7, 29.68540655, 95.29756933,  99.9
 18,   7, 29.68581322, 95.29261205,  99.9
 19,   7, 29.68619577, 95.28775019,  99.9
 20,   7, 29.68655431, 95.28298276,  99.9
 21,   7, 29.68688892, 95.27830876,  99.9
 22,   7, 29.68719966, 95.27372723,  99.9
 23,   7, 29.68748663, 95.26923722,  99.9
 24,   7, 29.68774989, 95.26483779,   6.0
 25,   7, 29.68798950, 95.26052804,  99.9
 26,   7, 29.68820552, 95.25630707,   6.0
 27,   7, 29.68839800, 95.25217401,   6.0
 28,   7, 29.68856700, 95.24812799,   5.9
 29,   7, 29.68871255, 95.24416819,  99.9
 30,   7, 29.68883470, 95.24029378,  99.9
 31,   7, 29.68893347, 95.23650395,  99.9
 32,   7, 29.68900889, 95.23279793,  99.9
 33,   7, 29.68906099, 95.22917494,  99.9
 34,   7, 29.68908979, 95.22563424,  99.9
 35,   7, 29.68909529, 95.22217508,  99.9
 36,   7, 29.68907751, 95.21879675,   5.9
 37,   7, 29.68903644, 95.21549855,   5.9
 38,   7, 29.68897209, 95.21227979,  99.9
 39,   7, 29.68888444, 95.20913982,  99.9
 40,   7, 29.68877348, 95.20607796,  99.9
 41,   7, 29.68863921, 95.20309360,  99.9
 42,   7, 29.68848158, 95.20018612,  99.9
 43,   7, 29.68830058, 95.19735490,  99.9
 44,   7, 29.68809618, 95.19459936,  99.9
 45,   7, 29.68786832, 95.19191893,  99.9
 46,   7, 29.68761698, 95.18931305,  99.9
 47,   7, 29.68734211, 95.18678118,  99.9
 48,   7, 29.68704364, 95.18432280,  99.9
 49,   7, 29.68672153, 95.18193739,  99.9
 50,   7, 29.68637570, 95.17962446,  99.9
 51,   7, 29.68600610, 95.17738353,  99.9
 52,   7, 29.68561265, 95.17521414,  99.9
 53,   7, 29.68519526, 95.17311583,  99.9
 54,   7, 29.68475386, 95.17108816,  99.9
 55,   7, 29.68428836, 95.16913072,  99.9
 56,   7, 29.68379867, 95.16724310,  99.9
 57,   7, 29.68328467, 95.16542491,  99.9
 58,   7, 29.68274628, 95.16367576,  99.9
 59,   7, 29.68218338, 95.16199530,  99.9
 60,   7, 29.68159586, 95.16038317,  99.9
 61,   7, 29.68098359, 95.15883904,  99.9
 62,   7, 29.68034646, 95.15736259,  99.9
 63,   7, 29.67968433, 95.15595351,  99.9
 64,   7, 29.67899706, 95.15461150,  99.9
 65,   7, 29.67828452, 95.15333630,  99.9
 66,   7, 29.67754655, 95.15212762,  99.9
 67,   7, 29.67678302, 95.15098522,  99.9
 68,   7, 29.67599375, 95.14990887,  99.9
 69,   7, 29.67517859, 95.14889833,  99.9
 70,   7, 29.67433737, 95.14795339,  99.9
 71,   7, 29.67346991, 95.14707387,  99.9
 72,   7, 29.67257604, 95.14625956,  99.9
 73,   7, 29.67165557, 95.14551031,  99.9
 74,   7, 29.67070832, 95.14482596,  99.9
 75,   7, 29.66973407, 95.14420636,  99.9
 76,   7, 29.66873264, 95.14365138,  99.9
 77,   7, 29.66770381, 95.14316090,  99.9
 78,   7, 29.66664738, 95.14273483,  99.9
 79,   7, 29.66556312, 95.14237306,  99.9
 80,   7, 29.66445080, 95.14207553,  99.9
 81,   7, 29.66331020, 95.14184218,  99.9
 82,   7, 29.66214108, 95.14167294,  99.9
 83,   7, 29.66094320, 95.14156778,  99.9
 84,   7, 29.65971630, 95.14152668,  99.9
 85,   7, 29.65846014, 95.14154963,  99.9
 86,   7, 29.65717444, 95.14163663,  99.9
 87,   7, 29.65585895, 95.14178769,  99.9
 88,   7, 29.65451338, 95.14200285,  99.9
 89,   7, 29.65313747, 95.14228215,  99.9
 90,   7, 29.65173091, 95.14262563,  99.9
 91,   7, 29.65029343, 95.14303338,  99.9
 92,   7, 29.64882471, 95.14350547,  99.9
 93,   7, 29.64732446, 95.14404199,  99.9
 94,   7, 29.64579235, 95.14464306,  99.9
 95,   7, 29.64422807, 95.14530880,  99.9
 96,   7, 29.64263130, 95.14603934,  99.9
 97,   7, 29.64100169, 95.14683483,  99.9
 98,   7, 29.63933892, 95.14769543,  99.9
 99,   7, 29.63764262, 95.14862132,  99.9
100,   7, 29.63591246, 95.14961268,  99.9
101,   7, 29.63414806, 95.15066972,  99.9
102,   7, 29.63234906, 95.15179265,  99.9
103,   7, 29.63051507, 95.15298170,  99.9
104,   7, 29.62864573, 95.15423712,  99.9
105,   7, 29.62674063, 95.15555916,  99.9
106,   7, 29.62479938, 95.15694809,  99.9
107,   7, 29.62282158, 95.15840419,  99.9
108,   7, 29.62080680, 95.15992776,  99.9
109,   7, 29.61875463, 95.16151912,  99.9
110,   7, 29.61666463, 95.16317859,  99.9
111,   7, 29.61453638, 95.16490650,  99.9
112,   7, 29.61236942, 95.16670321,  99.9
113,   7, 29.61016330, 95.16856909,  99.9
114,   7, 29.60791755, 95.17050453,  99.9
115,   7, 29.60563172, 95.17250990,  99.9
116,   7, 29.60330531, 95.17458564,  99.9
117,   7, 29.60093785, 95.17673215,  99.9
118,   7, 29.59852883, 95.17894988,  99.9
119,   7, 29.59607776, 95.18123929,  99.9
120,   7, 29.59358410, 95.18360084,  99.9
121,   7, 29.59104736, 95.18603501,  99.9
122,   7, 29.58846698, 95.18854231,  99.9
123,   7, 29.58584244, 95.19112324,  99.9
124,   7, 29.58317318, 95.19377834,  99.9
125,   7, 29.58045863, 95.19650814,  99.9
126,   7, 29.57769824, 95.19931321,  99.9
127,   7, 29.57489142, 95.20219412,  99.9
128,   7, 29.57203758, 95.20515145,  99.9
129,   7, 29.56913613, 95.20818582,  99.9
130,   7, 29.56618645, 95.21129784,  99.9
131,   7, 29.56318792, 95.21448815,  99.9
132,   7, 29.56013992, 95.21775741,  99.9
133,   7, 29.55704180, 95.22110628,  99.9
134,   7, 29.55389292, 95.22453544,  99.9
135,   7, 29.55069262, 95.22804560,  99.9
136,   7, 29.54744021, 95.23163747,  99.9
137,   7, 29.54413502, 95.23531179,  99.9
138,   7, 29.54077635, 95.23906931,  99.9
139,   7, 29.53736350, 95.24291079,  99.9
140,   7, 29.53389575, 95.24683703,  99.9
141,   7, 29.53037236, 95.25084882,  99.9
142,   7, 29.52679261, 95.25494698,  99.9
143,   7, 29.52315573, 95.25913235,  99.9
144,   7, 29.51946096, 95.26340579,  99.9
145,   7, 29.51570752, 95.26776816,  99.9
146,   7, 29.51189463, 95.27222036,  99.9
147,   7, 29.50802148, 95.27676329,  99.9
148,   7, 29.50408725, 95.28139789,  99.9
149,   7, 29.50009112, 95.28612509,  99.9
150,   7, 29.49603224, 95.29094587,  99.9
151,   7, 29.49190977, 95.29586120,  99.9
152,   7, 29.48772282, 95.30087208,  99.9
153,   7, 29.48347053, 95.30597955,  99.9
154,   7, 29.47915199, 95.31118463,  99.9
155,   7, 29.47476629, 95.31648839,  99.9
156,   7, 29.47031251, 95.32189192,  99.9
157,   7, 29.46578972, 95.32739630,  99.9
158,   7, 29.46119694, 95.33300266,  99.9
159,   7, 29.45653323, 95.33871215,  99.9
160,   7, 29.45179759, 95.34452592,  99.9
161,   7, 29.44698902, 95.35044516,  99.9
162,   7, 29.44210652, 95.35647107,  99.9
163,   7, 29.43714904, 95.36260487,  99.9
164,   7, 29.43211554, 95.36884782,  99.9
165,   7, 29.42700497, 95.37520118,  99.9
166,   7, 29.42181623, 95.38166625,  99.9
167,   7, 29.41654824, 95.38824433,  99.9
168,   7, 29.41119988, 95.39493676,  99.9
169,   7, 29.40577002, 95.40174491,  99.9
170,   7, 29.40025752, 95.40867015,  99.9
171,   7, 29.39466120, 95.41571388,  99.9
172,   7, 29.38897988, 95.42287755,  99.9
173,   7, 29.38321237, 95.43016260,  99.9
174,   7, 29.37735744, 95.43757050,  99.9
175,   7, 29.37141385, 95.44510276,  99.9
176,   7, 29.36538035, 95.45276090,  99.9
177,   7, 29.35925566, 95.46054648,  99.9
178,   7, 29.35303848, 95.46846107,  99.9
179,   7, 29.34672749, 95.47650627,  99.9
180,   7, 29.34032136, 95.48468372,  99.9
181,   7, 29.33381873, 95.49299506,  99.9
182,   7, 29.32721822, 95.50144197,  99.9
183,   7, 29.32051844, 95.51002617,  99.9
184,   7, 29.31371796, 95.51874938,  99.9
185,   7, 29.30681533, 95.52761337,  99.9
186,   7, 29.29980910, 95.53661992,  99.9
187,   7, 29.29269778, 95.54577086,  99.9
188,   7, 29.28547986, 95.55506803,  99.9
189,   7, 29.27815381, 95.56451331,  99.9
190,   7, 29.27071806, 95.57410859,  99.9
191,   7, 29.26317105, 95.58385581,  99.9
192,   7, 29.25551116, 95.59375694,  99.9
193,   7, 29.24773677, 95.60381396,  99.9
194,   7, 29.23984623, 95.61402891,  99.9
195,   7, 29.23183785, 95.62440383,  99.9
196,   7, 29.22370994, 95.63494081,  99.9
197,   7, 29.21546077, 95.64564196,  99.9
198,   7, 29.20708857, 95.65650944,  99.9
199,   7, 29.19859157, 95.66754543,  99.9
200,   7, 29.18996795, 95.67875214,  99.9
201,   7, 29.18121589, 95.69013181,  99.9
202,   7, 29.17233351, 95.70168674,  99.9
203,   7, 29.16331891, 95.71341923,  99.9
204,   7, 29.15417019, 95.72533163,  99.9
205,   7, 29.14488539, 95.73742633,  99.9
206,   7, 29.13546251, 95.74970575,  99.9
207,   7, 29.12589957, 95.76217233,  99.9
208,   7, 29.11619450, 95.77482858,  99.9
209,   7, 29.10634525, 95.78767702,  99.9
210,   7, 29.09634970, 95.80072020,  99.9
211,   7, 29.08620572, 95.81396074,  99.9
212,   7, 29.07591114, 95.82740128,  99.9
213,   7, 29.06546375, 95.84104448,  99.9
214,   7, 29.05486133, 95.85489307,  99.9
215,   7, 29.04410160, 95.86894980,  99.9
216,   7, 29.03318227, 95.88321747,  99.9
217,   7, 29.02210098, 95.89769891,  99.9
218,   7, 29.01085537, 95.91239700,  99.9
219,   7, 28.99944302, 95.92731465,  99.9
220,   7, 28.98786150, 95.94245483,  99.9
221,   7, 28.97610831, 95.95782053,  99.9
222,   7, 28.96418093, 95.97341480,  99.9
223,   7, 28.95207680, 95.98924072,  99.9
224,   7, 28.93979333, 96.00530142,  99.9
225,   7, 28.92732787, 96.02160009,  99.9
226,   7, 28.91467774, 96.03813992,  99.9
227,   7, 28.90184023, 96.05492420,  99.9
228,   7, 28.88881257, 96.07195624,  99.9
229,   7, 28.87559196, 96.08923937,   0.6
230,   7, 28.86217556, 96.10677702,   0.3
231,   7, 28.84856047, 96.12457263,   0.0
232,   7, 28.83474376, 96.14262969,   0.2
233,   7, 28.82072245, 96.16095176,   0.1
234,   7, 28.80649352, 96.17954243,  99.9
235,   7, 28.79205390, 96.19840535,  99.9
236,   7, 28.77740047, 96.21754421,  99.9
237,   7, 28.76253008, 96.23696276,  99.9
238,   7, 28.74743949, 96.25666479,  99.9
239,   7, 28.73212546, 96.27665416,  99.9
240,   7, 28.71658468, 96.29693478,  99.9
241,   7, 28.70081377, 96.31751059,  99.9
  1,   8, 29.68138689, 95.39164867,  99.9
  2,   8, 29.68209537, 95.38498128,  99.9
  3,   8, 29.68277876, 95.37842845,  99.9
  4,   8, 29.68343720, 95.37198884,  99.9
  5,   8, 29.68407085, 95.36566111,  99.9
  6,   8, 29.68467986, 95.35944395,  99.9
  7,   8, 29.68526437, 95.35333608,  99.9
  8,   8, 29.68582451, 95.34733623,  99.9
  9,   8, 29.68636042, 95.34144315,  99.9
 10,   8, 29.68687223, 95.33565563,  99.9
 11,   8, 29.68736004, 95.32997248,  99.9
 12,   8, 29.68782399, 95.32439250,  99.9
 13,   8, 29.68826417, 95.31891455,  99.9
 14,   8, 29.68868070, 95.31353749,  99.9
 15,   8, 29.68907367, 95.30826021,  99.9
 16,   8, 29.68944317, 95.30308161,  99.9
 17,   8, 29.68978929, 95.29800062,  99.9
 18,   8, 29.69011212, 95.29301619,  99.9
 19,   8, 29.69041173, 95.28812729,  99.9
 20,   8, 29.69068820, 95.28333290,  99.9
 21,   8, 29.69094159, 95.27863202,  99.9
 22,   8, 29.69117197, 95.27402369,  99.9
 23,   8, 29.69137939, 95.26950696,  99.9
 24,   8, 29.69156391, 95.26508087,   6.0
 25,   8, 29.69172557, 95.26074452,   6.0
 26,   8, 29.69186442, 95.25649700,   6.0
 27,   8, 29.69198049, 95.25233745,  99.9
 28,   8, 29.69207382, 95.24826498,  99.9
 29,   8, 29.69214443, 95.24427876,  99.9
 30,   8, 29.69219235, 95.24037797,  99.9
 31,   8, 29.69221759, 95.23656179,  99.9
 32,   8, 29.69222017, 95.23282943,  99.9
 33,   8, 29.69220009, 95.22918012,  99.9
 34,   8, 29.69215736, 95.22561310,  99.9
 35,   8, 29.69209197, 95.22212763,  99.9
 36,   8, 29.69200392, 95.21872299,   5.9
 37,   8, 29.69189319, 95.21539846,   6.0
 38,   8, 29.69175976, 95.21215337,  99.9
 39,   8, 29.69160363, 95.20898704,  99.9
 40,   8, 29.69142475, 95.20589881,  99.9
 41,   8, 29.69122310, 95.20288804,  99.9
 42,   8, 29.69099863, 95.19995410,  99.9
 43,   8, 29.69075132, 95.19709639,  99.9
 44,   8, 29.69048111, 95.19431431,  99.9
 45,   8, 29.69018794, 95.19160729,  99.9
 46,   8, 29.68987177, 95.18897475,  99.9
 47,   8, 29.68953254, 95.18641617,  99.9
 48,   8, 29.68917016, 95.18393100,  99.9
 49,   8, 29.68878459, 95.18151873,  99.9
 50,   8, 29.68837573, 95.17917885,  99.9
 51,   8, 29.68794351, 95.17691089,  99.9
 52,   8, 29.68748784, 95.17471436,  99.9
 53,   8, 29.68700862, 95.17258882,  99.9
 54,   8, 29.68650577, 95.17053382,  99.9
 55,   8, 29.68597919, 95.16854893,  99.9
 56,   8, 29.68542875, 95.16663375,  99.9
 57,   8, 29.68485437, 95.16478787,  99.9
 58,   8, 29.68425590, 95.16301091,  99.9
 59,   8, 29.68363325, 95.16130249,  99.9
 60,   8, 29.68298627, 95.15966227,  99.9
 61,   8, 29.68231484, 95.15808991,  99.9
 62,   8, 29.68161881, 95.15658506,  99.9
 63,   8, 29.68089805, 95.15514743,  99.9
 64,   8, 29.68015241, 95.15377671,  99.9
 65,   8, 29.67938174, 95.15247262,  99.9
 66,   8, 29.67858587, 95.15123488,  99.9
 67,   8, 29.67776465, 95.15006324,  99.9
 68,   8, 29.67691790, 95.14895745,  99.9
 69,   8, 29.67604545, 95.14791728,  99.9
 70,   8, 29.67514711, 95.14694252,  99.9
 71,   8, 29.67422271, 95.14603295,  99.9
 72,   8, 29.67327206, 95.14518839,  99.9
 73,   8, 29.67229495, 95.14440867,  99.9
 74,   8, 29.67129118, 95.14369361,  99.9
 75,   8, 29.67026055, 95.14304308,  99.9
 76,   8, 29.66920284, 95.14245692,  99.9
 77,   8, 29.66811784, 95.14193502,  99.9
 78,   8, 29.66700531, 95.14147727,  99.9
 79,   8, 29.66586503, 95.14108357,  99.9
 80,   8, 29.66469677, 95.14075384,  99.9
 81,   8, 29.66350026, 95.14048801,  99.9
 82,   8, 29.66227528, 95.14028601,  99.9
 83,   8, 29.66102157, 95.14014781,  99.9
 84,   8, 29.65973885, 95.14007338,  99.9
 85,   8, 29.65842688, 95.14006269,  99.9
 86,   8, 29.65708536, 95.14011574,  99.9
 87,   8, 29.65571404, 95.14023254,  99.9
 88,   8, 29.65431261, 95.14041312,  99.9
 89,   8, 29.65288079, 95.14065750,  99.9
 90,   8, 29.65141828, 95.14096573,  99.9
 91,   8, 29.64992477, 95.14133789,  99.9
 92,   8, 29.64839995, 95.14177403,  99.9
 93,   8, 29.64684351, 95.14227424,  99.9
 94,   8, 29.64525512, 95.14283864,  99.9
 95,   8, 29.64363445, 95.14346733,  99.9
 96,   8, 29.64198116, 95.14416044,  99.9
 97,   8, 29.64029490, 95.14491810,  99.9
 98,   8, 29.63857533, 95.14574048,  99.9
 99,   8, 29.63682208, 95.14662774,  99.9
100,   8, 29.63503479, 95.14758007,  99.9
101,   8, 29.63321309, 95.14859764,  99.9
102,   8, 29.63135659, 95.14968068,  99.9
103,   8, 29.62946491, 95.15082940,  99.9
104,   8, 29.62753764, 95.15204403,  99.9
105,   8, 29.62557440, 95.15332483,  99.9
106,   8, 29.62357476, 95.15467206,  99.9
107,   8, 29.62153831, 95.15608599,  99.9
108,   8, 29.61946463, 95.15756690,  99.9
109,   8, 29.61735327, 95.15911511,  99.9
110,   8, 29.61520380, 95.16073092,  99.9
111,   8, 29.61301577, 95.16241468,  99.9
112,   8, 29.61078872, 95.16416671,  99.9
113,   8, 29.60852219, 95.16598739,  99.9
114,   8, 29.60621569, 95.16787707,  99.9
115,   8, 29.60386875, 95.16983616,  99.9
116,   8, 29.60148088, 95.17186504,  99.9
117,   8, 29.59905157, 95.17396414,  99.9
118,   8, 29.59658031, 95.17613389,  99.9
119,   8, 29.59406660, 95.17837471,  99.9
120,   8, 29.59150989, 95.18068709,  99.9
121,   8, 29.58890966, 95.18307148,  99.9
122,   8, 29.58626537, 95.18552838,  99.9
123,   8, 29.58357644, 95.18805828,  99.9
124,   8, 29.58084233, 95.19066171,  99.9
125,   8, 29.57806246, 95.19333920,  99.9
126,   8, 29.57523625, 95.19609129,  99.9
127,   8, 29.57236310, 95.19891855,  99.9
128,   8, 29.56944240, 95.20182156,  99.9
129,   8, 29.56647356, 95.20480090,  99.9
130,   8, 29.56345594, 95.20785720,  99.9
131,   8, 29.56038892, 95.21099106,  99.9
132,   8, 29.55727184, 95.21420314,  99.9
133,   8, 29.55410405, 95.21749409,  99.9
134,   8, 29.55088489, 95.22086458,  99.9
135,   8, 29.54761368, 95.22431530,  99.9
136,   8, 29.54428974, 95.22784696,  99.9
137,   8, 29.54091237, 95.23146028,  99.9
138,   8, 29.53748085, 95.23515599,  99.9
139,   8, 29.53399447, 95.23893485,  99.9
140,   8, 29.53045249, 95.24279764,  99.9
141,   8, 29.52685418, 95.24674513,  99.9
142,   8, 29.52319876, 95.25077814,  99.9
143,   8, 29.51948548, 95.25489750,  99.9
144,   8, 29.51571355, 95.25910403,  99.9
145,   8, 29.51188218, 95.26339860,  99.9
146,   8, 29.50799057, 95.26778208,  99.9
147,   8, 29.50403789, 95.27225538,  99.9
148,   8, 29.50002332, 95.27681940,  99.9
149,   8, 29.49594600, 95.28147506,  99.9
150,   8, 29.49180509, 95.28622333,  99.9
151,   8, 29.48759971, 95.29106517,  99.9
152,   8, 29.48332897, 95.29600157,  99.9
153,   8, 29.47899197, 95.30103353,  99.9
154,   8, 29.47458780, 95.30616207,  99.9
155,   8, 29.47011554, 95.31138824,  99.9
156,   8, 29.46557424, 95.31671311,  99.9
157,   8, 29.46096294, 95.32213776,  99.9
158,   8, 29.45628068, 95.32766329,  99.9
159,   8, 29.45152646, 95.33329083,  99.9
160,   8, 29.44669928, 95.33902153,  99.9
161,   8, 29.44179813, 95.34485654,  99.9
162,   8, 29.43682197, 95.35079705,  99.9
163,   8, 29.43176975, 95.35684428,  99.9
164,   8, 29.42664040, 95.36299945,  99.9
165,   8, 29.42143285, 95.36926381,  99.9
166,   8, 29.41614600, 95.37563863,  99.9
167,   8, 29.41077872, 95.38212521,  99.9
168,   8, 29.40532988, 95.38872486,  99.9
169,   8, 29.39979834, 95.39543893,  99.9
170,   8, 29.39418293, 95.40226878,  99.9
171,   8, 29.38848245, 95.40921579,  99.9
172,   8, 29.38269571, 95.41628136,  99.9
173,   8, 29.37682148, 95.42346694,  99.9
174,   8, 29.37085852, 95.43077398,  99.9
175,   8, 29.36480557, 95.43820396,  99.9
176,   8, 29.35866134, 95.44575838,  99.9
177,   8, 29.35242454, 95.45343877,  99.9
178,   8, 29.34609386, 95.46124669,  99.9
179,   8, 29.33966794, 95.46918371,  99.9
180,   8, 29.33314543, 95.47725144,  99.9
181,   8, 29.32652495, 95.48545152,  99.9
182,   8, 29.31980509, 95.49378559,  99.9
183,   8, 29.31298443, 95.50225534,  99.9
184,   8, 29.30606153, 95.51086249,  99.9
185,   8, 29.29903493, 95.51960876,  99.9
186,   8, 29.29190312, 95.52849593,  99.9
187,   8, 29.28466460, 95.53752579,  99.9
188,   8, 29.27731783, 95.54670015,  99.9
189,   8, 29.26986125, 95.55602087,  99.9
190,   8, 29.26229329, 95.56548982,  99.9
191,   8, 29.25461233, 95.57510891,  99.9
192,   8, 29.24681675, 95.58488007,  99.9
193,   8, 29.23890489, 95.59480527,  99.9
194,   8, 29.23087506, 95.60488651,  99.9
195,   8, 29.22272557, 95.61512582,  99.9
196,   8, 29.21445467, 95.62552524,  99.9
197,   8, 29.20606062, 95.63608687,  99.9
198,   8, 29.19754163, 95.64681282,  99.9
199,   8, 29.18889588, 95.65770526,  99.9
200,   8, 29.18012153, 95.66876636,  99.9
201,   8, 29.17121673, 95.67999834,  99.9
202,   8, 29.16217956, 95.69140344,  99.9
203,   8, 29.15300811, 95.70298396,  99.9
204,   8, 29.14370043, 95.71474221,  99.9
205,   8, 29.13425452, 95.72668054,  99.9
206,   8, 29.12466838, 95.73880134,  99.9
207,   8, 29.11493996, 95.75110703,  99.9
208,   8, 29.10506720, 95.76360006,  99.9
209,   8, 29.09504797, 95.77628293,  99.9
210,   8, 29.08488014, 95.78915816,  99.9
211,   8, 29.07456155, 95.80222834,  99.9
212,   8, 29.06408998, 95.81549604,  99.9
213,   8, 29.05346320, 95.82896393,  99.9
214,   8, 29.04267895, 95.84263467,  99.9
215,   8, 29.03173491, 95.85651099,  99.9
216,   8, 29.02062874, 95.87059564,  99.9
217,   8, 29.00935807, 95.88489143,  99.9
218,   8, 28.99792048, 95.89940117,  99.9
219,   8, 28.98631354, 95.91412777,  99.9
220,   8, 28.97453474, 95.92907412,  99.9
221,   8, 28.96258157, 95.94424319,  99.9
222,   8, 28.95045147, 95.95963799,  99.9
223,   8, 28.93814184, 95.97526156,  99.9
224,   8, 28.92565003, 95.99111699,  99.9
225,   8, 28.91297336, 96.00720740,  99.9
226,   8, 28.90010912, 96.02353597,   0.0
227,   8, 28.88705455, 96.04010592,   1.1
228,   8, 28.87380683, 96.05692052,   3.1
229,   8, 28.86036312, 96.07398308,  99.9
230,   8, 28.84672053, 96.09129695,  99.9
231,   8, 28.83287613, 96.10886553,  99.9
232,   8, 28.81882694, 96.12669229,  99.9
233,   8, 28.80456993, 96.14478071,   0.2
234,   8, 28.79010204, 96.16313434,   0.2
235,   8, 28.77542014, 96.18175678,  99.9
236,   8, 28.76052108, 96.20065167,  99.9
237,   8, 28.74540165, 96.21982272,  99.9
238,   8, 28.73005857, 96.23927365,  99.9
239,   8, 28.71448854, 96.25900828,  99.9
240,   8, 28.69868820, 96.27903046,  99.9
241,   8, 28.68265414, 96.29934407,  99.9
  1,   9, 29.68727207, 95.39241640,  99.9
  2,   9, 29.68787979, 95.38572086,  99.9
  3,   9, 29.68846361, 95.37914006,  99.9
  4,   9, 29.68902366, 95.37267265,  99.9
  5,   9, 29.68956009, 95.36631728,  99.9
  6,   9, 29.69007301, 95.36007263,  99.9
  7,   9, 29.69056255, 95.35393742,  99.9
  8,   9, 29.69102882, 95.34791037,  99.9
  9,   9, 29.69147194, 95.34199023,  99.9
 10,   9, 29.69189202, 95.33617578,  99.9
 11,   9, 29.69228915, 95.33046581,  99.9
 12,   9, 29.69266344, 95.32485914,  99.9
 13,   9, 29.69301496, 95.31935461,  99.9
 14,   9, 29.69334382, 95.31395108,  99.9
 15,   9, 29.69365008, 95.30864742,  99.9
 16,   9, 29.69393382, 95.30344254,  99.9
 17,   9, 29.69419512, 95.29833535,  99.9
 18,   9, 29.69443404, 95.29332481,  99.9
 19,   9, 29.69465064, 95.28840987,  99.9
 20,   9, 29.69484498, 95.28358951,  99.9
 21,   9, 29.69501711, 95.27886274,  99.9
 22,   9, 29.69516706, 95.27422857,  99.9
 23,   9, 29.69529489, 95.26968604,  99.9
 24,   9, 29.69540063, 95.26523421,  99.9
 25,   9, 29.69548431, 95.26087216,   6.0
 26,   9, 29.69554596, 95.25659899,  99.9
 27,   9, 29.69558560, 95.25241380,  99.9
 28,   9, 29.69560324, 95.24831572,  99.9
 29,   9, 29.69559889, 95.24430392,  99.9
 30,   9, 29.69557257, 95.24037755,  99.9
 31,   9, 29.69552428, 95.23653581,  99.9
 32,   9, 29.69545400, 95.23277788,  99.9
 33,   9, 29.69536175, 95.22910301,  99.9
 34,   9, 29.69524749, 95.22551041,  99.9
 35,   9, 29.69511122, 95.22199936,  99.9
 36,   9, 29.69495291, 95.21856911,  99.9
 37,   9, 29.69477254, 95.21521895,   6.0
 38,   9, 29.69457008, 95.21194820,  99.9
 39,   9, 29.69434548, 95.20875617,  99.9
 40,   9, 29.69409871, 95.20564220,  99.9
 41,   9, 29.69382973, 95.20260564,  99.9
 42,   9, 29.69353847, 95.19964586,  99.9
 43,   9, 29.69322489, 95.19676225,  99.9
 44,   9, 29.69288893, 95.19395421,  99.9
 45,   9, 29.69253051, 95.19122116,  99.9
 46,   9, 29.69214958, 95.18856252,  99.9
 47,   9, 29.69174605, 95.18597775,  99.9
 48,   9, 29.69131985, 95.18346630,  99.9
 49,   9, 29.69087088, 95.18102767,  99.9
 50,   9, 29.69039907, 95.17866133,  99.9
 51,   9, 29.68990432, 95.17636680,  99.9
 52,   9, 29.68938652, 95.17414360,  99.9
 53,   9, 29.68884558, 95.17199127,  99.9
 54,   9, 29.68828139, 95.16990936,  99.9
 55,   9, 29.68769382, 95.16789745,  99.9
 56,   9, 29.68708277, 95.16595509,  99.9
 57,   9, 29.68644810, 95.16408191,  99.9
 58,   9, 29.68578969, 95.16227750,  99.9
 59,   9, 29.68510741, 95.16054149,  99.9
 60,   9, 29.68440110, 95.15887352,  99.9
 61,   9, 29.68367064, 95.15727325,  99.9
 62,   9, 29.68291587, 95.15574033,  99.9
 63,   9, 29.68213664, 95.15427445,  99.9
 64,   9, 29.68133278, 95.15287530,  99.9
 65,   9, 29.68050414, 95.15154260,  99.9
 66,   9, 29.67965053, 95.15027605,  99.9
 67,   9, 29.67877179, 95.14907541,  99.9
 68,   9, 29.67786773, 95.14794042,  99.9
 69,   9, 29.67693816, 95.14687084,  99.9
 70,   9, 29.67598291, 95.14586644,  99.9
 71,   9, 29.67500176, 95.14492703,  99.9
 72,   9, 29.67399451, 95.14405239,  99.9
 73,   9, 29.67296096, 95.14324236,  99.9
 74,   9, 29.67190090, 95.14249675,  99.9
 75,   9, 29.67081410, 95.14181541,  99.9
 76,   9, 29.66970033, 95.14119821,  99.9
 77,   9, 29.66855937, 95.14064500,  99.9
 78,   9, 29.66739099, 95.14015567,  99.9
 79,   9, 29.66619493, 95.13973012,  99.9
 80,   9, 29.66497095, 95.13936826,  99.9
 81,   9, 29.66371879, 95.13907000,  99.9
 82,   9, 29.66243820, 95.13883530,  99.9
 83,   9, 29.66112891, 95.13866409,  99.9
 84,   9, 29.65979065, 95.13855633,  99.9
 85,   9, 29.65842313, 95.13851201,  99.9
 86,   9, 29.65702608, 95.13853111,  99.9
 87,   9, 29.65559921, 95.13861362,  99.9
 88,   9, 29.65414220, 95.13875958,  99.9
 89,   9, 29.65265477, 95.13896900,  99.9
 90,   9, 29.65113661, 95.13924192,  99.9
 91,   9, 29.64958739, 95.13957840,  99.9
 92,   9, 29.64800679, 95.13997851,  99.9
 93,   9, 29.64639449, 95.14044232,  99.9
 94,   9, 29.64475015, 95.14096993,  99.9
 95,   9, 29.64307342, 95.14156144,  99.9
 96,   9, 29.64136395, 95.14221698,  99.9
 97,   9, 29.63962139, 95.14293667,  99.9
 98,   9, 29.63784538, 95.14372066,  99.9
 99,   9, 29.63603555, 95.14456911,  99.9
100,   9, 29.63419150, 95.14548220,  99.9
101,   9, 29.63231287, 95.14646010,  99.9
102,   9, 29.63039926, 95.14750303,  99.9
103,   9, 29.62845027, 95.14861118,  99.9
104,   9, 29.62646549, 95.14978478,  99.9
105,   9, 29.62444450, 95.15102408,  99.9
106,   9, 29.62238689, 95.15232933,  99.9
107,   9, 29.62029222, 95.15370079,  99.9
108,   9, 29.61816006, 95.15513875,  99.9
109,   9, 29.61598996, 95.15664349,  99.9
110,   9, 29.61378147, 95.15821532,  99.9
111,   9, 29.61153412, 95.15985457,  99.9
112,   9, 29.60924744, 95.16156157,  99.9
113,   9, 29.60692096, 95.16333667,  99.9
114,   9, 29.60455419, 95.16518022,  99.9
115,   9, 29.60214663, 95.16709262,  99.9
116,   9, 29.59969779, 95.16907424,  99.9
117,   9, 29.59720713, 95.17112550,  99.9
118,   9, 29.59467416, 95.17324680,  99.9
119,   9, 29.59209832, 95.17543860,  99.9
120,   9, 29.58947910, 95.17770132,  99.9
121,   9, 29.58681593, 95.18003544,  99.9
122,   9, 29.58410825, 95.18244144,  99.9
123,   9, 29.58135551, 95.18491980,  99.9
124,   9, 29.57855712, 95.18747103,  99.9
125,   9, 29.57571250, 95.19009566,  99.9
126,   9, 29.57282105, 95.19279421,  99.9
127,   9, 29.56988216, 95.19556725,  99.9
128,   9, 29.56689523, 95.19841533,  99.9
129,   9, 29.56385961, 95.20133904,  99.9
130,   9, 29.56077468, 95.20433898,  99.9
131,   9, 29.55763979, 95.20741576,  99.9
132,   9, 29.55445428, 95.21057000,  99.9
133,   9, 29.55121748, 95.21380236,  99.9
134,   9, 29.54792871, 95.21711350,  99.9
135,   9, 29.54458728, 95.22050408,  99.9
136,   9, 29.54119250, 95.22397480,  99.9
137,   9, 29.53774364, 95.22752638,  99.9
138,   9, 29.53423999, 95.23115953,  99.9
139,   9, 29.53068080, 95.23487499,  99.9
140,   9, 29.52706534, 95.23867354,  99.9
141,   9, 29.52339283, 95.24255593,  99.9
142,   9, 29.51966251, 95.24652297,  99.9
143,   9, 29.51587360, 95.25057546,  99.9
144,   9, 29.51202530, 95.25471423,  99.9
145,   9, 29.50811680, 95.25894012,  99.9
146,   9, 29.50414727, 95.26325400,  99.9
147,   9, 29.50011589, 95.26765675,  99.9
148,   9, 29.49602180, 95.27214925,  99.9
149,   9, 29.49186415, 95.27673244,  99.9
150,   9, 29.48764206, 95.28140724,  99.9
151,   9, 29.48335464, 95.28617460,  99.9
152,   9, 29.47900099, 95.29103550,  99.9
153,   9, 29.47458019, 95.29599092,  99.9
154,   9, 29.47009131, 95.30104188,  99.9
155,   9, 29.46553341, 95.30618940,  99.9
156,   9, 29.46090553, 95.31143453,  99.9
157,   9, 29.45620669, 95.31677835,  99.9
158,   9, 29.45143590, 95.32222192,  99.9
159,   9, 29.44659216, 95.32776637,  99.9
160,   9, 29.44167445, 95.33341282,  99.9
161,   9, 29.43668173, 95.33916242,  99.9
162,   9, 29.43161295, 95.34501633,  99.9
163,   9, 29.42646704, 95.35097575,  99.9
164,   9, 29.42124291, 95.35704189,  99.9
165,   9, 29.41593946, 95.36321597,  99.9
166,   9, 29.41055558, 95.36949926,  99.9
167,   9, 29.40509013, 95.37589302,  99.9
168,   9, 29.39954195, 95.38239856,  99.9
169,   9, 29.39390988, 95.38901719,  99.9
170,   9, 29.38819272, 95.39575026,  99.9
171,   9, 29.38238927, 95.40259912,  99.9
172,   9, 29.37649830, 95.40956518,  99.9
173,   9, 29.37051857, 95.41664984,  99.9
174,   9, 29.36444881, 95.42385453,  99.9
175,   9, 29.35828775, 95.43118072,  99.9
176,   9, 29.35203407, 95.43862989,  99.9
177,   9, 29.34568647, 95.44620353,  99.9
178,   9, 29.33924359, 95.45390320,  99.9
179,   9, 29.33270407, 95.46173043,  99.9
180,   9, 29.32606653, 95.46968683,  99.9
181,   9, 29.31932957, 95.47777398,  99.9
182,   9, 29.31249175, 95.48599353,  99.9
183,   9, 29.30555164, 95.49434713,  99.9
184,   9, 29.29850777, 95.50283648,  99.9
185,   9, 29.29135863, 95.51146327,  99.9
186,   9, 29.28410272, 95.52022926,  99.9
187,   9, 29.27673850, 95.52913621,  99.9
188,   9, 29.26926440, 95.53818592,  99.9
189,   9, 29.26167885, 95.54738020,  99.9
190,   9, 29.25398024, 95.55672091,  99.9
191,   9, 29.24616693, 95.56620993,  99.9
192,   9, 29.23823727, 95.57584916,  99.9
193,   9, 29.23018957, 95.58564055,  99.9
194,   9, 29.22202213, 95.59558606,  99.9
195,   9, 29.21373320, 95.60568769,  99.9
196,   9, 29.20532104, 95.61594747,  99.9
197,   9, 29.19678385, 95.62636745,  99.9
198,   9, 29.18811983, 95.63694973,  99.9
199,   9, 29.17932712, 95.64769643,  99.9
200,   9, 29.17040386, 95.65860971,  99.9
201,   9, 29.16134816, 95.66969173,  99.9
202,   9, 29.15215808, 95.68094474,  99.9
203,   9, 29.14283167, 95.69237097,  99.9
204,   9, 29.13336695, 95.70397272,  99.9
205,   9, 29.12376190, 95.71575229,  99.9
206,   9, 29.11401447, 95.72771205,  99.9
207,   9, 29.10412260, 95.73985438,  99.9
208,   9, 29.09408417, 95.75218170,  99.9
209,   9, 29.08389704, 95.76469648,  99.9
210,   9, 29.07355904, 95.77740120,  99.9
211,   9, 29.06306797, 95.79029840,  99.9
212,   9, 29.05242158, 95.80339064,  99.9
213,   9, 29.04161761, 95.81668053,  99.9
214,   9, 29.03065375, 95.83017071,  99.9
215,   9, 29.01952766, 95.84386386,  99.9
216,   9, 29.00823696, 95.85776270,  99.9
217,   9, 28.99677924, 95.87186998,  99.9
218,   9, 28.98515205, 95.88618851,  99.9
219,   9, 28.97335290, 95.90072112,  99.9
220,   9, 28.96137927, 95.91547070,  99.9
221,   9, 28.94922859, 95.93044014,  99.9
222,   9, 28.93689828, 95.94563243,  99.9
223,   9, 28.92438568, 95.96105056,  99.9
224,   9, 28.91168811, 95.97669757,  99.9
225,   9, 28.89880286, 95.99257655,  99.9
226,   9, 28.88572716, 96.00869064,  99.9
227,   9, 28.87245822, 96.02504300,  99.9
228,   9, 28.85899317, 96.04163686,   3.8
229,   9, 28.84532914, 96.05847548,  99.9
230,   9, 28.83146318, 96.07556217,  99.9
231,   9, 28.81739233, 96.09290029,  99.9
232,   9, 28.80311356, 96.11049323,  99.9
233,   9, 28.78862379, 96.12834445,  99.9
234,   9, 28.77391992, 96.14645745,   0.6
235,   9, 28.75899878, 96.16483577,   1.1
236,   9, 28.74385716, 96.18348300,   1.4
237,   9, 28.72849180, 96.20240279,   1.4
238,   9, 28.71289939, 96.22159883,  99.9
239,   9, 28.69707658, 96.24107487,  99.9
240,   9, 28.68101994, 96.26083470,   1.3
241,   9, 28.66472602, 96.28088217,   1.3
  1,  10, 29.69318094, 95.39306799,  99.9
  2,  10, 29.69368777, 95.38634570,  99.9
  3,  10, 29.69417189, 95.37973830,  99.9
  4,  10, 29.69463344, 95.37324442,  99.9
  5,  10, 29.69507252, 95.36686273,  99.9
  6,  10, 29.69548924, 95.36059189,  99.9
  7,  10, 29.69588370, 95.35443061,  99.9
  8,  10, 29.69625601, 95.34837761,  99.9
  9,  10, 29.69660625, 95.34243163,  99.9
 10,  10, 29.69693451, 95.33659145,  99.9
 11,  10, 29.69724086, 95.33085586,  99.9
 12,  10, 29.69752540, 95.32522366,  99.9
 13,  10, 29.69778819, 95.31969368,  99.9
 14,  10, 29.69802930, 95.31426479,  99.9
 15,  10, 29.69824879, 95.30893586,  99.9
 16,  10, 29.69844672, 95.30370577,  99.9
 17,  10, 29.69862314, 95.29857345,  99.9
 18,  10, 29.69877810, 95.29353784,  99.9
 19,  10, 29.69891164, 95.28859788,  99.9
 20,  10, 29.69902380, 95.28375255,  99.9
 21,  10, 29.69911462, 95.27900086,  99.9
 22,  10, 29.69918412, 95.27434181,  99.9
 23,  10, 29.69923233, 95.26977443,  99.9
 24,  10, 29.69925927, 95.26529779,   6.1
 25,  10, 29.69926495, 95.26091094,   6.0
 26,  10, 29.69924938, 95.25661299,  99.9
 27,  10, 29.69921256, 95.25240303,  99.9
 28,  10, 29.69915451, 95.24828020,  99.9
 29,  10, 29.69907521, 95.24424364,  99.9
 30,  10, 29.69897465, 95.24029251,  99.9
 31,  10, 29.69885283, 95.23642600,  99.9
 32,  10, 29.69870971, 95.23264330,  99.9
 33,  10, 29.69854529, 95.22894362,  99.9
 34,  10, 29.69835954, 95.22532619,  99.9
 35,  10, 29.69815241, 95.22179028,  99.9
 36,  10, 29.69792388, 95.21833513,   6.0
 37,  10, 29.69767391, 95.21496004,   6.0
 38,  10, 29.69740244, 95.21166431,  99.9
 39,  10, 29.69710943, 95.20844724,  99.9
 40,  10, 29.69679482, 95.20530818,  99.9
 41,  10, 29.69645855, 95.20224646,  99.9
 42,  10, 29.69610056, 95.19926146,  99.9
 43,  10, 29.69572078, 95.19635255,  99.9
 44,  10, 29.69531914, 95.19351913,  99.9
 45,  10, 29.69489554, 95.19076061,  99.9
 46,  10, 29.69444992, 95.18807642,  99.9
 47,  10, 29.69398218, 95.18546600,  99.9
 48,  10, 29.69349224, 95.18292881,  99.9
 49,  10, 29.69297998, 95.18046431,  99.9
 50,  10, 29.69244532, 95.17807200,  99.9
 51,  10, 29.69188813, 95.17575139,  99.9
 52,  10, 29.69130832, 95.17350198,  99.9
 53,  10, 29.69070576, 95.17132331,  99.9
 54,  10, 29.69008033, 95.16921492,  99.9
 55,  10, 29.68943191, 95.16717639,  99.9
 56,  10, 29.68876036, 95.16520728,  99.9
 57,  10, 29.68806554, 95.16330718,  99.9
 58,  10, 29.68734732, 95.16147570,  99.9
 59,  10, 29.68660555, 95.15971246,  99.9
 60,  10, 29.68584008, 95.15801709,  99.9
 61,  10, 29.68505074, 95.15638923,  99.9
 62,  10, 29.68423738, 95.15482856,  99.9
 63,  10, 29.68339983, 95.15333473,  99.9
 64,  10, 29.68253792, 95.15190745,  99.9
 65,  10, 29.68165147, 95.15054641,  99.9
 66,  10, 29.68074030, 95.14925133,  99.9
 67,  10, 29.67980422, 95.14802193,  99.9
 68,  10, 29.67884304, 95.14685798,  99.9
 69,  10, 29.67785656, 95.14575920,  99.9
 70,  10, 29.67684457, 95.14472539,  99.9
 71,  10, 29.67580688, 95.14375633,  99.9
 72,  10, 29.67474325, 95.14285180,  99.9
 73,  10, 29.67365348, 95.14201162,  99.9
 74,  10, 29.67253733, 95.14123562,  99.9
 75,  10, 29.67139458, 95.14052363,  99.9
 76,  10, 29.67022499, 95.13987550,  99.9
 77,  10, 29.66902832, 95.13929109,  99.9
 78,  10, 29.66780431, 95.13877029,  99.9
 79,  10, 29.66655272, 95.13831298,  99.9
 80,  10, 29.66527328, 95.13791906,  99.9
 81,  10, 29.66396574, 95.13758846,  99.9
 82,  10, 29.66262981, 95.13732109,  99.9
 83,  10, 29.66126521, 95.13711690,  99.9
 84,  10, 29.65987168, 95.13697585,  99.9
 85,  10, 29.65844891, 95.13689791,  99.9
 86,  10, 29.65699661, 95.13688305,  99.9
 87,  10, 29.65551448, 95.13693127,  99.9
 88,  10, 29.65400220, 95.13704258,  99.9
 89,  10, 29.65245947, 95.13721700,  99.9
 90,  10, 29.65088597, 95.13745455,  99.9
 91,  10, 29.64928136, 95.13775530,  99.9
 92,  10, 29.64764531, 95.13811929,  99.9
 93,  10, 29.64597748, 95.13854660,  99.9
 94,  10, 29.64427752, 95.13903731,  99.9
 95,  10, 29.64254508, 95.13959153,  99.9
 96,  10, 29.64077980, 95.14020936,  99.9
 97,  10, 29.63898131, 95.14089093,  99.9
 98,  10, 29.63714922, 95.14163638,  99.9
 99,  10, 29.63528317, 95.14244585,  99.9
100,  10, 29.63338276, 95.14331952,  99.9
101,  10, 29.63144759, 95.14425755,  99.9
102,  10, 29.62947727, 95.14526014,  99.9
103,  10, 29.62747137, 95.14632750,  99.9
104,  10, 29.62542948, 95.14745984,  99.9
105,  10, 29.62335118, 95.14865739,  99.9
106,  10, 29.62123602, 95.14992039,  99.9
107,  10, 29.61908357, 95.15124911,  99.9
108,  10, 29.61689338, 95.15264381,  99.9
109,  10, 29.61466498, 95.15410478,  99.9
110,  10, 29.61239792, 95.15563231,  99.9
111,  10, 29.61009172, 95.15722672,  99.9
112,  10, 29.60774589, 95.15888834,  99.9
113,  10, 29.60535995, 95.16061749,  99.9
114,  10, 29.60293339, 95.16241454,  99.9
115,  10, 29.60046572, 95.16427985,  99.9
116,  10, 29.59795640, 95.16621381,  99.9
117,  10, 29.59540493, 95.16821680,  99.9
118,  10, 29.59281075, 95.17028924,  99.9
119,  10, 29.59017334, 95.17243154,  99.9
120,  10, 29.58749213, 95.17464416,  99.9
121,  10, 29.58476657, 95.17692754,  99.9
122,  10, 29.58199609, 95.17928214,  99.9
123,  10, 29.57918010, 95.18170845,  99.9
124,  10, 29.57631801, 95.18420696,  99.9
125,  10, 29.57340923, 95.18677819,  99.9
126,  10, 29.57045314, 95.18942265,  99.9
127,  10, 29.56744913, 95.19214089,  99.9
128,  10, 29.56439657, 95.19493347,  99.9
129,  10, 29.56129481, 95.19780095,  99.9
130,  10, 29.55814321, 95.20074392,  99.9
131,  10, 29.55494111, 95.20376299,  99.9
132,  10, 29.55168782, 95.20685876,  99.9
133,  10, 29.54838268, 95.21003187,  99.9
134,  10, 29.54502499, 95.21328297,  99.9
135,  10, 29.54161404, 95.21661271,  99.9
136,  10, 29.53814911, 95.22002180,  99.9
137,  10, 29.53462949, 95.22351090,  99.9
138,  10, 29.53105443, 95.22708075,  99.9
139,  10, 29.52742317, 95.23073206,  99.9
140,  10, 29.52373497, 95.23446559,  99.9
141,  10, 29.51998904, 95.23828209,  99.9
142,  10, 29.51618460, 95.24218235,  99.9
143,  10, 29.51232084, 95.24616715,  99.9
144,  10, 29.50839696, 95.25023731,  99.9
145,  10, 29.50441213, 95.25439367,  99.9
146,  10, 29.50036552, 95.25863706,  99.9
147,  10, 29.49625627, 95.26296836,  99.9
148,  10, 29.49208352, 95.26738844,  99.9
149,  10, 29.48784640, 95.27189820,  99.9
150,  10, 29.48354400, 95.27649858,  99.9
151,  10, 29.47917544, 95.28119049,  99.9
152,  10, 29.47473978, 95.28597490,  99.9
153,  10, 29.47023609, 95.29085278,  99.9
154,  10, 29.46566344, 95.29582513,  99.9
155,  10, 29.46102085, 95.30089295,  99.9
156,  10, 29.45630734, 95.30605728,  99.9
157,  10, 29.45152194, 95.31131917,  99.9
158,  10, 29.44666362, 95.31667968,  99.9
159,  10, 29.44173137, 95.32213991,  99.9
160,  10, 29.43672414, 95.32770097,  99.9
161,  10, 29.43164089, 95.33336398,  99.9
162,  10, 29.42648053, 95.33913011,  99.9
163,  10, 29.42124199, 95.34500051,  99.9
164,  10, 29.41592417, 95.35097638,  99.9
165,  10, 29.41052593, 95.35705894,  99.9
166,  10, 29.40504614, 95.36324941,  99.9
167,  10, 29.39948365, 95.36954906,  99.9
168,  10, 29.39383727, 95.37595916,  99.9
169,  10, 29.38810584, 95.38248101,  99.9
170,  10, 29.38228812, 95.38911593,  99.9
171,  10, 29.37638290, 95.39586528,  99.9
172,  10, 29.37038892, 95.40273040,  99.9
173,  10, 29.36430493, 95.40971270,  99.9
174,  10, 29.35812964, 95.41681359,  99.9
175,  10, 29.35186174, 95.42403451,  99.9
176,  10, 29.34549991, 95.43137691,  99.9
177,  10, 29.33904281, 95.43884229,  99.9
178,  10, 29.33248908, 95.44643214,  99.9
179,  10, 29.32583731, 95.45414801,  99.9
180,  10, 29.31908612, 95.46199145,  99.9
181,  10, 29.31223408, 95.46996405,  99.9
182,  10, 29.30527972, 95.47806742,  99.9
183,  10, 29.29822159, 95.48630318,  99.9
184,  10, 29.29105820, 95.49467301,  99.9
185,  10, 29.28378801, 95.50317859,  99.9
186,  10, 29.27640950, 95.51182164,  99.9
187,  10, 29.26892111, 95.52060389,  99.9
188,  10, 29.26132124, 95.52952711,  99.9
189,  10, 29.25360829, 95.53859311,  99.9
190,  10, 29.24578062, 95.54780370,  99.9
191,  10, 29.23783658, 95.55716074,  99.9
192,  10, 29.22977448, 95.56666610,  99.9
193,  10, 29.22159261, 95.57632171,  99.9
194,  10, 29.21328924, 95.58612949,  99.9
195,  10, 29.20486260, 95.59609142,  99.9
196,  10, 29.19631091, 95.60620950,  99.9
197,  10, 29.18763235, 95.61648575,  99.9
198,  10, 29.17882509, 95.62692223,  99.9
199,  10, 29.16988724, 95.63752104,  99.9
200,  10, 29.16081692, 95.64828430,  99.9
201,  10, 29.15161219, 95.65921416,  99.9
202,  10, 29.14227110, 95.67031281,  99.9
203,  10, 29.13279166, 95.68158247,  99.9
204,  10, 29.12317186, 95.69302539,  99.9
205,  10, 29.11340966, 95.70464386,  99.9
206,  10, 29.10350297, 95.71644019,  99.9
207,  10, 29.09344968, 95.72841674,  99.9
208,  10, 29.08324766, 95.74057590,  99.9
209,  10, 29.07289474, 95.75292009,  99.9
210,  10, 29.06238871, 95.76545176,  99.9
211,  10, 29.05172733, 95.77817342,  99.9
212,  10, 29.04090832, 95.79108759,  99.9
213,  10, 29.02992939, 95.80419684,  99.9
214,  10, 29.01878820, 95.81750378,  99.9
215,  10, 29.00748235, 95.83101104,  99.9
216,  10, 28.99600945, 95.84472131,  99.9
217,  10, 28.98436704, 95.85863730,  99.9
218,  10, 28.97255265, 95.87276178,  99.9
219,  10, 28.96056373, 95.88709753,  99.9
220,  10, 28.94839774, 95.90164740,  99.9
221,  10, 28.93605207, 95.91641426,  99.9
222,  10, 28.92352408, 95.93140103,  99.9
223,  10, 28.91081110, 95.94661068,  99.9
224,  10, 28.89791040, 95.96204619,  99.9
225,  10, 28.88481923, 95.97771061,  99.9
226,  10, 28.87153477, 95.99360704,  99.9
227,  10, 28.85805419, 96.00973859,  99.9
228,  10, 28.84437460, 96.02610844,   4.3
229,  10, 28.83049306, 96.04271982,  99.9
230,  10, 28.81640660, 96.05957597,  99.9
231,  10, 28.80211220, 96.07668022,  99.9
232,  10, 28.78760679, 96.09403590,  99.9
233,  10, 28.77288726, 96.11164643,  99.9
234,  10, 28.75795044, 96.12951525,  99.9
235,  10, 28.74279313, 96.14764585,  99.9
236,  10, 28.72741207, 96.16604178,  99.9
237,  10, 28.71180396, 96.18470662,   1.3
238,  10, 28.69596543, 96.20364403,   1.2
239,  10, 28.67989308, 96.22285768,   1.2
240,  10, 28.66358345, 96.24235132,   1.3
241,  10, 28.64703304, 96.26212873,   1.2
  1,  11, 29.69911228, 95.39360331,  99.9
  2,  11, 29.69951809, 95.38685565,  99.9
  3,  11, 29.69990242, 95.38022301,  99.9
  4,  11, 29.70026536, 95.37370402,  99.9
  5,  11, 29.70060700, 95.36729732,  99.9
  6,  11, 29.70092743, 95.36100159,  99.9
  7,  11, 29.70122673, 95.35481551,  99.9
  8,  11, 29.70150499, 95.34873782,  99.9
  9,  11, 29.70176226, 95.34276724,  99.9
 10,  11, 29.70199863, 95.33690254,  99.9
 11,  11, 29.70221415, 95.33114251,  99.9
 12,  11, 29.70240888, 95.32548594,  99.9
 13,  11, 29.70258287, 95.31993168,  99.9
 14,  11, 29.70273618, 95.31447855,  99.9
 15,  11, 29.70286885, 95.30912545,  99.9
 16,  11, 29.70298092, 95.30387124,  99.9
 17,  11, 29.70307242, 95.29871485,  99.9
 18,  11, 29.70314338, 95.29365520,  99.9
 19,  11, 29.70319383, 95.28869125,  99.9
 20,  11, 29.70322379, 95.28382197,  99.9
 21,  11, 29.70323328, 95.27904634,  99.9
 22,  11, 29.70322231, 95.27436337,  99.9
 23,  11, 29.70319089, 95.26977209,  99.9
 24,  11, 29.70313901, 95.26527156,   6.1
 25,  11, 29.70306668, 95.26086083,   6.1
 26,  11, 29.70297389, 95.25653899,  99.9
 27,  11, 29.70286064, 95.25230514,  99.9
 28,  11, 29.70272690, 95.24815841,  99.9
 29,  11, 29.70257265, 95.24409793,  99.9
 30,  11, 29.70239788, 95.24012287,  99.9
 31,  11, 29.70220255, 95.23623239,  99.9
 32,  11, 29.70198663, 95.23242569,  99.9
 33,  11, 29.70175008, 95.22870197,  99.9
 34,  11, 29.70149286, 95.22506047,  99.9
 35,  11, 29.70121492, 95.22150043,  99.9
 36,  11, 29.70091621, 95.21802111,   6.0
 37,  11, 29.70059668, 95.21462178,  99.9
 38,  11, 29.70025626, 95.21130175,  99.9
 39,  11, 29.69989490, 95.20806031,  99.9
 40,  11, 29.69951251, 95.20489681,  99.9
 41,  11, 29.69910903, 95.20181057,  99.9
 42,  11, 29.69868438, 95.19880096,  99.9
 43,  11, 29.69823848, 95.19586736,  99.9
 44,  11, 29.69777123, 95.19300915,  99.9
 45,  11, 29.69728254, 95.19022574,  99.9
 46,  11, 29.69677233, 95.18751656,  99.9
 47,  11, 29.69624047, 95.18488103,  99.9
 48,  11, 29.69568688, 95.18231861,  99.9
 49,  11, 29.69511144, 95.17982877,  99.9
 50,  11, 29.69451403, 95.17741099,  99.9
 51,  11, 29.69389453, 95.17506477,  99.9
 52,  11, 29.69325282, 95.17278961,  99.9
 53,  11, 29.69258877, 95.17058506,  99.9
 54,  11, 29.69190224, 95.16845064,  99.9
 55,  11, 29.69119309, 95.16638591,  99.9
 56,  11, 29.69046118, 95.16439045,  99.9
 57,  11, 29.68970636, 95.16246383,  99.9
 58,  11, 29.68892848, 95.16060566,  99.9
 59,  11, 29.68812737, 95.15881556,  99.9
 60,  11, 29.68730288, 95.15709314,  99.9
 61,  11, 29.68645483, 95.15543804,  99.9
 62,  11, 29.68558305, 95.15384993,  99.9
 63,  11, 29.68468736, 95.15232848,  99.9
 64,  11, 29.68376757, 95.15087335,  99.9
 65,  11, 29.68282350, 95.14948426,  99.9
 66,  11, 29.68185496, 95.14816091,  99.9
 67,  11, 29.68086174, 95.14690303,  99.9
 68,  11, 29.67984363, 95.14571034,  99.9
 69,  11, 29.67880044, 95.14458262,  99.9
 70,  11, 29.67773194, 95.14351960,  99.9
 71,  11, 29.67663791, 95.14252109,  99.9
 72,  11, 29.67551812, 95.14158685,  99.9
 73,  11, 29.67437235, 95.14071671,  99.9
 74,  11, 29.67320036, 95.13991048,  99.9
 75,  11, 29.67200190, 95.13916798,  99.9
 76,  11, 29.67077672, 95.13848907,  99.9
 77,  11, 29.66952458, 95.13787359,  99.9
 78,  11, 29.66824521, 95.13732142,  99.9
 79,  11, 29.66693834, 95.13683245,  99.9
 80,  11, 29.66560372, 95.13640656,  99.9
 81,  11, 29.66424104, 95.13604367,  99.9
 82,  11, 29.66285005, 95.13574370,  99.9
 83,  11, 29.66143044, 95.13550659,  99.9
 84,  11, 29.65998192, 95.13533227,  99.9
 85,  11, 29.65850419, 95.13522073,  99.9
 86,  11, 29.65699694, 95.13517192,  99.9
 87,  11, 29.65545986, 95.13518583,  99.9
 88,  11, 29.65389263, 95.13526247,  99.9
 89,  11, 29.65229492, 95.13540186,  99.9
 90,  11, 29.65066641, 95.13560400,  99.9
 91,  11, 29.64900674, 95.13586895,  99.9
 92,  11, 29.64731558, 95.13619675,  99.9
 93,  11, 29.64559257, 95.13658748,  99.9
 94,  11, 29.64383735, 95.13704120,  99.9
 95,  11, 29.64204956, 95.13755801,  99.9
 96,  11, 29.64022883, 95.13813801,  99.9
 97,  11, 29.63837476, 95.13878132,  99.9
 98,  11, 29.63648699, 95.13948807,  99.9
 99,  11, 29.63456511, 95.14025840,  99.9
100,  11, 29.63260873, 95.14109247,  99.9
101,  11, 29.63061743, 95.14199044,  99.9
102,  11, 29.62859080, 95.14295250,  99.9
103,  11, 29.62652841, 95.14397885,  99.9
104,  11, 29.62442984, 95.14506969,  99.9
105,  11, 29.62229464, 95.14622524,  99.9
106,  11, 29.62012238, 95.14744575,  99.9
107,  11, 29.61791259, 95.14873145,  99.9
108,  11, 29.61566482, 95.15008261,  99.9
109,  11, 29.61337860, 95.15149951,  99.9
110,  11, 29.61105344, 95.15298243,  99.9
111,  11, 29.60868886, 95.15453167,  99.9
112,  11, 29.60628437, 95.15614756,  99.9
113,  11, 29.60383946, 95.15783042,  99.9
114,  11, 29.60135363, 95.15958060,  99.9
115,  11, 29.59882635, 95.16139844,  99.9
116,  11, 29.59625709, 95.16328434,  99.9
117,  11, 29.59364532, 95.16523866,  99.9
118,  11, 29.59099048, 95.16726180,  99.9
119,  11, 29.58829204, 95.16935419,  99.9
120,  11, 29.58554941, 95.17151624,  99.9
121,  11, 29.58276202, 95.17374841,  99.9
122,  11, 29.57992930, 95.17605114,  99.9
123,  11, 29.57705065, 95.17842490,  99.9
124,  11, 29.57412546, 95.18087018,  99.9
125,  11, 29.57115312, 95.18338748,  99.9
126,  11, 29.56813302, 95.18597732,  99.9
127,  11, 29.56506451, 95.18864021,  99.9
128,  11, 29.56194695, 95.19137671,  99.9
129,  11, 29.55877970, 95.19418738,  99.9
130,  11, 29.55556208, 95.19707278,  99.9
131,  11, 29.55229342, 95.20003351,  99.9
132,  11, 29.54897305, 95.20307017,  99.9
133,  11, 29.54560025, 95.20618339,  99.9
134,  11, 29.54217432, 95.20937379,  99.9
135,  11, 29.53869456, 95.21264202,  99.9
136,  11, 29.53516021, 95.21598876,  99.9
137,  11, 29.53157055, 95.21941469,  99.9
138,  11, 29.52792482, 95.22292051,  99.9
139,  11, 29.52422226, 95.22650692,  99.9
140,  11, 29.52046208, 95.23017467,  99.9
141,  11, 29.51664350, 95.23392450,  99.9
142,  11, 29.51276572, 95.23775718,  99.9
143,  11, 29.50882793, 95.24167348,  99.9
144,  11, 29.50482929, 95.24567421,  99.9
145,  11, 29.50076896, 95.24976018,  99.9
146,  11, 29.49664610, 95.25393222,  99.9
147,  11, 29.49245984, 95.25819118,  99.9
148,  11, 29.48820929, 95.26253794,  99.9
149,  11, 29.48389357, 95.26697337,  99.9
150,  11, 29.47951177, 95.27149838,  99.9
151,  11, 29.47506296, 95.27611389,  99.9
152,  11, 29.47054621, 95.28082084,  99.9
153,  11, 29.46596058, 95.28562018,  99.9
154,  11, 29.46130509, 95.29051291,  99.9
155,  11, 29.45657877, 95.29550000,  99.9
156,  11, 29.45178063, 95.30058247,  99.9
157,  11, 29.44690964, 95.30576136,  99.9
158,  11, 29.44196480, 95.31103772,  99.9
159,  11, 29.43694506, 95.31641263,  99.9
160,  11, 29.43184936, 95.32188716,  99.9
161,  11, 29.42667663, 95.32746245,  99.9
162,  11, 29.42142577, 95.33313961,  99.9
163,  11, 29.41609570, 95.33891980,  99.9
164,  11, 29.41068527, 95.34480420,  99.9
165,  11, 29.40519336, 95.35079399,  99.9
166,  11, 29.39961880, 95.35689040,  99.9
167,  11, 29.39396042, 95.36309465,  99.9
168,  11, 29.38821702, 95.36940801,  99.9
169,  11, 29.38238741, 95.37583176,  99.9
170,  11, 29.37647034, 95.38236720,  99.9
171,  11, 29.37046457, 95.38901565,  99.9
172,  11, 29.36436883, 95.39577845,  99.9
173,  11, 29.35818184, 95.40265698,  99.9
174,  11, 29.35190229, 95.40965263,  99.9
175,  11, 29.34552886, 95.41676682,  99.9
176,  11, 29.33906020, 95.42400097,  99.9
177,  11, 29.33249494, 95.43135656,  99.9
178,  11, 29.32583171, 95.43883508,  99.9
179,  11, 29.31906908, 95.44643802,  99.9
180,  11, 29.31220563, 95.45416693,  99.9
181,  11, 29.30523992, 95.46202336,  99.9
182,  11, 29.29817047, 95.47000891,  99.9
183,  11, 29.29099579, 95.47812518,  99.9
184,  11, 29.28371435, 95.48637380,  99.9
185,  11, 29.27632463, 95.49475645,  99.9
186,  11, 29.26882505, 95.50327481,  99.9
187,  11, 29.26121403, 95.51193059,  99.9
188,  11, 29.25348996, 95.52072554,  99.9
189,  11, 29.24565120, 95.52966143,  99.9
190,  11, 29.23769610, 95.53874005,  99.9
191,  11, 29.22962297, 95.54796322,  99.9
192,  11, 29.22143010, 95.55733281,  99.9
193,  11, 29.21311576, 95.56685070,  99.9
194,  11, 29.20467817, 95.57651878,  99.9
195,  11, 29.19611557, 95.58633901,  99.9
196,  11, 29.18742612, 95.59631335,  99.9
197,  11, 29.17860799, 95.60644381,  99.9
198,  11, 29.16965931, 95.61673241,  99.9
199,  11, 29.16057817, 95.62718121,  99.9
200,  11, 29.15136266, 95.63779230,  99.9
201,  11, 29.14201081, 95.64856781,  99.9
202,  11, 29.13252064, 95.65950988,  99.9
203,  11, 29.12289014, 95.67062072,  99.9
204,  11, 29.11311725, 95.68190253,  99.9
205,  11, 29.10319991, 95.69335757,  99.9
206,  11, 29.09313600, 95.70498812,  99.9
207,  11, 29.08292338, 95.71679651,  99.9
208,  11, 29.07255989, 95.72878508,  99.9
209,  11, 29.06204331, 95.74095622,  99.9
210,  11, 29.05137141, 95.75331235,  99.9
211,  11, 29.04054193, 95.76585594,  99.9
212,  11, 29.02955254, 95.77858947,  99.9
213,  11, 29.01840092, 95.79151548,  99.9
214,  11, 29.00708469, 95.80463653,  99.9
215,  11, 28.99560143, 95.81795523,  99.9
216,  11, 28.98394870, 95.83147420,  99.9
217,  11, 28.97212401, 95.84519615,  99.9
218,  11, 28.96012484, 95.85912377,  99.9
219,  11, 28.94794864, 95.87325983,  99.9
220,  11, 28.93559280, 95.88760712,  99.9
221,  11, 28.92305468, 95.90216848,  99.9
222,  11, 28.91033161, 95.91694678,  99.9
223,  11, 28.89742087, 95.93194493,  99.9
224,  11, 28.88431970, 95.94716590,  99.9
225,  11, 28.87102530, 95.96261268,  99.9
226,  11, 28.85753483, 95.97828831,  99.9
227,  11, 28.84384540, 95.99419588,  99.9
228,  11, 28.82995408, 96.01033852,   4.5
229,  11, 28.81585790, 96.02671938,  99.9
230,  11, 28.80155384, 96.04334169,  99.9
231,  11, 28.78703883, 96.06020871,  99.9
232,  11, 28.77230977, 96.07732374,  99.9
233,  11, 28.75736350, 96.09469013,  99.9
234,  11, 28.74219681, 96.11231127,  99.9
235,  11, 28.72680646, 96.13019061,  99.9
236,  11, 28.71118913, 96.14833165,  99.9
237,  11, 28.69534147, 96.16673790,  99.9
238,  11, 28.67926009, 96.18541298,  99.9
239,  11, 28.66294152, 96.20436050,  99.9
240,  11, 28.64638226, 96.22358416,   1.2
241,  11, 28.62957875, 96.24308769,   1.2
  1,  12, 29.70506485, 95.39402221,  99.9
  2,  12, 29.70536956, 95.38725059,  99.9
  3,  12, 29.70565401, 95.38059409,  99.9
  4,  12, 29.70591826, 95.37405133,  99.9
  5,  12, 29.70616238, 95.36762095,  99.9
  6,  12, 29.70638645, 95.36130163,  99.9
  7,  12, 29.70659053, 95.35509204,  99.9
  8,  12, 29.70677466, 95.34899091,  99.9
  9,  12, 29.70693892, 95.34299697,  99.9
 10,  12, 29.70708334, 95.33710897,  99.9
 11,  12, 29.70720797, 95.33132569,  99.9
 12,  12, 29.70731284, 95.32564594,  99.9
 13,  12, 29.70739801, 95.32006853,  99.9
 14,  12, 29.70746348, 95.31459231,  99.9
 15,  12, 29.70750930, 95.30921614,  99.9
 16,  12, 29.70753547, 95.30393890,  99.9
 17,  12, 29.70754203, 95.29875951,  99.9
 18,  12, 29.70752898, 95.29367688,  99.9
 19,  12, 29.70749633, 95.28868997,  99.9
 20,  12, 29.70744408, 95.28379773,  99.9
 21,  12, 29.70737224, 95.27899915,  99.9
 22,  12, 29.70728079, 95.27429324,  99.9
 23,  12, 29.70716973, 95.26967902,  99.9
 24,  12, 29.70703905, 95.26515553,  99.9
 25,  12, 29.70688873, 95.26072183,   6.1
 26,  12, 29.70671874, 95.25637700,   6.1
 27,  12, 29.70652906, 95.25212014,  99.9
 28,  12, 29.70631966, 95.24795037,  99.9
 29,  12, 29.70609050, 95.24386682,  99.9
 30,  12, 29.70584154, 95.23986864,  99.9
 31,  12, 29.70557274, 95.23595500,  99.9
 32,  12, 29.70528405, 95.23212509,  99.9
 33,  12, 29.70497542, 95.22837811,  99.9
 34,  12, 29.70464679, 95.22471329,  99.9
 35,  12, 29.70429809, 95.22112987,  99.9
 36,  12, 29.70392927, 95.21762709,   6.0
 37,  12, 29.70354025, 95.21420423,  99.9
 38,  12, 29.70313095, 95.21086059,  99.9
 39,  12, 29.70270130, 95.20759546,  99.9
 40,  12, 29.70225122, 95.20440817,  99.9
 41,  12, 29.70178061, 95.20129805,  99.9
 42,  12, 29.70128939, 95.19826447,  99.9
 43,  12, 29.70077745, 95.19530678,  99.9
 44,  12, 29.70024469, 95.19242437,  99.9
 45,  12, 29.69969101, 95.18961665,  99.9
 46,  12, 29.69911631, 95.18688303,  99.9
 47,  12, 29.69852045, 95.18422295,  99.9
 48,  12, 29.69790333, 95.18163584,  99.9
 49,  12, 29.69726482, 95.17912117,  99.9
 50,  12, 29.69660478, 95.17667842,  99.9
 51,  12, 29.69592310, 95.17430708,  99.9
 52,  12, 29.69521962, 95.17200666,  99.9
 53,  12, 29.69449421, 95.16977667,  99.9
 54,  12, 29.69374672, 95.16761666,  99.9
 55,  12, 29.69297699, 95.16552617,  99.9
 56,  12, 29.69218488, 95.16350477,  99.9
 57,  12, 29.69137021, 95.16155204,  99.9
 58,  12, 29.69053283, 95.15966757,  99.9
 59,  12, 29.68967255, 95.15785097,  99.9
 60,  12, 29.68878921, 95.15610186,  99.9
 61,  12, 29.68788262, 95.15441987,  99.9
 62,  12, 29.68695260, 95.15280466,  99.9
 63,  12, 29.68599895, 95.15125589,  99.9
 64,  12, 29.68502148, 95.14977323,  99.9
 65,  12, 29.68401999, 95.14835638,  99.9
 66,  12, 29.68299427, 95.14700503,  99.9
 67,  12, 29.68194411, 95.14571892,  99.9
 68,  12, 29.68086930, 95.14449776,  99.9
 69,  12, 29.67976961, 95.14334131,  99.9
 70,  12, 29.67864481, 95.14224932,  99.9
 71,  12, 29.67749467, 95.14122156,  99.9
 72,  12, 29.67631896, 95.14025782,  99.9
 73,  12, 29.67511743, 95.13935790,  99.9
 74,  12, 29.67388983, 95.13852160,  99.9
 75,  12, 29.67263590, 95.13774876,  99.9
 76,  12, 29.67135540, 95.13703920,  99.9
 77,  12, 29.67004805, 95.13639278,  99.9
 78,  12, 29.66871358, 95.13580937,  99.9
 79,  12, 29.66735171, 95.13528883,  99.9
 80,  12, 29.66596217, 95.13483106,  99.9
 81,  12, 29.66454466, 95.13443597,  99.9
 82,  12, 29.66309888, 95.13410346,  99.9
 83,  12, 29.66162455, 95.13383347,  99.9
 84,  12, 29.66012135, 95.13362593,  99.9
 85,  12, 29.65858896, 95.13348081,  99.9
 86,  12, 29.65702708, 95.13339806,  99.9
 87,  12, 29.65543538, 95.13337767,  99.9
 88,  12, 29.65381351, 95.13341963,  99.9
 89,  12, 29.65216116, 95.13352395,  99.9
 90,  12, 29.65047797, 95.13369065,  99.9
 91,  12, 29.64876359, 95.13391975,  99.9
 92,  12, 29.64701766, 95.13421130,  99.9
 93,  12, 29.64523983, 95.13456536,  99.9
 94,  12, 29.64342972, 95.13498199,  99.9
 95,  12, 29.64158695, 95.13546129,  99.9
 96,  12, 29.63971114, 95.13600335,  99.9
 97,  12, 29.63780190, 95.13660827,  99.9
 98,  12, 29.63585883, 95.13727618,  99.9
 99,  12, 29.63388152, 95.13800721,  99.9
100,  12, 29.63186957, 95.13880151,  99.9
101,  12, 29.62982254, 95.13965924,  99.9
102,  12, 29.62774003, 95.14058058,  99.9
103,  12, 29.62562158, 95.14156571,  99.9
104,  12, 29.62346676, 95.14261483,  99.9
105,  12, 29.62127512, 95.14372815,  99.9
106,  12, 29.61904620, 95.14490590,  99.9
107,  12, 29.61677954, 95.14614833,  99.9
108,  12, 29.61447466, 95.14745567,  99.9
109,  12, 29.61213107, 95.14882821,  99.9
110,  12, 29.60974830, 95.15026621,  99.9
111,  12, 29.60732584, 95.15176998,  99.9
112,  12, 29.60486318, 95.15333982,  99.9
113,  12, 29.60235982, 95.15497604,  99.9
114,  12, 29.59981522, 95.15667898,  99.9
115,  12, 29.59722886, 95.15844900,  99.9
116,  12, 29.59460019, 95.16028644,  99.9
117,  12, 29.59192867, 95.16219169,  99.9
118,  12, 29.58921373, 95.16416513,  99.9
119,  12, 29.58645480, 95.16620717,  99.9
120,  12, 29.58365132, 95.16831822,  99.9
121,  12, 29.58080270, 95.17049871,  99.9
122,  12, 29.57790832, 95.17274910,  99.9
123,  12, 29.57496760, 95.17506983,  99.9
124,  12, 29.57197992, 95.17746138,  99.9
125,  12, 29.56894464, 95.17992425,  99.9
126,  12, 29.56586114, 95.18245892,  99.9
127,  12, 29.56272877, 95.18506593,  99.9
128,  12, 29.55954687, 95.18774579,  99.9
129,  12, 29.55631478, 95.19049907,  99.9
130,  12, 29.55303181, 95.19332631,  99.9
131,  12, 29.54969729, 95.19622811,  99.9
132,  12, 29.54631050, 95.19920504,  99.9
133,  12, 29.54287075, 95.20225772,  99.9
134,  12, 29.53937731, 95.20538677,  99.9
135,  12, 29.53582944, 95.20859283,  99.9
136,  12, 29.53222641, 95.21187655,  99.9
137,  12, 29.52856746, 95.21523860,  99.9
138,  12, 29.52485182, 95.21867967,  99.9
139,  12, 29.52107871, 95.22220045,  99.9
140,  12, 29.51724734, 95.22580168,  99.9
141,  12, 29.51335691, 95.22948407,  99.9
142,  12, 29.50940660, 95.23324838,  99.9
143,  12, 29.50539558, 95.23709539,  99.9
144,  12, 29.50132300, 95.24102586,  99.9
145,  12, 29.49718802, 95.24504061,  99.9
146,  12, 29.49298977, 95.24914045,  99.9
147,  12, 29.48872736, 95.25332622,  99.9
148,  12, 29.48439990, 95.25759876,  99.9
149,  12, 29.48000648, 95.26195895,  99.9
150,  12, 29.47554618, 95.26640768,  99.9
151,  12, 29.47101805, 95.27094585,  99.9
152,  12, 29.46642116, 95.27557438,  99.9
153,  12, 29.46175452, 95.28029421,  99.9
154,  12, 29.45701717, 95.28510632,  99.9
155,  12, 29.45220810, 95.29001166,  99.9
156,  12, 29.44732631, 95.29501125,  99.9
157,  12, 29.44237076, 95.30010609,  99.9
158,  12, 29.43734042, 95.30529723,  99.9
159,  12, 29.43223423, 95.31058571,  99.9
160,  12, 29.42705111, 95.31597262,  99.9
161,  12, 29.42178997, 95.32145904,  99.9
162,  12, 29.41644971, 95.32704608,  99.9
163,  12, 29.41102920, 95.33273489,  99.9
164,  12, 29.40552729, 95.33852662,  99.9
165,  12, 29.39994284, 95.34442243,  99.9
166,  12, 29.39427467, 95.35042354,  99.9
167,  12, 29.38852157, 95.35653114,  99.9
168,  12, 29.38268235, 95.36274649,  99.9
169,  12, 29.37675577, 95.36907083,  99.9
170,  12, 29.37074057, 95.37550545,  99.9
171,  12, 29.36463550, 95.38205166,  99.9
172,  12, 29.35843926, 95.38871078,  99.9
173,  12, 29.35215056, 95.39548415,  99.9
174,  12, 29.34576805, 95.40237314,  99.9
175,  12, 29.33929041, 95.40937916,  99.9
176,  12, 29.33271625, 95.41650360,  99.9
177,  12, 29.32604420, 95.42374792,  99.9
178,  12, 29.31927284, 95.43111358,  99.9
179,  12, 29.31240075, 95.43860206,  99.9
180,  12, 29.30542647, 95.44621488,  99.9
181,  12, 29.29834854, 95.45395356,  99.9
182,  12, 29.29116546, 95.46181968,  99.9
183,  12, 29.28387570, 95.46981482,  99.9
184,  12, 29.27647774, 95.47794058,  99.9
185,  12, 29.26897000, 95.48619861,  99.9
186,  12, 29.26135090, 95.49459056,  99.9
187,  12, 29.25361884, 95.50311814,  99.9
188,  12, 29.24577216, 95.51178304,  99.9
189,  12, 29.23780922, 95.52058702,  99.9
190,  12, 29.22972834, 95.52953184,  99.9
191,  12, 29.22152779, 95.53861931,  99.9
192,  12, 29.21320584, 95.54785124,  99.9
193,  12, 29.20476074, 95.55722948,  99.9
194,  12, 29.19619070, 95.56675593,  99.9
195,  12, 29.18749390, 95.57643249,  99.9
196,  12, 29.17866849, 95.58626111,  99.9
197,  12, 29.16971261, 95.59624374,  99.9
198,  12, 29.16062436, 95.60638239,  99.9
199,  12, 29.15140182, 95.61667908,  99.9
200,  12, 29.14204302, 95.62713588,  99.9
201,  12, 29.13254599, 95.63775488,  99.9
202,  12, 29.12290870, 95.64853820,  99.9
203,  12, 29.11312912, 95.65948800,  99.9
204,  12, 29.10320517, 95.67060645,  99.9
205,  12, 29.09313473, 95.68189577,  99.9
206,  12, 29.08291568, 95.69335823,  99.9
207,  12, 29.07254584, 95.70499609,  99.9
208,  12, 29.06202301, 95.71681168,  99.9
209,  12, 29.05134496, 95.72880736,  99.9
210,  12, 29.04050940, 95.74098549,  99.9
211,  12, 29.02951404, 95.75334852,  99.9
212,  12, 29.01835655, 95.76589888,  99.9
213,  12, 29.00703454, 95.77863908,  99.9
214,  12, 28.99554560, 95.79157164,  99.9
215,  12, 28.98388730, 95.80469913,  99.9
216,  12, 28.97205714, 95.81802414,  99.9
217,  12, 28.96005262, 95.83154932,  99.9
218,  12, 28.94787116, 95.84527733,  99.9
219,  12, 28.93551018, 95.85921090,  99.9
220,  12, 28.92296704, 95.87335278,  99.9
221,  12, 28.91023906, 95.88770576,  99.9
222,  12, 28.89732353, 95.90227267,  99.9
223,  12, 28.88421769, 95.91705638,  99.9
224,  12, 28.87091876, 95.93205981,  99.9
225,  12, 28.85742387, 95.94728590,  99.9
226,  12, 28.84373016, 95.96273766,  99.9
227,  12, 28.82983470, 95.97841812,  99.9
228,  12, 28.81573452, 95.99433036,   4.5
229,  12, 28.80142660, 96.01047750,   4.6
230,  12, 28.78690788, 96.02686271,  99.9
231,  12, 28.77217527, 96.04348920,  99.9
232,  12, 28.75722559, 96.06036022,  99.9
233,  12, 28.74205566, 96.07747907,  99.9
234,  12, 28.72666223, 96.09484910,  99.9
235,  12, 28.71104199, 96.11247369,  99.9
236,  12, 28.69519160, 96.13035629,  99.9
237,  12, 28.67910767, 96.14850038,  99.9
238,  12, 28.66278673, 96.16690949,  99.9
239,  12, 28.64622530, 96.18558720,  99.9
240,  12, 28.62941981, 96.20453714,  99.9
241,  12, 28.61236666, 96.22376299,   0.0
  1,  13, 29.71103741, 95.39432459,  99.9
  2,  13, 29.71124096, 95.38753041,  99.9
  3,  13, 29.71142545, 95.38085142,  99.9
  4,  13, 29.71159095, 95.37428626,  99.9
  5,  13, 29.71173751, 95.36783354,  99.9
  6,  13, 29.71186516, 95.36149193,  99.9
  7,  13, 29.71197396, 95.35526013,  99.9
  8,  13, 29.71206394, 95.34913683,  99.9
  9,  13, 29.71213514, 95.34312076,  99.9
 10,  13, 29.71218758, 95.33721068,  99.9
 11,  13, 29.71222129, 95.33140536,  99.9
 12,  13, 29.71223628, 95.32570359,  99.9
 13,  13, 29.71223259, 95.32010420,   5.0
 14,  13, 29.71221021, 95.31460601,   5.0
 15,  13, 29.71216916, 95.30920789,   5.0
 16,  13, 29.71210944, 95.30390872,  99.9
 17,  13, 29.71203105, 95.29870740,  99.9
 18,  13, 29.71193398, 95.29360285,  99.9
 19,  13, 29.71181823, 95.28859401,  99.9
 20,  13, 29.71168378, 95.28367983,  99.9
 21,  13, 29.71153061, 95.27885931,  99.9
 22,  13, 29.71135871, 95.27413143,  99.9
 23,  13, 29.71116804, 95.26949522,  99.9
 24,  13, 29.71095858, 95.26494971,  99.9
 25,  13, 29.71073029, 95.26049396,  99.9
 26,  13, 29.71048314, 95.25612705,   6.1
 27,  13, 29.71021707, 95.25184806,  99.9
 28,  13, 29.70993205, 95.24765611,  99.9
 29,  13, 29.70962802, 95.24355033,  99.9
 30,  13, 29.70930493, 95.23952987,  99.9
 31,  13, 29.70896272, 95.23559389,  99.9
 32,  13, 29.70860132, 95.23174156,  99.9
 33,  13, 29.70822066, 95.22797210,  99.9
 34,  13, 29.70782068, 95.22428472,  99.9
 35,  13, 29.70740130, 95.22067866,  99.9
 36,  13, 29.70696243, 95.21715315,   6.0
 37,  13, 29.70650400, 95.21370748,  99.9
 38,  13, 29.70602591, 95.21034092,  99.9
 39,  13, 29.70552806, 95.20705277,  99.9
 40,  13, 29.70501037, 95.20384236,  99.9
 41,  13, 29.70447273, 95.20070901,  99.9
 42,  13, 29.70391503, 95.19765208,  99.9
 43,  13, 29.70333716, 95.19467092,  99.9
 44,  13, 29.70273901, 95.19176492,  99.9
 45,  13, 29.70212045, 95.18893347,  99.9
 46,  13, 29.70148137, 95.18617598,  99.9
 47,  13, 29.70082164, 95.18349189,  99.9
 48,  13, 29.70014111, 95.18088063,  99.9
 49,  13, 29.69943966, 95.17834166,  99.9
 50,  13, 29.69871714, 95.17587445,  99.9
 51,  13, 29.69797341, 95.17347848,  99.9
 52,  13, 29.69720831, 95.17115327,  99.9
 53,  13, 29.69642169, 95.16889832,  99.9
 54,  13, 29.69561339, 95.16671316,  99.9
 55,  13, 29.69478325, 95.16459735,  99.9
 56,  13, 29.69393109, 95.16255043,  99.9
 57,  13, 29.69305674, 95.16057199,  99.9
 58,  13, 29.69216003, 95.15866161,  99.9
 59,  13, 29.69124076, 95.15681889,  99.9
 60,  13, 29.69029875, 95.15504346,  99.9
 61,  13, 29.68933381, 95.15333493,  99.9
 62,  13, 29.68834574, 95.15169295,  99.9
 63,  13, 29.68733433, 95.15011719,  99.9
 64,  13, 29.68629938, 95.14860730,  99.9
 65,  13, 29.68524068, 95.14716298,  99.9
 66,  13, 29.68415800, 95.14578393,  99.9
 67,  13, 29.68305112, 95.14446985,  99.9
 68,  13, 29.68191982, 95.14322048,  99.9
 69,  13, 29.68076385, 95.14203555,  99.9
 70,  13, 29.67958299, 95.14091481,  99.9
 71,  13, 29.67837699, 95.13985802,  99.9
 72,  13, 29.67714559, 95.13886498,  99.9
 73,  13, 29.67588855, 95.13793546,  99.9
 74,  13, 29.67460560, 95.13706928,  99.9
 75,  13, 29.67329647, 95.13626624,  99.9
 76,  13, 29.67196090, 95.13552619,  99.9
 77,  13, 29.67059861, 95.13484897,  99.9
 78,  13, 29.66920932, 95.13423443,  99.9
 79,  13, 29.66779274, 95.13368245,  99.9
 80,  13, 29.66634856, 95.13319290,  99.9
 81,  13, 29.66487651, 95.13276568,  99.9
 82,  13, 29.66337626, 95.13240071,  99.9
 83,  13, 29.66184751, 95.13209790,  99.9
 84,  13, 29.66028993, 95.13185718,  99.9
 85,  13, 29.65870321, 95.13167851,  99.9
 86,  13, 29.65708702, 95.13156185,  99.9
 87,  13, 29.65544102, 95.13150716,  99.9
 88,  13, 29.65376486, 95.13151444,  99.9
 89,  13, 29.65205820, 95.13158368,  99.9
 90,  13, 29.65032068, 95.13171489,  99.9
 91,  13, 29.64855195, 95.13190810,  99.9
 92,  13, 29.64675162, 95.13216334,  99.9
 93,  13, 29.64491933, 95.13248066,  99.9
 94,  13, 29.64305470, 95.13286013,  99.9
 95,  13, 29.64115734, 95.13330183,  99.9
 96,  13, 29.63922684, 95.13380583,  99.9
 97,  13, 29.63726282, 95.13437224,  99.9
 98,  13, 29.63526485, 95.13500117,  99.9
 99,  13, 29.63323253, 95.13569276,  99.9
100,  13, 29.63116542, 95.13644713,  99.9
101,  13, 29.62906310, 95.13726445,  99.9
102,  13, 29.62692514, 95.13814487,  99.9
103,  13, 29.62475107, 95.13908858,  99.9
104,  13, 29.62254045, 95.14009576,  99.9
105,  13, 29.62029282, 95.14116663,  99.9
106,  13, 29.61800771, 95.14230139,  99.9
107,  13, 29.61568464, 95.14350029,  99.9
108,  13, 29.61332312, 95.14476355,  99.9
109,  13, 29.61092267, 95.14609145,  99.9
110,  13, 29.60848278, 95.14748424,  99.9
111,  13, 29.60600293, 95.14894222,  99.9
112,  13, 29.60348263, 95.15046569,  99.9
113,  13, 29.60092132, 95.15205494,  99.9
114,  13, 29.59831849, 95.15371030,  99.9
115,  13, 29.59567358, 95.15543212,  99.9
116,  13, 29.59298605, 95.15722074,  99.9
117,  13, 29.59025533, 95.15907653,  99.9
118,  13, 29.58748084, 95.16099986,  99.9
119,  13, 29.58466202, 95.16299114,  99.9
120,  13, 29.58179827, 95.16505075,  99.9
121,  13, 29.57888899, 95.16717914,  99.9
122,  13, 29.57593357, 95.16937672,  99.9
123,  13, 29.57293139, 95.17164394,  99.9
124,  13, 29.56988183, 95.17398128,  99.9
125,  13, 29.56678425, 95.17638920,  99.9
126,  13, 29.56363800, 95.17886820,  99.9
127,  13, 29.56044241, 95.18141878,  99.9
128,  13, 29.55719683, 95.18404147,  99.9
129,  13, 29.55390056, 95.18673679,  99.9
130,  13, 29.55055293, 95.18950530,  99.9
131,  13, 29.54715322, 95.19234757,  99.9
132,  13, 29.54370074, 95.19526416,  99.9
133,  13, 29.54019474, 95.19825569,  99.9
134,  13, 29.53663451, 95.20132275,  99.9
135,  13, 29.53301928, 95.20446597,  99.9
136,  13, 29.52934831, 95.20768600,  99.9
137,  13, 29.52562083, 95.21098349,  99.9
138,  13, 29.52183605, 95.21435911,  99.9
139,  13, 29.51799318, 95.21781355,  99.9
140,  13, 29.51409142, 95.22134751,  99.9
141,  13, 29.51012994, 95.22496172,  99.9
142,  13, 29.50610791, 95.22865691,  99.9
143,  13, 29.50202450, 95.23243383,  99.9
144,  13, 29.49787884, 95.23629325,  99.9
145,  13, 29.49367006, 95.24023596,  99.9
146,  13, 29.48939729, 95.24426277,  99.9
147,  13, 29.48505961, 95.24837448,  99.9
148,  13, 29.48065614, 95.25257194,  99.9
149,  13, 29.47618593, 95.25685601,  99.9
150,  13, 29.47164805, 95.26122755,  99.9
151,  13, 29.46704155, 95.26568745,  99.9
152,  13, 29.46236545, 95.27023662,  99.9
153,  13, 29.45761879, 95.27487598,  99.9
154,  13, 29.45280055, 95.27960649,  99.9
155,  13, 29.44790973, 95.28442909,  99.9
156,  13, 29.44294531, 95.28934477,  99.9
157,  13, 29.43790622, 95.29435453,  99.9
158,  13, 29.43279143, 95.29945939,  99.9
159,  13, 29.42759984, 95.30466038,  99.9
160,  13, 29.42233038, 95.30995856,  99.9
161,  13, 29.41698193, 95.31535500,  99.9
162,  13, 29.41155336, 95.32085080,  99.9
163,  13, 29.40604354, 95.32644707,  99.9
164,  13, 29.40045130, 95.33214495,  99.9
165,  13, 29.39477547, 95.33794559,  99.9
166,  13, 29.38901485, 95.34385018,  99.9
167,  13, 29.38316824, 95.34985989,  99.9
168,  13, 29.37723439, 95.35597596,  99.9
169,  13, 29.37121207, 95.36219962,  99.9
170,  13, 29.36509999, 95.36853213,  99.9
171,  13, 29.35889688, 95.37497477,  99.9
172,  13, 29.35260143, 95.38152885,  99.9
173,  13, 29.34621231, 95.38819569,  99.9
174,  13, 29.33972818, 95.39497664,  99.9
175,  13, 29.33314766, 95.40187307,  99.9
176,  13, 29.32646937, 95.40888637,  99.9
177,  13, 29.31969190, 95.41601795,  99.9
178,  13, 29.31281383, 95.42326927,  99.9
179,  13, 29.30583370, 95.43064178,  99.9
180,  13, 29.29875003, 95.43813696,  99.9
181,  13, 29.29156134, 95.44575634,  99.9
182,  13, 29.28426611, 95.45350144,  99.9
183,  13, 29.27686279, 95.46137383,  99.9
184,  13, 29.26934983, 95.46937509,  99.9
185,  13, 29.26172564, 95.47750684,  99.9
186,  13, 29.25398860, 95.48577070,  99.9
187,  13, 29.24613708, 95.49416835,  99.9
188,  13, 29.23816943, 95.50270147,  99.9
189,  13, 29.23008396, 95.51137177,  99.9
190,  13, 29.22187895, 95.52018100,  99.9
191,  13, 29.21355269, 95.52913092,  99.9
192,  13, 29.20510339, 95.53822334,  99.9
193,  13, 29.19652928, 95.54746008,  99.9
194,  13, 29.18782855, 95.55684298,  99.9
195,  13, 29.17899934, 95.56637393,  99.9
196,  13, 29.17003980, 95.57605484,  99.9
197,  13, 29.16094803, 95.58588765,  99.9
198,  13, 29.15172209, 95.59587432,  99.9
199,  13, 29.14236004, 95.60601686,  99.9
200,  13, 29.13285990, 95.61631728,  99.9
201,  13, 29.12321964, 95.62677765,  99.9
202,  13, 29.11343723, 95.63740006,  99.9
203,  13, 29.10351059, 95.64818662,  99.9
204,  13, 29.09343762, 95.65913949,  99.9
205,  13, 29.08321618, 95.67026086,  99.9
206,  13, 29.07284410, 95.68155293,  99.9
207,  13, 29.06231918, 95.69301795,  99.9
208,  13, 29.05163919, 95.70465822,  99.9
209,  13, 29.04080185, 95.71647604,  99.9
210,  13, 29.02980488, 95.72847376,  99.9
211,  13, 29.01864592, 95.74065376,  99.9
212,  13, 29.00732262, 95.75301847,  99.9
213,  13, 28.99583255, 95.76557033,  99.9
214,  13, 28.98417329, 95.77831184,  99.9
215,  13, 28.97234235, 95.79124551,  99.9
216,  13, 28.96033721, 95.80437392,  99.9
217,  13, 28.94815532, 95.81769965,  99.9
218,  13, 28.93579408, 95.83122535,  99.9
219,  13, 28.92325087, 95.84495368,  99.9
220,  13, 28.91052302, 95.85888735,  99.9
221,  13, 28.89760780, 95.87302911,  99.9
222,  13, 28.88450248, 95.88738176,  99.9
223,  13, 28.87120425, 95.90194812,  99.9
224,  13, 28.85771028, 95.91673105,  99.9
225,  13, 28.84401769, 95.93173347,  99.9
226,  13, 28.83012357, 95.94695832,  99.9
227,  13, 28.81602494, 95.96240859,  99.9
228,  13, 28.80171880, 95.97808731,  99.9
229,  13, 28.78720209, 95.99399757,   4.8
230,  13, 28.77247170, 96.01014247,  99.9
231,  13, 28.75752450, 96.02652517,  99.9
232,  13, 28.74235729, 96.04314888,  99.9
233,  13, 28.72696683, 96.06001685,  99.9
234,  13, 28.71134981, 96.07713237,  99.9
235,  13, 28.69550291, 96.09449878,  99.9
236,  13, 28.67942272, 96.11211946,  99.9
237,  13, 28.66310581, 96.12999784,  99.9
238,  13, 28.64654868, 96.14813741,  99.9
239,  13, 28.62974779, 96.16654168,  99.9
240,  13, 28.61269953, 96.18521422,  99.9
241,  13, 28.59540024, 96.20415867,  99.9
  1,  14, 29.71702872, 95.39451036,  99.9
  2,  14, 29.71713105, 95.38769503,  99.9
  3,  14, 29.71721556, 95.38099495,  99.9
  4,  14, 29.71728227, 95.37440873,  99.9
  5,  14, 29.71733122, 95.36793501,  99.9
  6,  14, 29.71736243, 95.36157245,  99.9
  7,  14, 29.71737592, 95.35531971,  99.9
  8,  14, 29.71737172, 95.34917551,  99.9
  9,  14, 29.71734984, 95.34313857,  99.9
 10,  14, 29.71731028, 95.33720763,  99.9
 11,  14, 29.71725306, 95.33138147,  99.9
 12,  14, 29.71717817, 95.32565888,  99.9
 13,  14, 29.71708562, 95.32003866,  99.9
 14,  14, 29.71697539, 95.31451965,  99.9
 15,  14, 29.71684748, 95.30910071,   5.3
 16,  14, 29.71670187, 95.30378070,  99.9
 17,  14, 29.71653854, 95.29855853,  99.9
 18,  14, 29.71635748, 95.29343311,  99.9
 19,  14, 29.71615864, 95.28840338,  99.9
 20,  14, 29.71594201, 95.28346829,  99.9
 21,  14, 29.71570755, 95.27862682,  99.9
 22,  14, 29.71545523, 95.27387795,  99.9
 23,  14, 29.71518498, 95.26922072,  99.9
 24,  14, 29.71489678, 95.26465414,  99.9
 25,  14, 29.71459057, 95.26017726,  99.9
 26,  14, 29.71426630, 95.25578917,   6.1
 27,  14, 29.71392390, 95.25148894,   6.1
 28,  14, 29.71356331, 95.24727569,   6.1
 29,  14, 29.71318448, 95.24314854,  99.9
 30,  14, 29.71278731, 95.23910662,  99.9
 31,  14, 29.71237175, 95.23514911,  99.9
 32,  14, 29.71193772, 95.23127518,  99.9
 33,  14, 29.71148512, 95.22748402,  99.9
 34,  14, 29.71101387, 95.22377484,  99.9
 35,  14, 29.71052389, 95.22014688,  99.9
 36,  14, 29.71001507, 95.21659938,   6.0
 37,  14, 29.70948732, 95.21313161,  99.9
 38,  14, 29.70894053, 95.20974283,  99.9
 39,  14, 29.70837459, 95.20643236,  99.9
 40,  14, 29.70778940, 95.20319949,  99.9
 41,  14, 29.70718483, 95.20004356,  99.9
 42,  14, 29.70656077, 95.19696391,  99.9
 43,  14, 29.70591709, 95.19395990,  99.9
 44,  14, 29.70525366, 95.19103091,  99.9
 45,  14, 29.70457036, 95.18817632,  99.9
 46,  14, 29.70386703, 95.18539554,  99.9
 47,  14, 29.70314355, 95.18268800,  99.9
 48,  14, 29.70239976, 95.18005313,  99.9
 49,  14, 29.70163552, 95.17749038,  99.9
 50,  14, 29.70085066, 95.17499922,  99.9
 51,  14, 29.70004503, 95.17257914,  99.9
 52,  14, 29.69921847, 95.17022961,  99.9
 53,  14, 29.69837081, 95.16795017,  99.9
 54,  14, 29.69750187, 95.16574032,  99.9
 55,  14, 29.69661148, 95.16359962,  99.9
 56,  14, 29.69569945, 95.16152762,  99.9
 57,  14, 29.69476560, 95.15952388,  99.9
 58,  14, 29.69380975, 95.15758799,  99.9
 59,  14, 29.69283168, 95.15571954,  99.9
 60,  14, 29.69183120, 95.15391815,  99.9
 61,  14, 29.69080811, 95.15218343,  99.9
 62,  14, 29.68976219, 95.15051504,  99.9
 63,  14, 29.68869323, 95.14891261,  99.9
 64,  14, 29.68760102, 95.14737581,  99.9
 65,  14, 29.68648531, 95.14590433,  99.9
 66,  14, 29.68534590, 95.14449785,  99.9
 67,  14, 29.68418253, 95.14315609,  99.9
 68,  14, 29.68299497, 95.14187876,  99.9
 69,  14, 29.68178298, 95.14066559,  99.9
 70,  14, 29.68054629, 95.13951633,  99.9
 71,  14, 29.67928467, 95.13843075,  99.9
 72,  14, 29.67799785, 95.13740860,  99.9
 73,  14, 29.67668555, 95.13644969,  99.9
 74,  14, 29.67534751, 95.13555380,  99.9
 75,  14, 29.67398346, 95.13472075,  99.9
 76,  14, 29.67259310, 95.13395036,  99.9
 77,  14, 29.67117616, 95.13324248,  99.9
 78,  14, 29.66973233, 95.13259694,  99.9
 79,  14, 29.66826132, 95.13201363,  99.9
 80,  14, 29.66676282, 95.13149240,  99.9
 81,  14, 29.66523653, 95.13103315,  99.9
 82,  14, 29.66368211, 95.13063579,  99.9
 83,  14, 29.66209926, 95.13030023,  99.9
 84,  14, 29.66048764, 95.13002639,  99.9
 85,  14, 29.65884691, 95.12981421,  99.9
 86,  14, 29.65717674, 95.12966366,  99.9
 87,  14, 29.65547678, 95.12957469,  99.9
 88,  14, 29.65374668, 95.12954728,  99.9
 89,  14, 29.65198607, 95.12958143,  99.9
 90,  14, 29.65019459, 95.12967713,  99.9
 91,  14, 29.64837186, 95.12983441,  99.9
 92,  14, 29.64651751, 95.13005330,  99.9
 93,  14, 29.64463115, 95.13033382,  99.9
 94,  14, 29.64271238, 95.13067605,  99.9
 95,  14, 29.64076081, 95.13108005,  99.9
 96,  14, 29.63877604, 95.13154590,  99.9
 97,  14, 29.63675763, 95.13207368,  99.9
 98,  14, 29.63470519, 95.13266352,  99.9
 99,  14, 29.63261827, 95.13331551,  99.9
100,  14, 29.63049644, 95.13402981,  99.9
101,  14, 29.62833927, 95.13480654,  99.9
102,  14, 29.62614629, 95.13564587,  99.9
103,  14, 29.62391705, 95.13654797,  99.9
104,  14, 29.62165110, 95.13751302,  99.9
105,  14, 29.61934794, 95.13854121,  99.9
106,  14, 29.61700711, 95.13963275,  99.9
107,  14, 29.61462811, 95.14078787,  99.9
108,  14, 29.61221046, 95.14200680,  99.9
109,  14, 29.60975363, 95.14328979,  99.9
110,  14, 29.60725712, 95.14463709,  99.9
111,  14, 29.60472042, 95.14604899,  99.9
112,  14, 29.60214298, 95.14752577,  99.9
113,  14, 29.59952427, 95.14906772,  99.9
114,  14, 29.59686374, 95.15067517,  99.9
115,  14, 29.59416084, 95.15234844,  99.9
116,  14, 29.59141500, 95.15408788,  99.9
117,  14, 29.58862564, 95.15589383,  99.9
118,  14, 29.58579219, 95.15776666,  99.9
119,  14, 29.58291405, 95.15970676,  99.9
120,  14, 29.57999063, 95.16171453,  99.9
121,  14, 29.57702130, 95.16379036,  99.9
122,  14, 29.57400544, 95.16593469,  99.9
123,  14, 29.57094243, 95.16814795,  99.9
124,  14, 29.56783163, 95.17043059,  99.9
125,  14, 29.56467238, 95.17278308,  99.9
126,  14, 29.56146403, 95.17520590,  99.9
127,  14, 29.55820589, 95.17769954,  99.9
128,  14, 29.55489730, 95.18026451,  99.9
129,  14, 29.55153755, 95.18290133,  99.9
130,  14, 29.54812594, 95.18561054,  99.9
131,  14, 29.54466176, 95.18839270,  99.9
132,  14, 29.54114429, 95.19124836,  99.9
133,  14, 29.53757278, 95.19417812,  99.9
134,  14, 29.53394649, 95.19718257,  99.9
135,  14, 29.53026466, 95.20026232,  99.9
136,  14, 29.52652651, 95.20341800,  99.9
137,  14, 29.52273127, 95.20665025,  99.9
138,  14, 29.51887814, 95.20995973,  99.9
139,  14, 29.51496630, 95.21334712,  99.9
140,  14, 29.51099495, 95.21681310,  99.9
141,  14, 29.50696324, 95.22035839,  99.9
142,  14, 29.50287034, 95.22398370,  99.9
143,  14, 29.49871538, 95.22768977,  99.9
144,  14, 29.49449749, 95.23147735,  99.9
145,  14, 29.49021579, 95.23534723,  99.9
146,  14, 29.48586938, 95.23930017,  99.9
147,  14, 29.48145735, 95.24333700,  99.9
148,  14, 29.47697877, 95.24745853,  99.9
149,  14, 29.47243270, 95.25166559,  99.9
150,  14, 29.46781818, 95.25595905,  99.9
151,  14, 29.46313426, 95.26033978,  99.9
152,  14, 29.45837994, 95.26480866,  99.9
153,  14, 29.45355423, 95.26936662,  99.9
154,  14, 29.44865611, 95.27401456,  99.9
155,  14, 29.44368455, 95.27875344,  99.9
156,  14, 29.43863852, 95.28358422,  99.9
157,  14, 29.43351694, 95.28850788,  99.9
158,  14, 29.42831875, 95.29352542,  99.9
159,  14, 29.42304285, 95.29863786,  99.9
160,  14, 29.41768814, 95.30384624,  99.9
161,  14, 29.41225348, 95.30915161,  99.9
162,  14, 29.40673773, 95.31455504,  99.9
163,  14, 29.40113974, 95.32005764,  99.9
164,  14, 29.39545833, 95.32566052,  99.9
165,  14, 29.38969229, 95.33136482,  99.9
166,  14, 29.38384043, 95.33717168,  99.9
167,  14, 29.37790150, 95.34308230,  99.9
168,  14, 29.37187427, 95.34909785,  99.9
169,  14, 29.36575745, 95.35521957,  99.9
170,  14, 29.35954976, 95.36144868,  99.9
171,  14, 29.35324990, 95.36778646,  99.9
172,  14, 29.34685654, 95.37423417,  99.9
173,  14, 29.34036832, 95.38079313,  99.9
174,  14, 29.33378390, 95.38746466,  99.9
175,  14, 29.32710187, 95.39425011,  99.9
176,  14, 29.32032083, 95.40115084,  99.9
177,  14, 29.31343935, 95.40816826,  99.9
178,  14, 29.30645599, 95.41530377,  99.9
179,  14, 29.29936926, 95.42255882,  99.9
180,  14, 29.29217767, 95.42993486,  99.9
181,  14, 29.28487972, 95.43743339,  99.9
182,  14, 29.27747385, 95.44505592,  99.9
183,  14, 29.26995850, 95.45280398,  99.9
184,  14, 29.26233210, 95.46067913,  99.9
185,  14, 29.25459302, 95.46868296,  99.9
186,  14, 29.24673964, 95.47681707,  99.9
187,  14, 29.23877031, 95.48508310,  99.9
188,  14, 29.23068332, 95.49348271,  99.9
189,  14, 29.22247699, 95.50201760,  99.9
190,  14, 29.21414956, 95.51068946,  99.9
191,  14, 29.20569930, 95.51950006,  99.9
192,  14, 29.19712440, 95.52845114,  99.9
193,  14, 29.18842305, 95.53754451,  99.9
194,  14, 29.17959342, 95.54678198,  99.9
195,  14, 29.17063365, 95.55616542,  99.9
196,  14, 29.16154182, 95.56569669,  99.9
197,  14, 29.15231603, 95.57537770,  99.9
198,  14, 29.14295431, 95.58521040,  99.9
199,  14, 29.13345469, 95.59519675,  99.9
200,  14, 29.12381516, 95.60533873,  99.9
201,  14, 29.11403367, 95.61563838,  99.9
202,  14, 29.10410816, 95.62609776,  99.9
203,  14, 29.09403651, 95.63671894,  99.9
204,  14, 29.08381660, 95.64750405,  99.9
205,  14, 29.07344627, 95.65845524,  99.9
206,  14, 29.06292330, 95.66957468,  99.9
207,  14, 29.05224547, 95.68086458,  99.9
208,  14, 29.04141052, 95.69232721,  99.9
209,  14, 29.03041615, 95.70396482,  99.9
210,  14, 29.01926002, 95.71577974,  99.9
211,  14, 29.00793977, 95.72777431,  99.9
212,  14, 28.99645299, 95.73995090,  99.9
213,  14, 28.98479725, 95.75231194,  99.9
214,  14, 28.97297006, 95.76485987,  99.9
215,  14, 28.96096892, 95.77759718,  99.9
216,  14, 28.94879127, 95.79052638,  99.9
217,  14, 28.93643453, 95.80365003,  99.9
218,  14, 28.92389606, 95.81697073,  99.9
219,  14, 28.91117321, 95.83049111,  99.9
220,  14, 28.89826326, 95.84421383,  99.9
221,  14, 28.88516347, 95.85814160,  99.9
222,  14, 28.87187105, 95.87227715,  99.9
223,  14, 28.85838317, 95.88662329,  99.9
224,  14, 28.84469695, 95.90118282,  99.9
225,  14, 28.83080948, 95.91595861,  99.9
226,  14, 28.81671780, 95.93095356,  99.9
227,  14, 28.80241890, 95.94617061,  99.9
228,  14, 28.78790975, 95.96161275,  99.9
229,  14, 28.77318723, 95.97728299,   4.9
230,  14, 28.75824821, 95.99318442,   5.0
231,  14, 28.74308951, 96.00932014,  99.9
232,  14, 28.72770788, 96.02569329,  99.9
233,  14, 28.71210004, 96.04230709,  99.9
234,  14, 28.69626265, 96.05916476,  99.9
235,  14, 28.68019234, 96.07626960,  99.9
236,  14, 28.66388566, 96.09362493,  99.9
237,  14, 28.64733913, 96.11123413,  99.9
238,  14, 28.63054921, 96.12910063,  99.9
239,  14, 28.61351231, 96.14722788,   6.1
240,  14, 28.59622477, 96.16561941,   6.1
241,  14, 28.57868290, 96.18427879,   6.4
  1,  15, 29.72303754, 95.39457948,  99.9
  2,  15, 29.72303863, 95.38774441,  99.9
  3,  15, 29.72302312, 95.38102462,  99.9
  4,  15, 29.72299102, 95.37441872,  99.9
  5,  15, 29.72294234, 95.36792534,  99.9
  6,  15, 29.72287710, 95.36154313,  99.9
  7,  15, 29.72279528, 95.35527076,  99.9
  8,  15, 29.72269690, 95.34910694,  99.9
  9,  15, 29.72258193, 95.34305037,  99.9
 10,  15, 29.72245039, 95.33709981,  99.9
 11,  15, 29.72230224, 95.33125402,  99.9
 12,  15, 29.72213748, 95.32551179,  99.9
 13,  15, 29.72195608, 95.31987191,  99.9
 14,  15, 29.72175802, 95.31433323,  99.9
 15,  15, 29.72154327, 95.30889458,   5.7
 16,  15, 29.72131180, 95.30355485,   5.9
 17,  15, 29.72106357, 95.29831292,  99.9
 18,  15, 29.72079853, 95.29316769,  99.9
 19,  15, 29.72051666, 95.28811812,  99.9
 20,  15, 29.72021790, 95.28316314,  99.9
 21,  15, 29.71990219, 95.27830172,  99.9
 22,  15, 29.71956948, 95.27353286,  99.9
 23,  15, 29.71921972, 95.26885556,  99.9
 24,  15, 29.71885283, 95.26426885,  99.9
 25,  15, 29.71846876, 95.25977179,  99.9
 26,  15, 29.71806743, 95.25536343,  99.9
 27,  15, 29.71764877, 95.25104286,  99.9
 28,  15, 29.71721269, 95.24680917,   6.1
 29,  15, 29.71675912, 95.24266150,   6.1
 30,  15, 29.71628797, 95.23859898,  99.9
 31,  15, 29.71579915, 95.23462076,  99.9
 32,  15, 29.71529256, 95.23072602,  99.9
 33,  15, 29.71476811, 95.22691395,  99.9
 34,  15, 29.71422570, 95.22318375,  99.9
 35,  15, 29.71366521, 95.21953465,   6.0
 36,  15, 29.71308654, 95.21596590,   6.0
 37,  15, 29.71248958, 95.21247674,  99.9
 38,  15, 29.71187420, 95.20906645,  99.9
 39,  15, 29.71124029, 95.20573433,  99.9
 40,  15, 29.71058771, 95.20247968,  99.9
 41,  15, 29.70991634, 95.19930183,  99.9
 42,  15, 29.70922605, 95.19620011,  99.9
 43,  15, 29.70851669, 95.19317387,  99.9
 44,  15, 29.70778813, 95.19022249,  99.9
 45,  15, 29.70704021, 95.18734536,  99.9
 46,  15, 29.70627279, 95.18454187,  99.9
 47,  15, 29.70548571, 95.18181145,  99.9
 48,  15, 29.70467881, 95.17915352,  99.9
 49,  15, 29.70385193, 95.17656752,  99.9
 50,  15, 29.70300490, 95.17405294,  99.9
 51,  15, 29.70213754, 95.17160922,  99.9
 52,  15, 29.70124969, 95.16923588,  99.9
 53,  15, 29.70034115, 95.16693242,  99.9
 54,  15, 29.69941175, 95.16469835,  99.9
 55,  15, 29.69846130, 95.16253321,  99.9
 56,  15, 29.69748959, 95.16043655,  99.9
 57,  15, 29.69649644, 95.15840793,  99.9
 58,  15, 29.69548163, 95.15644693,  99.9
 59,  15, 29.69444497, 95.15455314,  99.9
 60,  15, 29.69338623, 95.15272617,  99.9
 61,  15, 29.69230519, 95.15096563,  99.9
 62,  15, 29.69120165, 95.14927115,  99.9
 63,  15, 29.69007536, 95.14764239,  99.9
 64,  15, 29.68892610, 95.14607901,  99.9
 65,  15, 29.68775364, 95.14458067,  99.9
 66,  15, 29.68655772, 95.14314707,  99.9
 67,  15, 29.68533810, 95.14177790,  99.9
 68,  15, 29.68409453, 95.14047287,  99.9
 69,  15, 29.68282676, 95.13923173,  99.9
 70,  15, 29.68153451, 95.13805420,  99.9
 71,  15, 29.68021753, 95.13694003,  99.9
 72,  15, 29.67887555, 95.13588901,  99.9
 73,  15, 29.67750827, 95.13490089,  99.9
 74,  15, 29.67611543, 95.13397549,  99.9
 75,  15, 29.67469673, 95.13311260,  99.9
 76,  15, 29.67325187, 95.13231203,  99.9
 77,  15, 29.67178056, 95.13157364,  99.9
 78,  15, 29.67028250, 95.13089724,  99.9
 79,  15, 29.66875737, 95.13028272,  99.9
 80,  15, 29.66720485, 95.12972992,  99.9
 81,  15, 29.66562463, 95.12923875,  99.9
 82,  15, 29.66401638, 95.12880908,  99.9
 83,  15, 29.66237975, 95.12844084,  99.9
 84,  15, 29.66071442, 95.12813393,  99.9
 85,  15, 29.65902003, 95.12788830,  99.9
 86,  15, 29.65729623, 95.12770389,  99.9
 87,  15, 29.65554267, 95.12758066,  99.9
 88,  15, 29.65375897, 95.12751857,  99.9
 89,  15, 29.65194478, 95.12751763,  99.9
 90,  15, 29.65009970, 95.12757781,  99.9
 91,  15, 29.64822336, 95.12769913,  99.9
 92,  15, 29.64631537, 95.12788161,  99.9
 93,  15, 29.64437533, 95.12812529,  99.9
 94,  15, 29.64240283, 95.12843021,  99.9
 95,  15, 29.64039746, 95.12879643,  99.9
 96,  15, 29.63835881, 95.12922403,  99.9
 97,  15, 29.63628645, 95.12971308,  99.9
 98,  15, 29.63417995, 95.13026370,  99.9
 99,  15, 29.63203887, 95.13087598,  99.9
100,  15, 29.62986276, 95.13155005,  99.9
101,  15, 29.62765117, 95.13228604,  99.9
102,  15, 29.62540364, 95.13308411,  99.9
103,  15, 29.62311970, 95.13394442,  99.9
104,  15, 29.62079887, 95.13486713,  99.9
105,  15, 29.61844067, 95.13585244,  99.9
106,  15, 29.61604461, 95.13690054,  99.9
107,  15, 29.61361018, 95.13801165,  99.9
108,  15, 29.61113688, 95.13918600,  99.9
109,  15, 29.60862419, 95.14042381,  99.9
110,  15, 29.60607159, 95.14172535,  99.9
111,  15, 29.60347855, 95.14309088,  99.9
112,  15, 29.60084451, 95.14452067,  99.9
113,  15, 29.59816894, 95.14601502,  99.9
114,  15, 29.59545127, 95.14757422,  99.9
115,  15, 29.59269093, 95.14919861,  99.9
116,  15, 29.58988735, 95.15088850,  99.9
117,  15, 29.58703995, 95.15264424,  99.9
118,  15, 29.58414812, 95.15446620,  99.9
119,  15, 29.58121126, 95.15635473,  99.9
120,  15, 29.57822876, 95.15831023,  99.9
121,  15, 29.57520000, 95.16033309,  99.9
122,  15, 29.57212434, 95.16242373,  99.9
123,  15, 29.56900113, 95.16458257,  99.9
124,  15, 29.56582973, 95.16681006,  99.9
125,  15, 29.56260947, 95.16910663,  99.9
126,  15, 29.55933968, 95.17147278,  99.9
127,  15, 29.55601967, 95.17390896,  99.9
128,  15, 29.55264875, 95.17641569,  99.9
129,  15, 29.54922622, 95.17899348,  99.9
130,  15, 29.54575135, 95.18164284,  99.9
131,  15, 29.54222341, 95.18436432,  99.9
132,  15, 29.53864168, 95.18715847,  99.9
133,  15, 29.53500540, 95.19002587,  99.9
134,  15, 29.53131381, 95.19296709,  99.9
135,  15, 29.52756613, 95.19598274,  99.9
136,  15, 29.52376159, 95.19907343,  99.9
137,  15, 29.51989937, 95.20223978,  99.9
138,  15, 29.51597868, 95.20548245,  99.9
139,  15, 29.51199870, 95.20880210,  99.9
140,  15, 29.50795858, 95.21219940,  99.9
141,  15, 29.50385748, 95.21567504,  99.9
142,  15, 29.49969455, 95.21922973,  99.9
143,  15, 29.49546891, 95.22286419,  99.9
144,  15, 29.49117967, 95.22657917,  99.9
145,  15, 29.48682593, 95.23037541,  99.9
146,  15, 29.48240679, 95.23425370,  99.9
147,  15, 29.47792131, 95.23821482,  99.9
148,  15, 29.47336855, 95.24225957,  99.9
149,  15, 29.46874756, 95.24638878,  99.9
150,  15, 29.46405737, 95.25060329,  99.9
151,  15, 29.45929699, 95.25490396,  99.9
152,  15, 29.45446543, 95.25929165,  99.9
153,  15, 29.44956167, 95.26376726,  99.9
154,  15, 29.44458469, 95.26833170,  99.9
155,  15, 29.43953342, 95.27298590,  99.9
156,  15, 29.43440683, 95.27773079,  99.9
157,  15, 29.42920382, 95.28256736,  99.9
158,  15, 29.42392332, 95.28749656,  99.9
159,  15, 29.41856420, 95.29251941,  99.9
160,  15, 29.41312534, 95.29763693,  99.9
161,  15, 29.40760559, 95.30285015,  99.9
162,  15, 29.40200381, 95.30816013,  99.9
163,  15, 29.39631881, 95.31356794,  99.9
164,  15, 29.39054940, 95.31907469,  99.9
165,  15, 29.38469436, 95.32468148,  99.9
166,  15, 29.37875246, 95.33038945,  99.9
167,  15, 29.37272245, 95.33619976,  99.9
168,  15, 29.36660307, 95.34211358,  99.9
169,  15, 29.36039303, 95.34813211,  99.9
170,  15, 29.35409101, 95.35425657,  99.9
171,  15, 29.34769570, 95.36048820,  99.9
172,  15, 29.34120575, 95.36682825,  99.9
173,  15, 29.33461979, 95.37327800,  99.9
174,  15, 29.32793644, 95.37983877,  99.9
175,  15, 29.32115428, 95.38651186,  99.9
176,  15, 29.31427190, 95.39329864,  99.9
177,  15, 29.30728783, 95.40020047,  99.9
178,  15, 29.30020062, 95.40721874,  99.9
179,  15, 29.29300876, 95.41435486,  99.9
180,  15, 29.28571074, 95.42161028,  99.9
181,  15, 29.27830503, 95.42898646,  99.9
182,  15, 29.27079005, 95.43648487,  99.9
183,  15, 29.26316423, 95.44410704,  99.9
184,  15, 29.25542596, 95.45185449,  99.9
185,  15, 29.24757361, 95.45972879,  99.9
186,  15, 29.23960552, 95.46773151,  99.9
187,  15, 29.23152000, 95.47586427,  99.9
188,  15, 29.22331536, 95.48412869,  99.9
189,  15, 29.21498986, 95.49252645,  99.9
190,  15, 29.20654174, 95.50105921,  99.9
191,  15, 29.19796922, 95.50972870,  99.9
192,  15, 29.18927049, 95.51853665,  99.9
193,  15, 29.18044371, 95.52748483,  99.9
194,  15, 29.17148701, 95.53657503,  99.9
195,  15, 29.16239851, 95.54580907,  99.9
196,  15, 29.15317628, 95.55518879,  99.9
197,  15, 29.14381838, 95.56471608,  99.9
198,  15, 29.13432281, 95.57439284,  99.9
199,  15, 29.12468759, 95.58422100,  99.9
200,  15, 29.11491066, 95.59420252,  99.9
201,  15, 29.10498996, 95.60433940,  99.9
202,  15, 29.09492339, 95.61463366,   5.0
203,  15, 29.08470882, 95.62508734,  99.9
204,  15, 29.07434408, 95.63570254,  99.9
205,  15, 29.06382699, 95.64648137,  99.9
206,  15, 29.05315530, 95.65742596,  99.9
207,  15, 29.04232678, 95.66853851,  99.9
208,  15, 29.03133910, 95.67982121,  99.9
209,  15, 29.02018996, 95.69127631,  99.9
210,  15, 29.00887698, 95.70290608,  99.9
211,  15, 28.99739777, 95.71471283,  99.9
212,  15, 28.98574988, 95.72669890,  99.9
213,  15, 28.97393086, 95.73886666,  99.9
214,  15, 28.96193819, 95.75121853,  99.9
215,  15, 28.94976932, 95.76375695,  99.9
216,  15, 28.93742167, 95.77648439,  99.9
217,  15, 28.92489262, 95.78940337,  99.9
218,  15, 28.91217951, 95.80251645,  99.9
219,  15, 28.89927964, 95.81582621,  99.9
220,  15, 28.88619026, 95.82933527,  99.9
221,  15, 28.87290859, 95.84304629,  99.9
222,  15, 28.85943181, 95.85696198,  99.9
223,  15, 28.84575705, 95.87108507,  99.9
224,  15, 28.83188139, 95.88541834,  99.9
225,  15, 28.81780190, 95.89996460,  99.9
226,  15, 28.80351556, 95.91472670,  99.9
227,  15, 28.78901935, 95.92970755,  99.9
228,  15, 28.77431016, 95.94491007,  99.9
229,  15, 28.75938486, 95.96033725,  99.9
230,  15, 28.74424028, 95.97599209,   5.2
231,  15, 28.72887319, 95.99187767,  99.9
232,  15, 28.71328030, 96.00799708,  99.9
233,  15, 28.69745829, 96.02435346,  99.9
234,  15, 28.68140379, 96.04095000,  99.9
235,  15, 28.66511337, 96.05778994,  99.9
236,  15, 28.64858355, 96.07487654,  99.9
237,  15, 28.63181080, 96.09221314,  99.9
238,  15, 28.61479153, 96.10980310,   6.2
239,  15, 28.59752211, 96.12764982,   6.1
240,  15, 28.57999885, 96.14575677,   6.1
241,  15, 28.56221800, 96.16412746,   6.0
  1,  16, 29.72906261, 95.39453189,  99.9
  2,  16, 29.72896245, 95.38767850,  99.9
  3,  16, 29.72884692, 95.38094040,  99.9
  4,  16, 29.72871602, 95.37431620,  99.9
  5,  16, 29.72856973, 95.36780450,  99.9
  6,  16, 29.72840803, 95.36140397,  99.9
  7,  16, 29.72823092, 95.35511328,  99.9
  8,  16, 29.72803836, 95.34893111,  99.9
  9,  16, 29.72783034, 95.34285618,  99.9
 10,  16, 29.72760682, 95.33688723,  99.9
 11,  16, 29.72736778, 95.33102302,  99.9
 12,  16, 29.72711317, 95.32526234,  99.9
 13,  16, 29.72684296, 95.31960398,  99.9
 14,  16, 29.72655711, 95.31404677,  99.9
 15,  16, 29.72625556, 95.30858955,  99.9
 16,  16, 29.72593827, 95.30323120,   6.2
 17,  16, 29.72560518, 95.29797059,  99.9
 18,  16, 29.72525624, 95.29280664,   6.1
 19,  16, 29.72489137, 95.28773826,   6.1
 20,  16, 29.72451053, 95.28276442,   6.1
 21,  16, 29.72411364, 95.27788407,  99.9
 22,  16, 29.72370062, 95.27309620,   6.1
 23,  16, 29.72327141, 95.26839981,  99.9
 24,  16, 29.72282591, 95.26379394,  99.9
 25,  16, 29.72236406, 95.25927761,  99.9
 26,  16, 29.72188575, 95.25484990,  99.9
 27,  16, 29.72139091, 95.25050988,   6.1
 28,  16, 29.72087943, 95.24625665,   6.1
 29,  16, 29.72035122, 95.24208932,   6.1
 30,  16, 29.71980618, 95.23800704,   6.1
 31,  16, 29.71924419, 95.23400894,  99.9
 32,  16, 29.71866516, 95.23009420,  99.9
 33,  16, 29.71806896, 95.22626201,  99.9
 34,  16, 29.71745549, 95.22251156,   6.0
 35,  16, 29.71682461, 95.21884209,   6.0
 36,  16, 29.71617621, 95.21525282,  99.9
 37,  16, 29.71551016, 95.21174300,  99.9
 38,  16, 29.71482632, 95.20831191,  99.9
 39,  16, 29.71412455, 95.20495884,  99.9
 40,  16, 29.71340473, 95.20168309,  99.9
 41,  16, 29.71266670, 95.19848397,  99.9
 42,  16, 29.71191032, 95.19536082,  99.9
 43,  16, 29.71113543, 95.19231299,  99.9
 44,  16, 29.71034188, 95.18933984,  99.9
 45,  16, 29.70952950, 95.18644076,  99.9
 46,  16, 29.70869814, 95.18361514,  99.9
 47,  16, 29.70784762, 95.18086240,  99.9
 48,  16, 29.70697778, 95.17818196,  99.9
 49,  16, 29.70608843, 95.17557327,  99.9
 50,  16, 29.70517940, 95.17303577,  99.9
 51,  16, 29.70425049, 95.17056895,  99.9
 52,  16, 29.70330153, 95.16817228,  99.9
 53,  16, 29.70233231, 95.16584528,  99.9
 54,  16, 29.70134265, 95.16358744,  99.9
 55,  16, 29.70033232, 95.16139831,  99.9
 56,  16, 29.69930114, 95.15927743,  99.9
 57,  16, 29.69824888, 95.15722436,  99.9
 58,  16, 29.69717534, 95.15523866,  99.9
 59,  16, 29.69608029, 95.15331992,  99.9
 60,  16, 29.69496351, 95.15146775,  99.9
 61,  16, 29.69382476, 95.14968175,  99.9
 62,  16, 29.69266381, 95.14796156,  99.9
 63,  16, 29.69148043, 95.14630681,  99.9
 64,  16, 29.69027437, 95.14471716,  99.9
 65,  16, 29.68904538, 95.14319228,  99.9
 66,  16, 29.68779320, 95.14173185,  99.9
 67,  16, 29.68651759, 95.14033556,  99.9
 68,  16, 29.68521827, 95.13900312,  99.9
 69,  16, 29.68389498, 95.13773425,  99.9
 70,  16, 29.68254744, 95.13652869,  99.9
 71,  16, 29.68117538, 95.13538619,  99.9
 72,  16, 29.67977851, 95.13430650,  99.9
 73,  16, 29.67835653, 95.13328939,  99.9
 74,  16, 29.67690917, 95.13233467,  99.9
 75,  16, 29.67543612, 95.13144211,  99.9
 76,  16, 29.67393706, 95.13061154,  99.9
 77,  16, 29.67241170, 95.12984279,  99.9
 78,  16, 29.67085971, 95.12913568,  99.9
 79,  16, 29.66928078, 95.12849008,  99.9
 80,  16, 29.66767457, 95.12790583,  99.9
 81,  16, 29.66604075, 95.12738283,  99.9
 82,  16, 29.66437898, 95.12692095,  99.9
 83,  16, 29.66268892, 95.12652011,  99.9
 84,  16, 29.66097022, 95.12618020,  99.9
 85,  16, 29.65922252, 95.12590117,  99.9
 86,  16, 29.65744545, 95.12568294,  99.9
 87,  16, 29.65563865, 95.12552548,  99.9
 88,  16, 29.65380173, 95.12542873,  99.9
 89,  16, 29.65193433, 95.12539269,  99.9
 90,  16, 29.65003604, 95.12541734,  99.9
 91,  16, 29.64810648, 95.12550268,  99.9
 92,  16, 29.64614524, 95.12564873,  99.9
 93,  16, 29.64415192, 95.12585551,  99.9
 94,  16, 29.64212610, 95.12612306,  99.9
 95,  16, 29.64006735, 95.12645144,  99.9
 96,  16, 29.63797525, 95.12684070,  99.9
 97,  16, 29.63584936, 95.12729093,  99.9
 98,  16, 29.63368924, 95.12780221,  99.9
 99,  16, 29.63149444, 95.12837465,  99.9
100,  16, 29.62926451, 95.12900836,  99.9
101,  16, 29.62699897, 95.12970347,  99.9
102,  16, 29.62469735, 95.13046012,  99.9
103,  16, 29.62235918, 95.13127846,  99.9
104,  16, 29.61998396, 95.13215865,  99.9
105,  16, 29.61757120, 95.13310088,  99.9
106,  16, 29.61512040, 95.13410533,  99.9
107,  16, 29.61263105, 95.13517220,  99.9
108,  16, 29.61010262, 95.13630172,  99.9
109,  16, 29.60753459, 95.13749412,  99.9
110,  16, 29.60492643, 95.13874963,  99.9
111,  16, 29.60227758, 95.14006850,  99.9
112,  16, 29.59958750, 95.14145102,  99.9
113,  16, 29.59685561, 95.14289745,  99.9
114,  16, 29.59408136, 95.14440810,  99.9
115,  16, 29.59126417, 95.14598327,  99.9
116,  16, 29.58840343, 95.14762327,  99.9
117,  16, 29.58549857, 95.14932845,  99.9
118,  16, 29.58254896, 95.15109915,  99.9
119,  16, 29.57955399, 95.15293574,  99.9
120,  16, 29.57651304, 95.15483857,  99.9
121,  16, 29.57342548, 95.15680805,  99.9
122,  16, 29.57029064, 95.15884458,  99.9
123,  16, 29.56710789, 95.16094856,  99.9
124,  16, 29.56387655, 95.16312043,  99.9
125,  16, 29.56059595, 95.16536063,  99.9
126,  16, 29.55726540, 95.16766961,  99.9
127,  16, 29.55388421, 95.17004785,  99.9
128,  16, 29.55045166, 95.17249583,  99.9
129,  16, 29.54696705, 95.17501405,  99.9
130,  16, 29.54342963, 95.17760302,  99.9
131,  16, 29.53983868, 95.18026327,  99.9
132,  16, 29.53619343, 95.18299534,  99.9
133,  16, 29.53249313, 95.18579979,  99.9
134,  16, 29.52873701, 95.18867719,  99.9
135,  16, 29.52492426, 95.19162812,  99.9
136,  16, 29.52105410, 95.19465319,  99.9
137,  16, 29.51712572, 95.19775300,  99.9
138,  16, 29.51313829, 95.20092820,  99.9
139,  16, 29.50909097, 95.20417943,  99.9
140,  16, 29.50498293, 95.20750735,  99.9
141,  16, 29.50081330, 95.21091264,  99.9
142,  16, 29.49658120, 95.21439599,  99.9
143,  16, 29.49228575, 95.21795811,  99.9
144,  16, 29.48792604, 95.22159972,  99.9
145,  16, 29.48350117, 95.22532157,  99.9
146,  16, 29.47901021, 95.22912440,  99.9
147,  16, 29.47445221, 95.23300901,  99.9
148,  16, 29.46982622, 95.23697616,  99.9
149,  16, 29.46513127, 95.24102668,  99.9
150,  16, 29.46036638, 95.24516138,  99.9
151,  16, 29.45553054, 95.24938111,  99.9
152,  16, 29.45062274, 95.25368672,  99.9
153,  16, 29.44564195, 95.25807908,  99.9
154,  16, 29.44058712, 95.26255909,  99.9
155,  16, 29.43545720, 95.26712765,  99.9
156,  16, 29.43025111, 95.27178571,  99.9
157,  16, 29.42496775, 95.27653419,  99.9
158,  16, 29.41960602, 95.28137406,  99.9
159,  16, 29.41416479, 95.28630630,  99.9
160,  16, 29.40864291, 95.29133192,  99.9
161,  16, 29.40303923, 95.29645194,  99.9
162,  16, 29.39735257, 95.30166738,  99.9
163,  16, 29.39158174, 95.30697931,  99.9
164,  16, 29.38572552, 95.31238880,  99.9
165,  16, 29.37978269, 95.31789696,  99.9
166,  16, 29.37375198, 95.32350488,  99.9
167,  16, 29.36763215, 95.32921371,  99.9
168,  16, 29.36142189, 95.33502461,  99.9
169,  16, 29.35511990, 95.34093874,  99.9
170,  16, 29.34872487, 95.34695731,  99.9
171,  16, 29.34223543, 95.35308152,  99.9
172,  16, 29.33565024, 95.35931262,  99.9
173,  16, 29.32896789, 95.36565187,  99.9
174,  16, 29.32218699, 95.37210054,  99.9
175,  16, 29.31530612, 95.37865995,  99.9
176,  16, 29.30832381, 95.38533140,  99.9
177,  16, 29.30123860, 95.39211624,  99.9
178,  16, 29.29404901, 95.39901585,  99.9
179,  16, 29.28675351, 95.40603161,  99.9
180,  16, 29.27935057, 95.41316495,  99.9
181,  16, 29.27183862, 95.42041728,  99.9
182,  16, 29.26421610, 95.42779008,  99.9
183,  16, 29.25648138, 95.43528482,  99.9
184,  16, 29.24863285, 95.44290302,  99.9
185,  16, 29.24066884, 95.45064620,  99.9
186,  16, 29.23258768, 95.45851593,  99.9
187,  16, 29.22438766, 95.46651378,  99.9
188,  16, 29.21606705, 95.47464135,  99.9
189,  16, 29.20762411, 95.48290029,  99.9
190,  16, 29.19905704, 95.49129224,  99.9
191,  16, 29.19036403, 95.49981889,  99.9
192,  16, 29.18154327, 95.50848194,  99.9
193,  16, 29.17259287, 95.51728314,  99.9
194,  16, 29.16351096, 95.52622424,  99.9
195,  16, 29.15429562, 95.53530704,  99.9
196,  16, 29.14494489, 95.54453334,  99.9
197,  16, 29.13545680, 95.55390500,  99.9
198,  16, 29.12582935, 95.56342388,  99.9
199,  16, 29.11606051, 95.57309189,  99.9
200,  16, 29.10614820, 95.58291096,  99.9
201,  16, 29.09609034, 95.59288304,   5.4
202,  16, 29.08588479, 95.60301013,   5.0
203,  16, 29.07552940, 95.61329423,  99.9
204,  16, 29.06502198, 95.62373741,  99.9
205,  16, 29.05436030, 95.63434173,   6.5
206,  16, 29.04354210, 95.64510931,  99.9
207,  16, 29.03256510, 95.65604228,  99.9
208,  16, 29.02142697, 95.66714282,  99.9
209,  16, 29.01012535, 95.67841313,  99.9
210,  16, 28.99865786, 95.68985544,  99.9
211,  16, 28.98702205, 95.70147204,  99.9
212,  16, 28.97521546, 95.71326521,  99.9
213,  16, 28.96323559, 95.72523729,  99.9
214,  16, 28.95107991, 95.73739065,  99.9
215,  16, 28.93874582, 95.74972770,  99.9
216,  16, 28.92623072, 95.76225087,  99.9
217,  16, 28.91353195, 95.77496263,  99.9
218,  16, 28.90064681, 95.78786550,   5.0
219,  16, 28.88757257, 95.80096201,  99.9
220,  16, 28.87430645, 95.81425475,  99.9
221,  16, 28.86084564, 95.82774633,  99.9
222,  16, 28.84718727, 95.84143941,  99.9
223,  16, 28.83332844, 95.85533668,  99.9
224,  16, 28.81926621, 95.86944087,  99.9
225,  16, 28.80499759, 95.88375474,  99.9
226,  16, 28.79051953, 95.89828111,  99.9
227,  16, 28.77582897, 95.91302282,  99.9
228,  16, 28.76092277, 95.92798275,  99.9
229,  16, 28.74579777, 95.94316384,  99.9
230,  16, 28.73045074, 95.95856905,   5.5
231,  16, 28.71487841, 95.97420138,   6.1
232,  16, 28.69907747, 95.99006389,   6.7
233,  16, 28.68304455, 96.00615967,  99.9
234,  16, 28.66677623, 96.02249185,  99.9
235,  16, 28.65026904, 96.03906361,   6.6
236,  16, 28.63351947, 96.05587817,   6.5
237,  16, 28.61652393, 96.07293880,   6.4
238,  16, 28.59927881, 96.09024880,   6.3
239,  16, 28.58178042, 96.10781154,   6.2
240,  16, 28.56402503, 96.12563041,   6.0
241,  16, 28.54600884, 96.14370885,   5.5
  1,  17, 29.73510268, 95.39436759,  99.9
  2,  17, 29.73490129, 95.38749731,  99.9
  3,  17, 29.73468577, 95.38074230,  99.9
  4,  17, 29.73445608, 95.37410116,  99.9
  5,  17, 29.73421219, 95.36757251,  99.9
  6,  17, 29.73395408, 95.36115499,  99.9
  7,  17, 29.73368169, 95.35484727,  99.9
  8,  17, 29.73339500, 95.34864804,  99.9
  9,  17, 29.73309396, 95.34255601,  99.9
 10,  17, 29.73277852, 95.33656991,  99.9
 11,  17, 29.73244862, 95.33068851,  99.9
 12,  17, 29.73210422, 95.32491057,  99.9
 13,  17, 29.73174525, 95.31923490,  99.9
 14,  17, 29.73137166, 95.31366032,  99.9
 15,  17, 29.73098337, 95.30818566,  99.9
 16,  17, 29.73058032, 95.30280980,   6.2
 17,  17, 29.73016244, 95.29753161,   6.2
 18,  17, 29.72972965, 95.29235000,   6.2
 19,  17, 29.72928188, 95.28726388,  99.9
 20,  17, 29.72881903, 95.28227221,   6.1
 21,  17, 29.72834103, 95.27737394,   6.1
 22,  17, 29.72784779, 95.27256806,   6.1
 23,  17, 29.72733921, 95.26785356,   6.1
 24,  17, 29.72681519, 95.26322947,   6.1
 25,  17, 29.72627565, 95.25869483,   6.1
 26,  17, 29.72572046, 95.25424868,   6.1
 27,  17, 29.72514954, 95.24989012,   6.1
 28,  17, 29.72456276, 95.24561822,  99.9
 29,  17, 29.72396002, 95.24143211,  99.9
 30,  17, 29.72334119, 95.23733090,   6.1
 31,  17, 29.72270616, 95.23331376,   6.1
 32,  17, 29.72205479, 95.22937984,  99.9
 33,  17, 29.72138697, 95.22552832,  99.9
 34,  17, 29.72070256, 95.22175841,   6.0
 35,  17, 29.72000143, 95.21806932,  99.9
 36,  17, 29.71928343, 95.21446028,  99.9
 37,  17, 29.71854842, 95.21093054,  99.9
 38,  17, 29.71779626, 95.20747936,  99.9
 39,  17, 29.71702680, 95.20410604,  99.9
 40,  17, 29.71623987, 95.20080986,  99.9
 41,  17, 29.71543533, 95.19759014,  99.9
 42,  17, 29.71461301, 95.19444621,  99.9
 43,  17, 29.71377275, 95.19137742,  99.9
 44,  17, 29.71291437, 95.18838312,  99.9
 45,  17, 29.71203771, 95.18546270,  99.9
 46,  17, 29.71114258, 95.18261554,  99.9
 47,  17, 29.71022880, 95.17984106,  99.9
 48,  17, 29.70929619, 95.17713867,  99.9
 49,  17, 29.70834456, 95.17450781,  99.9
 50,  17, 29.70737371, 95.17194794,  99.9
 51,  17, 29.70638345, 95.16945851,  99.9
 52,  17, 29.70537358, 95.16703902,  99.9
 53,  17, 29.70434388, 95.16468896,  99.9
 54,  17, 29.70329414, 95.16240784,  99.9
 55,  17, 29.70222416, 95.16019518,  99.9
 56,  17, 29.70113371, 95.15805052,  99.9
 57,  17, 29.70002258, 95.15597341,  99.9
 58,  17, 29.69889052, 95.15396343,  99.9
 59,  17, 29.69773731, 95.15202014,  99.9
 60,  17, 29.69656271, 95.15014316,  99.9
 61,  17, 29.69536648, 95.14833208,  99.9
 62,  17, 29.69414838, 95.14658652,  99.9
 63,  17, 29.69290814, 95.14490613,  99.9
 64,  17, 29.69164553, 95.14329055,  99.9
 65,  17, 29.69036027, 95.14173944,  99.9
 66,  17, 29.68905210, 95.14025249,  99.9
 67,  17, 29.68772075, 95.13882937,  99.9
 68,  17, 29.68636595, 95.13746979,  99.9
 69,  17, 29.68498742, 95.13617347,  99.9
 70,  17, 29.68358486, 95.13494014,  99.9
 71,  17, 29.68215800, 95.13376953,  99.9
 72,  17, 29.68070653, 95.13266140,  99.9
 73,  17, 29.67923016, 95.13161552,  99.9
 74,  17, 29.67772858, 95.13063167,  99.9
 75,  17, 29.67620148, 95.12970964,  99.9
 76,  17, 29.67464853, 95.12884925,  99.9
 77,  17, 29.67306943, 95.12805030,  99.9
 78,  17, 29.67146384, 95.12731262,  99.9
 79,  17, 29.66983143, 95.12663607,  99.9
 80,  17, 29.66817186, 95.12602051,  99.9
 81,  17, 29.66648478, 95.12546579,  99.9
 82,  17, 29.66476985, 95.12497180,  99.9
 83,  17, 29.66302671, 95.12453844,  99.9
 84,  17, 29.66125499, 95.12416561,  99.9
 85,  17, 29.65945434, 95.12385323,  99.9
 86,  17, 29.65762437, 95.12360124,  99.9
 87,  17, 29.65576470, 95.12340957,  99.9
 88,  17, 29.65387495, 95.12327820,  99.9
 89,  17, 29.65195472, 95.12320707,  99.9
 90,  17, 29.65000362, 95.12319619,  99.9
 91,  17, 29.64802124, 95.12324554,  99.9
 92,  17, 29.64600716, 95.12335512,  99.9
 93,  17, 29.64396097, 95.12352496,  99.9
 94,  17, 29.64188224, 95.12375510,  99.9
 95,  17, 29.63977054, 95.12404556,  99.9
 96,  17, 29.63762543, 95.12439641,  99.9
 97,  17, 29.63544645, 95.12480773,  99.9
 98,  17, 29.63323317, 95.12527958,  99.9
 99,  17, 29.63098511, 95.12581206,  99.9
100,  17, 29.62870180, 95.12640529,  99.9
101,  17, 29.62638278, 95.12705937,  99.9
102,  17, 29.62402755, 95.12777444,  99.9
103,  17, 29.62163563, 95.12855064,  99.9
104,  17, 29.61920652, 95.12938814,  99.9
105,  17, 29.61673971, 95.13028709,  99.9
106,  17, 29.61423468, 95.13124768,  99.9
107,  17, 29.61169092, 95.13227011,  99.9
108,  17, 29.60910789, 95.13335458,  99.9
109,  17, 29.60648505, 95.13450131,  99.9
110,  17, 29.60382186, 95.13571053,  99.9
111,  17, 29.60111776, 95.13698249,  99.9
112,  17, 29.59837219, 95.13831745,  99.9
113,  17, 29.59558456, 95.13971568,  99.9
114,  17, 29.59275431, 95.14117746,  99.9
115,  17, 29.58988084, 95.14270309,  99.9
116,  17, 29.58696354, 95.14429287,  99.9
117,  17, 29.58400182, 95.14594714,  99.9
118,  17, 29.58099504, 95.14766623,  99.9
119,  17, 29.57794259, 95.14945049,  99.9
120,  17, 29.57484382, 95.15130028,  99.9
121,  17, 29.57169809, 95.15321597,  99.9
122,  17, 29.56850474, 95.15519797,  99.9
123,  17, 29.56526309, 95.15724666,  99.9
124,  17, 29.56197249, 95.15936247,  99.9
125,  17, 29.55863222, 95.16154584,  99.9
126,  17, 29.55524161, 95.16379719,  99.9
127,  17, 29.55179993, 95.16611700,  99.9
128,  17, 29.54830648, 95.16850573,  99.9
129,  17, 29.54476051, 95.17096387,  99.9
130,  17, 29.54116128, 95.17349192,  99.9
131,  17, 29.53750805, 95.17609040,  99.9
132,  17, 29.53380005, 95.17875983,  99.9
133,  17, 29.53003649, 95.18150077,  99.9
134,  17, 29.52621661, 95.18431375,  99.9
135,  17, 29.52233959, 95.18719937,  99.9
136,  17, 29.51840462, 95.19015820,  99.9
137,  17, 29.51441088, 95.19319085,  99.9
138,  17, 29.51035753, 95.19629793,  99.9
139,  17, 29.50624373, 95.19948008,  99.9
140,  17, 29.50206861, 95.20273794,  99.9
141,  17, 29.49783130, 95.20607219,  99.9
142,  17, 29.49353092, 95.20948348,  99.9
143,  17, 29.48916655, 95.21297253,  99.9
144,  17, 29.48473728, 95.21654004,  99.9
145,  17, 29.48024220, 95.22018673,  99.9
146,  17, 29.47568035, 95.22391334,  99.9
147,  17, 29.47105078, 95.22772064,  99.9
148,  17, 29.46635252, 95.23160940,  99.9
149,  17, 29.46158458, 95.23558040,  99.9
150,  17, 29.45674597, 95.23963445,  99.9
151,  17, 29.45183566, 95.24377238,  99.9
152,  17, 29.44685264, 95.24799503,  99.9
153,  17, 29.44179585, 95.25230325,  99.9
154,  17, 29.43666424, 95.25669792,  99.9
155,  17, 29.43145672, 95.26117993,  99.9
156,  17, 29.42617221, 95.26575019,  99.9
157,  17, 29.42080959, 95.27040963,  99.9
158,  17, 29.41536775, 95.27515918,  99.9
159,  17, 29.40984553, 95.27999982,  99.9
160,  17, 29.40424178, 95.28493253,  99.9
161,  17, 29.39855533, 95.28995830,  99.9
162,  17, 29.39278497, 95.29507815,  99.9
163,  17, 29.38692950, 95.30029312,  99.9
164,  17, 29.38098769, 95.30560427,  99.9
165,  17, 29.37495829, 95.31101267,  99.9
166,  17, 29.36884003, 95.31651941,  99.9
167,  17, 29.36263163, 95.32212561,  99.9
168,  17, 29.35633178, 95.32783240,  99.9
169,  17, 29.34993916, 95.33364093,  99.9
170,  17, 29.34345242, 95.33955239,  99.9
171,  17, 29.33687020, 95.34556796,  99.9
172,  17, 29.33019113, 95.35168886,  99.9
173,  17, 29.32341378, 95.35791632,  99.9
174,  17, 29.31653674, 95.36425160,  99.9
175,  17, 29.30955857, 95.37069598,  99.9
176,  17, 29.30247778, 95.37725076,  99.9
177,  17, 29.29529290, 95.38391726,  99.9
178,  17, 29.28800241, 95.39069682,  99.9
179,  17, 29.28060478, 95.39759080,  99.9
180,  17, 29.27309844, 95.40460061,  99.9
181,  17, 29.26548183, 95.41172764,  99.9
182,  17, 29.25775333, 95.41897334,  99.9
183,  17, 29.24991131, 95.42633915,  99.9
184,  17, 29.24195414, 95.43382656,  99.9
185,  17, 29.23388012, 95.44143708,  99.9
186,  17, 29.22568756, 95.44917223,  99.9
187,  17, 29.21737473, 95.45703356,  99.9
188,  17, 29.20893988, 95.46502266,  99.9
189,  17, 29.20038123, 95.47314112,  99.9
190,  17, 29.19169698, 95.48139057,  99.9
191,  17, 29.18288530, 95.48977267,  99.9
192,  17, 29.17394432, 95.49828910,  99.9
193,  17, 29.16487216, 95.50694155,  99.9
194,  17, 29.15566690, 95.51573177,  99.9
195,  17, 29.14632661, 95.52466150,  99.9
196,  17, 29.13684932, 95.53373254,  99.9
197,  17, 29.12723301, 95.54294669,  99.9
198,  17, 29.11747566, 95.55230580,  99.9
199,  17, 29.10757522, 95.56181174,  99.9
200,  17, 29.09752958, 95.57146639,  99.9
201,  17, 29.08733663, 95.58127169,   5.4
202,  17, 29.07699421, 95.59122959,  99.9
203,  17, 29.06650014, 95.60134206,  99.9
204,  17, 29.05585219, 95.61161113,  99.9
205,  17, 29.04504812, 95.62203884,   6.8
206,  17, 29.03408564, 95.63262726,  99.9
207,  17, 29.02296243, 95.64337849,  99.9
208,  17, 29.01167614, 95.65429466,  99.9
209,  17, 29.00022438, 95.66537794,  99.9
210,  17, 28.98860473, 95.67663054,  99.9
211,  17, 28.97681472, 95.68805467,  99.9
212,  17, 28.96485187, 95.69965261,  99.9
213,  17, 28.95271362, 95.71142664,  99.9
214,  17, 28.94039743, 95.72337909,  99.9
215,  17, 28.92790066, 95.73551233,  99.9
216,  17, 28.91522068, 95.74782875,  99.9
217,  17, 28.90235480, 95.76033079,  99.9
218,  17, 28.88930028, 95.77302090,   5.1
219,  17, 28.87605437, 95.78590159,  99.9
220,  17, 28.86261424, 95.79897539,  99.9
221,  17, 28.84897705, 95.81224488,  99.9
222,  17, 28.83513991, 95.82571266,  99.9
223,  17, 28.82109986, 95.83938138,  99.9
224,  17, 28.80685395, 95.85325372,  99.9
225,  17, 28.79239912, 95.86733240,  99.9
226,  17, 28.77773233, 95.88162019,  99.9
227,  17, 28.76285044, 95.89611987,  99.9
228,  17, 28.74775030, 95.91083429,  99.9
229,  17, 28.73242869, 95.92576632,   6.5
230,  17, 28.71688236, 95.94091888,  99.9
231,  17, 28.70110800, 95.95629492,   7.3
232,  17, 28.68510225, 95.97189744,   7.3
233,  17, 28.66886170, 95.98772948,   7.2
234,  17, 28.65238290, 96.00379412,   7.2
235,  17, 28.63566234, 96.02009448,   6.6
236,  17, 28.61869645, 96.03663374,   6.5
237,  17, 28.60148162, 96.05341509,   6.5
238,  17, 28.58401418, 96.07044179,   6.4
239,  17, 28.56629040, 96.08771713,   6.3
240,  17, 28.54830651, 96.10524447,   6.3
241,  17, 28.53005867, 96.12302718,   0.0
  1,  18, 29.74115650, 95.39408660,  99.9
  2,  18, 29.74085391, 95.38720085,  99.9
  3,  18, 29.74053843, 95.38043033,  99.9
  4,  18, 29.74020999, 95.37377364,  99.9
  5,  18, 29.73986856, 95.36722938,  99.9
  6,  18, 29.73951408, 95.36079621,  99.9
  7,  18, 29.73914648, 95.35447278,  99.9
  8,  18, 29.73876571, 95.34825777,  99.9
  9,  18, 29.73837170, 95.34214991,  99.9
 10,  18, 29.73796439, 95.33614791,  99.9
 11,  18, 29.73754371, 95.33025053,  99.9
 12,  18, 29.73710958, 95.32445654,  99.9
 13,  18, 29.73666192, 95.31876474,  99.9
 14,  18, 29.73620066, 95.31317394,  99.9
 15,  18, 29.73572571, 95.30768299,  99.9
 16,  18, 29.73523699, 95.30229073,  99.9
 17,  18, 29.73473440, 95.29699606,  99.9
 18,  18, 29.73421785, 95.29179786,  99.9
 19,  18, 29.73368725, 95.28669506,  99.9
 20,  18, 29.73314249, 95.28168660,  99.9
 21,  18, 29.73258348, 95.27677143,   6.1
 22,  18, 29.73201011, 95.27194854,  99.9
 23,  18, 29.73142227, 95.26721691,  99.9
 24,  18, 29.73081984, 95.26257557,  99.9
 25,  18, 29.73020271, 95.25802354,  99.9
 26,  18, 29.72957076, 95.25355989,  99.9
 27,  18, 29.72892388, 95.24918369,  99.9
 28,  18, 29.72826192, 95.24489401,  99.9
 29,  18, 29.72758476, 95.24068998,  99.9
 30,  18, 29.72689228, 95.23657072,  99.9
 31,  18, 29.72618432, 95.23253536,   6.0
 32,  18, 29.72546077, 95.22858308,   6.0
 33,  18, 29.72472146, 95.22471304,   6.0
 34,  18, 29.72396625, 95.22092444,   6.0
 35,  18, 29.72319500, 95.21721650,   6.0
 36,  18, 29.72240755, 95.21358844,  99.9
 37,  18, 29.72160374, 95.21003951,  99.9
 38,  18, 29.72078342, 95.20656897,  99.9
 39,  18, 29.71994640, 95.20317609,  99.9
 40,  18, 29.71909254, 95.19986017,  99.9
 41,  18, 29.71822166, 95.19662052,  99.9
 42,  18, 29.71733357, 95.19345647,  99.9
 43,  18, 29.71642811, 95.19036735,  99.9
 44,  18, 29.71550508, 95.18735253,  99.9
 45,  18, 29.71456431, 95.18441137,  99.9
 46,  18, 29.71360560, 95.18154327,  99.9
 47,  18, 29.71262875, 95.17874762,  99.9
 48,  18, 29.71163356, 95.17602384,  99.9
 49,  18, 29.71061985, 95.17337137,  99.9
 50,  18, 29.70958739, 95.17078965,  99.9
 51,  18, 29.70853597, 95.16827815,  99.9
 52,  18, 29.70746539, 95.16583634,  99.9
 53,  18, 29.70637542, 95.16346371,  99.9
 54,  18, 29.70526584, 95.16115977,  99.9
 55,  18, 29.70413642, 95.15892404,  99.9
 56,  18, 29.70298693, 95.15675605,  99.9
 57,  18, 29.70181714, 95.15465535,  99.9
 58,  18, 29.70062680, 95.15262150,  99.9
 59,  18, 29.69941567, 95.15065407,  99.9
 60,  18, 29.69818350, 95.14875267,  99.9
 61,  18, 29.69693004, 95.14691688,  99.9
 62,  18, 29.69565503, 95.14514633,  99.9
 63,  18, 29.69435820, 95.14344064,  99.9
 64,  18, 29.69303929, 95.14179947,  99.9
 65,  18, 29.69169803, 95.14022246,  99.9
 66,  18, 29.69033414, 95.13870929,  99.9
 67,  18, 29.68894734, 95.13725964,  99.9
 68,  18, 29.68753733, 95.13587321,  99.9
 69,  18, 29.68610384, 95.13454971,  99.9
 70,  18, 29.68464656, 95.13328885,  99.9
 71,  18, 29.68316520, 95.13209039,  99.9
 72,  18, 29.68165944, 95.13095406,  99.9
 73,  18, 29.68012897, 95.12987962,  99.9
 74,  18, 29.67857348, 95.12886686,  99.9
 75,  18, 29.67699264, 95.12791555,  99.9
 76,  18, 29.67538613, 95.12702550,  99.9
 77,  18, 29.67375362, 95.12619652,  99.9
 78,  18, 29.67209476, 95.12542844,  99.9
 79,  18, 29.67040921, 95.12472110,  99.9
 80,  18, 29.66869662, 95.12407433,  99.9
 81,  18, 29.66695663, 95.12348801,  99.9
 82,  18, 29.66518890, 95.12296202,  99.9
 83,  18, 29.66339303, 95.12249623,  99.9
 84,  18, 29.66156867, 95.12209056,  99.9
 85,  18, 29.65971544, 95.12174491,  99.9
 86,  18, 29.65783295, 95.12145921,  99.9
 87,  18, 29.65592080, 95.12123339,  99.9
 88,  18, 29.65397861, 95.12106740,  99.9
 89,  18, 29.65200596, 95.12096122,  99.9
 90,  18, 29.65000244, 95.12091481,  99.9
 91,  18, 29.64796765, 95.12092815,  99.9
 92,  18, 29.64590115, 95.12100126,  99.9
 93,  18, 29.64380252, 95.12113413,  99.9
 94,  18, 29.64167132, 95.12132680,  99.9
 95,  18, 29.63950710, 95.12157929,  99.9
 96,  18, 29.63730942, 95.12189167,  99.9
 97,  18, 29.63507781, 95.12226398,  99.9
 98,  18, 29.63281181, 95.12269631,  99.9
 99,  18, 29.63051095, 95.12318873,  99.9
100,  18, 29.62817476, 95.12374135,  99.9
101,  18, 29.62580273, 95.12435427,  99.9
102,  18, 29.62339439, 95.12502763,  99.9
103,  18, 29.62094922, 95.12576154,  99.9
104,  18, 29.61846671, 95.12655617,  99.9
105,  18, 29.61594636, 95.12741167,  99.9
106,  18, 29.61338762, 95.12832821,  99.9
107,  18, 29.61078998, 95.12930598,  99.9
108,  18, 29.60815288, 95.13034518,  99.9
109,  18, 29.60547578, 95.13144601,  99.9
110,  18, 29.60275812, 95.13260870,  99.9
111,  18, 29.59999933, 95.13383349,  99.9
112,  18, 29.59719883, 95.13512062,  99.9
113,  18, 29.59435605, 95.13647036,  99.9
114,  18, 29.59147038, 95.13788297,  99.9
115,  18, 29.58854123, 95.13935875,  99.9
116,  18, 29.58556798, 95.14089799,  99.9
117,  18, 29.58255001, 95.14250102,  99.9
118,  18, 29.57948669, 95.14416814,  99.9
119,  18, 29.57637738, 95.14589971,  99.9
120,  18, 29.57322143, 95.14769607,  99.9
121,  18, 29.57001819, 95.14955759,  99.9
122,  18, 29.56676698, 95.15148465,  99.9
123,  18, 29.56346712, 95.15347765,  99.9
124,  18, 29.56011793, 95.15553697,  99.9
125,  18, 29.55671870, 95.15766305,  99.9
126,  18, 29.55326872, 95.15985632,  99.9
127,  18, 29.54976728, 95.16211723,  99.9
128,  18, 29.54621363, 95.16444622,  99.9
129,  18, 29.54260704, 95.16684379,  99.9
130,  18, 29.53894675, 95.16931041,  99.9
131,  18, 29.53523200, 95.17184658,  99.9
132,  18, 29.53146201, 95.17445283,  99.9
133,  18, 29.52763598, 95.17712969,  99.9
134,  18, 29.52375313, 95.17987769,  99.9
135,  18, 29.51981264, 95.18269740,  99.9
136,  18, 29.51581367, 95.18558939,  99.9
137,  18, 29.51175541, 95.18855425,  99.9
138,  18, 29.50763699, 95.19159259,  99.9
139,  18, 29.50345755, 95.19470501,  99.9
140,  18, 29.49921623, 95.19789216,  99.9
141,  18, 29.49491212, 95.20115468,  99.9
142,  18, 29.49054433, 95.20449323,  99.9
143,  18, 29.48611195, 95.20790850,  99.9
144,  18, 29.48161405, 95.21140118,  99.9
145,  18, 29.47704968, 95.21497197,  99.9
146,  18, 29.47241789, 95.21862160,  99.9
147,  18, 29.46771770, 95.22235082,  99.9
148,  18, 29.46294814, 95.22616039,  99.9
149,  18, 29.45810821, 95.23005106,  99.9
150,  18, 29.45319688, 95.23402365,  99.9
151,  18, 29.44821313, 95.23807894,  99.9
152,  18, 29.44315592, 95.24221777,  99.9
153,  18, 29.43802418, 95.24644098,  99.9
154,  18, 29.43281683, 95.25074942,  99.9
155,  18, 29.42753280, 95.25514396,  99.9
156,  18, 29.42217096, 95.25962550,  99.9
157,  18, 29.41673020, 95.26419495,  99.9
158,  18, 29.41120937, 95.26885323,  99.9
159,  18, 29.40560731, 95.27360128,  99.9
160,  18, 29.39992285, 95.27844007,  99.9
161,  18, 29.39415480, 95.28337058,  99.9
162,  18, 29.38830194, 95.28839380,  99.9
163,  18, 29.38236305, 95.29351076,  99.9
164,  18, 29.37633687, 95.29872249,  99.9
165,  18, 29.37022215, 95.30403004,  99.9
166,  18, 29.36401760, 95.30943448,  99.9
167,  18, 29.35772192, 95.31493691,  99.9
168,  18, 29.35133378, 95.32053845,  99.9
169,  18, 29.34485185, 95.32624021,  99.9
170,  18, 29.33827476, 95.33204337,  99.9
171,  18, 29.33160112, 95.33794907,  99.9
172,  18, 29.32482954, 95.34395853,  99.9
173,  18, 29.31795860, 95.35007295,  99.9
174,  18, 29.31098684, 95.35629356,  99.9
175,  18, 29.30391281, 95.36262162,  99.9
176,  18, 29.29673501, 95.36905840,  99.9
177,  18, 29.28945194, 95.37560521,  99.9
178,  18, 29.28206206, 95.38226336,  99.9
179,  18, 29.27456383, 95.38903418,  99.9
180,  18, 29.26695565, 95.39591905,  99.9
181,  18, 29.25923594, 95.40291935,  99.9
182,  18, 29.25140306, 95.41003648,  99.9
183,  18, 29.24345537, 95.41727189,  99.9
184,  18, 29.23539119, 95.42462701,  99.9
185,  18, 29.22720884, 95.43210333,  99.9
186,  18, 29.21890657, 95.43970234,  99.9
187,  18, 29.21048265, 95.44742559,  99.9
188,  18, 29.20193530, 95.45527460,  99.9
189,  18, 29.19326272, 95.46325096,  99.9
190,  18, 29.18446308, 95.47135626,  99.9
191,  18, 29.17553453, 95.47959214,  99.9
192,  18, 29.16647518, 95.48796022,  99.9
193,  18, 29.15728313, 95.49646220,  99.9
194,  18, 29.14795644, 95.50509977,  99.9
195,  18, 29.13849313, 95.51387466,  99.9
196,  18, 29.12889122, 95.52278862,  99.9
197,  18, 29.11914868, 95.53184343,  99.9
198,  18, 29.10926345, 95.54104090,  99.9
199,  18, 29.09923344, 95.55038286,  99.9
200,  18, 29.08905654, 95.55987118,  99.9
201,  18, 29.07873061, 95.56950774,   5.4
202,  18, 29.06825345, 95.57929447,  99.9
203,  18, 29.05762285, 95.58923330,  99.9
204,  18, 29.04683658, 95.59932623,  99.9
205,  18, 29.03589235, 95.60957525,   7.5
206,  18, 29.02478785, 95.61998240,  99.9
207,  18, 29.01352073, 95.63054975,  99.9
208,  18, 29.00208860, 95.64127939,  99.9
209,  18, 28.99048906, 95.65217346,  99.9
210,  18, 28.97871964, 95.66323410,  99.9
211,  18, 28.96677787, 95.67446351,  99.9
212,  18, 28.95466120, 95.68586392,  99.9
213,  18, 28.94236708, 95.69743757,  99.9
214,  18, 28.92989291, 95.70918675,  99.9
215,  18, 28.91723604, 95.72111379,  99.9
216,  18, 28.90439379, 95.73322104,  99.9
217,  18, 28.89136344, 95.74551088,  99.9
218,  18, 28.87814224, 95.75798573,   5.4
219,  18, 28.86472737, 95.77064806,  99.9
220,  18, 28.85111600, 95.78350035,  99.9
221,  18, 28.83730524, 95.79654513,  99.9
222,  18, 28.82329216, 95.80978497,   7.2
223,  18, 28.80907379, 95.82322246,   7.6
224,  18, 28.79464711, 95.83686023,  99.9
225,  18, 28.78000906, 95.85070097,  99.9
226,  18, 28.76515654, 95.86474737,   7.2
227,  18, 28.75008638, 95.87900219,   7.5
228,  18, 28.73479540, 95.89346822,  99.9
229,  18, 28.71928033, 95.90814828,   7.4
230,  18, 28.70353789, 95.92304523,   7.3
231,  18, 28.68756473, 95.93816198,   7.3
232,  18, 28.67135745, 95.95350148,   7.2
233,  18, 28.65491261, 95.96906670,   7.2
234,  18, 28.63822671, 95.98486068,   7.1
235,  18, 28.62129620, 96.00088648,   6.6
236,  18, 28.60411747, 96.01714721,   6.5
237,  18, 28.58668687, 96.03364603,   6.5
238,  18, 28.56900069, 96.05038613,   6.6
239,  18, 28.55105516, 96.06737074,   7.0
240,  18, 28.53284646, 96.08460316,   7.1
241,  18, 28.51437070, 96.10208671,   7.6
  1,  19, 29.74722280, 95.39368895,  99.9
  2,  19, 29.74681907, 95.38678916,  99.9
  3,  19, 29.74640369, 95.38000454,  99.9
  4,  19, 29.74597657, 95.37333368,  99.9
  5,  19, 29.74553766, 95.36677518,  99.9
  6,  19, 29.74508687, 95.36032769,  99.9
  7,  19, 29.74462413, 95.35398986,  99.9
  8,  19, 29.74414936, 95.34776037,  99.9
  9,  19, 29.74366246, 95.34163794,  99.9
 10,  19, 29.74316337, 95.33562129,  99.9
 11,  19, 29.74265198, 95.32970915,  99.9
 12,  19, 29.74212821, 95.32390032,  99.9
 13,  19, 29.74159195, 95.31819357,  99.9
 14,  19, 29.74104311, 95.31258773,  99.9
 15,  19, 29.74048160, 95.30708161,  99.9
 16,  19, 29.73990729, 95.30167409,  99.9
 17,  19, 29.73932010, 95.29636403,  99.9
 18,  19, 29.73871989, 95.29115034,  99.9
 19,  19, 29.73810658, 95.28603191,  99.9
 20,  19, 29.73748002, 95.28100770,   6.1
 21,  19, 29.73684011, 95.27607666,   6.1
 22,  19, 29.73618673, 95.27123775,  99.9
 23,  19, 29.73551974, 95.26648997,  99.9
 24,  19, 29.73483902, 95.26183234,  99.9
 25,  19, 29.73414444, 95.25726389,  99.9
 26,  19, 29.73343585, 95.25278366,  99.9
 27,  19, 29.73271313, 95.24839072,  99.9
 28,  19, 29.73197613, 95.24408417,  99.9
 29,  19, 29.73122470, 95.23986309,  99.9
 30,  19, 29.73045870, 95.23572662,  99.9
 31,  19, 29.72967797, 95.23167389,  99.9
 32,  19, 29.72888237, 95.22770407,  99.9
 33,  19, 29.72807172, 95.22381631,   6.0
 34,  19, 29.72724588, 95.22000982,  99.9
 35,  19, 29.72640467, 95.21628380,   6.0
 36,  19, 29.72554793, 95.21263748,   6.0
 37,  19, 29.72467548, 95.20907010,  99.9
 38,  19, 29.72378715, 95.20558091,  99.9
 39,  19, 29.72288277, 95.20216918,  99.9
 40,  19, 29.72196214, 95.19883422,  99.9
 41,  19, 29.72102509, 95.19557532,  99.9
 42,  19, 29.72007142, 95.19239180,  99.9
 43,  19, 29.71910095, 95.18928300,  99.9
 44,  19, 29.71811346, 95.18624828,  99.9
 45,  19, 29.71710877, 95.18328700,  99.9
 46,  19, 29.71608667, 95.18039854,  99.9
 47,  19, 29.71504695, 95.17758231,  99.9
 48,  19, 29.71398941, 95.17483771,  99.9
 49,  19, 29.71291381, 95.17216418,  99.9
 50,  19, 29.71181995, 95.16956116,  99.9
 51,  19, 29.71070760, 95.16702810,  99.9
 52,  19, 29.70957653, 95.16456447,  99.9
 53,  19, 29.70842652, 95.16216977,  99.9
 54,  19, 29.70725732, 95.15984350,  99.9
 55,  19, 29.70606870, 95.15758516,  99.9
 56,  19, 29.70486041, 95.15539429,  99.9
 57,  19, 29.70363220, 95.15327043,  99.9
 58,  19, 29.70238383, 95.15121314,  99.9
 59,  19, 29.70111503, 95.14922199,  99.9
 60,  19, 29.69982555, 95.14729656,  99.9
 61,  19, 29.69851511, 95.14543645,  99.9
 62,  19, 29.69718345, 95.14364127,  99.9
 63,  19, 29.69583030, 95.14191065,  99.9
 64,  19, 29.69445537, 95.14024422,  99.9
 65,  19, 29.69305839, 95.13864164,  99.9
 66,  19, 29.69163905, 95.13710257,  99.9
 67,  19, 29.69019708, 95.13562670,  99.9
 68,  19, 29.68873217, 95.13421370,  99.9
 69,  19, 29.68724402, 95.13286329,  99.9
 70,  19, 29.68573232, 95.13157519,  99.9
 71,  19, 29.68419675, 95.13034911,  99.9
 72,  19, 29.68263701, 95.12918482,  99.9
 73,  19, 29.68105277, 95.12808205,  99.9
 74,  19, 29.67944369, 95.12704058,  99.9
 75,  19, 29.67780945, 95.12606020,  99.9
 76,  19, 29.67614971, 95.12514069,  99.9
 77,  19, 29.67446412, 95.12428186,  99.9
 78,  19, 29.67275233, 95.12348353,  99.9
 79,  19, 29.67101399, 95.12274553,  99.9
 80,  19, 29.66924874, 95.12206771,  99.9
 81,  19, 29.66745621, 95.12144992,  99.9
 82,  19, 29.66563603, 95.12089203,  99.9
 83,  19, 29.66378782, 95.12039393,  99.9
 84,  19, 29.66191119, 95.11995549,  99.9
 85,  19, 29.66000577, 95.11957664,  99.9
 86,  19, 29.65807114, 95.11925729,  99.9
 87,  19, 29.65610691, 95.11899737,  99.9
 88,  19, 29.65411268, 95.11879682,  99.9
 89,  19, 29.65208801, 95.11865560,  99.9
 90,  19, 29.65003251, 95.11857367,  99.9
 91,  19, 29.64794572, 95.11855101,  99.9
 92,  19, 29.64582723, 95.11858762,  99.9
 93,  19, 29.64367660, 95.11868351,  99.9
 94,  19, 29.64149336, 95.11883867,   5.9
 95,  19, 29.63927708, 95.11905315,   5.9
 96,  19, 29.63702728, 95.11932699,  99.9
 97,  19, 29.63474350, 95.11966023,  99.9
 98,  19, 29.63242526, 95.12005294,  99.9
 99,  19, 29.63007209, 95.12050521,  99.9
100,  19, 29.62768348, 95.12101711,  99.9
101,  19, 29.62525895, 95.12158875,  99.9
102,  19, 29.62279798, 95.12222025,  99.9
103,  19, 29.62030007, 95.12291173,  99.9
104,  19, 29.61776469, 95.12366333,  99.9
105,  19, 29.61519131, 95.12447520,  99.9
106,  19, 29.61257940, 95.12534751,  99.9
107,  19, 29.60992841, 95.12628042,  99.9
108,  19, 29.60723780, 95.12727414,  99.9
109,  19, 29.60450699, 95.12832885,  99.9
110,  19, 29.60173542, 95.12944478,  99.9
111,  19, 29.59892251, 95.13062214,  99.9
112,  19, 29.59606768, 95.13186119,  99.9
113,  19, 29.59317032, 95.13316216,  99.9
114,  19, 29.59022983, 95.13452532,  99.9
115,  19, 29.58724561, 95.13595095,  99.9
116,  19, 29.58421701, 95.13743934,  99.9
117,  19, 29.58114343, 95.13899079,  99.9
118,  19, 29.57802420, 95.14060561,  99.9
119,  19, 29.57485868, 95.14228414,  99.9
120,  19, 29.57164622, 95.14402671,  99.9
121,  19, 29.56838613, 95.14583368,  99.9
122,  19, 29.56507773, 95.14770542,  99.9
123,  19, 29.56172034, 95.14964230,  99.9
124,  19, 29.55831326, 95.15164472,  99.9
125,  19, 29.55485576, 95.15371309,  99.9
126,  19, 29.55134714, 95.15584782,  99.9
127,  19, 29.54778665, 95.15804936,  99.9
128,  19, 29.54417355, 95.16031815,  99.9
129,  19, 29.54050709, 95.16265465,  99.9
130,  19, 29.53678650, 95.16505933,  99.9
131,  19, 29.53301100, 95.16753269,  99.9
132,  19, 29.52917980, 95.17007523,  99.9
133,  19, 29.52529210, 95.17268746,  99.9
134,  19, 29.52134708, 95.17536992,  99.9
135,  19, 29.51734393, 95.17812316,  99.9
136,  19, 29.51328181, 95.18094772,  99.9
137,  19, 29.50915985, 95.18384419,  99.9
138,  19, 29.50497721, 95.18681316,  99.9
139,  19, 29.50073301, 95.18985522,  99.9
140,  19, 29.49642635, 95.19297101,  99.9
141,  19, 29.49205634, 95.19616114,  99.9
142,  19, 29.48762207, 95.19942627,  99.9
143,  19, 29.48312259, 95.20276706,  99.9
144,  19, 29.47855698, 95.20618420,  99.9
145,  19, 29.47392427, 95.20967837,  99.9
146,  19, 29.46922350, 95.21325028,  99.9
147,  19, 29.46445367, 95.21690067,  99.9
148,  19, 29.45961380, 95.22063026,  99.9
149,  19, 29.45470287, 95.22443983,  99.9
150,  19, 29.44971984, 95.22833013,  99.9
151,  19, 29.44466368, 95.23230197,  99.9
152,  19, 29.43953332, 95.23635614,  99.9
153,  19, 29.43432769, 95.24049348,  99.9
154,  19, 29.42904571, 95.24471481,  99.9
155,  19, 29.42368625, 95.24902100,  99.9
156,  19, 29.41824820, 95.25341291,  99.9
157,  19, 29.41273041, 95.25789144,  99.9
158,  19, 29.40713174, 95.26245750,  99.9
159,  19, 29.40145100, 95.26711200,  99.9
160,  19, 29.39568700, 95.27185590,  99.9
161,  19, 29.38983855, 95.27669015,  99.9
162,  19, 29.38390439, 95.28161573,  99.9
163,  19, 29.37788331, 95.28663363,  99.9
164,  19, 29.37177402, 95.29174488,  99.9
165,  19, 29.36557525, 95.29695051,  99.9
166,  19, 29.35928569, 95.30225157,  99.9
167,  19, 29.35290403, 95.30764912,  99.9
168,  19, 29.34642893, 95.31314427,  99.9
169,  19, 29.33985902, 95.31873811,  99.9
170,  19, 29.33319293, 95.32443179,  99.9
171,  19, 29.32642926, 95.33022644,  99.9
172,  19, 29.31956658, 95.33612324,  99.9
173,  19, 29.31260346, 95.34212339,  99.9
174,  19, 29.30553843, 95.34822807,  99.9
175,  19, 29.29837000, 95.35443854,  99.9
176,  19, 29.29109668, 95.36075603,  99.9
177,  19, 29.28371692, 95.36718183,  99.9
178,  19, 29.27622918, 95.37371722,  99.9
179,  19, 29.26863189, 95.38036352,  99.9
180,  19, 29.26092345, 95.38712207,  99.9
181,  19, 29.25310223, 95.39399423,  99.9
182,  19, 29.24516659, 95.40098137,  99.9
183,  19, 29.23711487, 95.40808490,  99.9
184,  19, 29.22894536, 95.41530626,  99.9
185,  19, 29.22065635, 95.42264688,  99.9
186,  19, 29.21224610, 95.43010824,  99.9
187,  19, 29.20371282, 95.43769184,  99.9
188,  19, 29.19505474, 95.44539920,  99.9
189,  19, 29.18627002, 95.45323186,  99.9
190,  19, 29.17735681, 95.46119139,  99.9
191,  19, 29.16831323, 95.46927939,  99.9
192,  19, 29.15913739, 95.47749747,  99.9
193,  19, 29.14982734, 95.48584727,   5.0
194,  19, 29.14038113, 95.49433047,   5.0
195,  19, 29.13079677, 95.50294876,  99.9
196,  19, 29.12107222, 95.51170386,  99.9
197,  19, 29.11120545, 95.52059752,  99.9
198,  19, 29.10119437, 95.52963152,  99.9
199,  19, 29.09103688, 95.53880764,  99.9
200,  19, 29.08073082, 95.54812773,  99.9
201,  19, 29.07027402, 95.55759363,   5.4
202,  19, 29.05966429, 95.56720724,   5.3
203,  19, 29.04889937, 95.57697046,  99.9
204,  19, 29.03797699, 95.58688524,  99.9
205,  19, 29.02689485, 95.59695354,   8.2
206,  19, 29.01565061, 95.60717736,  99.9
207,  19, 29.00424190, 95.61755873,  99.9
208,  19, 28.99266629, 95.62809972,  99.9
209,  19, 28.98092136, 95.63880240,  99.9
210,  19, 28.96900460, 95.64966890,  99.9
211,  19, 28.95691352, 95.66070137,  99.9
212,  19, 28.94464554, 95.67190199,  99.9
213,  19, 28.93219807, 95.68327297,  99.9
214,  19, 28.91956849, 95.69481657,  99.9
215,  19, 28.90675411, 95.70653505,  99.9
216,  19, 28.89375224, 95.71843073,  99.9
217,  19, 28.88056011, 95.73050595,  99.9
218,  19, 28.86717493, 95.74276310,   6.2
219,  19, 28.85359387, 95.75520457,   7.1
220,  19, 28.83981405, 95.76783283,  99.9
221,  19, 28.82583256, 95.78065035,  99.9
222,  19, 28.81164642, 95.79365964,   7.5
223,  19, 28.79725265, 95.80686326,   7.6
224,  19, 28.78264817, 95.82026379,  99.9
225,  19, 28.76782990, 95.83386387,   7.5
226,  19, 28.75279470, 95.84766614,   7.5
227,  19, 28.73753937, 95.86167332,   7.5
228,  19, 28.72206068, 95.87588813,   7.5
229,  19, 28.70635534, 95.89031335,   7.4
230,  19, 28.69042002, 95.90495180,   7.3
231,  19, 28.67425133, 95.91980631,   7.2
232,  19, 28.65784585, 95.93487980,   7.2
233,  19, 28.64120009, 95.95017518,   7.1
234,  19, 28.62431050, 95.96569542,   7.0
235,  19, 28.60717351, 95.98144355,   6.8
236,  19, 28.58978546, 95.99742261,   6.5
237,  19, 28.57214266, 96.01363570,   6.5
238,  19, 28.55424136, 96.03008596,   6.6
239,  19, 28.53607775, 96.04677656,   6.8
240,  19, 28.51764797, 96.06371074,   6.9
241,  19, 28.49894808, 96.08089175,   7.1
  1,  20, 29.75330032, 95.39317470,  99.9
  2,  20, 29.75279553, 95.38626231,  99.9
  3,  20, 29.75228033, 95.37946500,  99.9
  4,  20, 29.75175462, 95.37278135,  99.9
  5,  20, 29.75121831, 95.36620998,  99.9
  6,  20, 29.75067130, 95.35974951,  99.9
  7,  20, 29.75011351, 95.35339860,  99.9
  8,  20, 29.74954483, 95.34715593,  99.9
  9,  20, 29.74896514, 95.34102020,  99.9
 10,  20, 29.74837436, 95.33499014,  99.9
 11,  20, 29.74777237, 95.32906449,  99.9
 12,  20, 29.74715906, 95.32324202,  99.9
 13,  20, 29.74653431, 95.31752151,  99.9
 14,  20, 29.74589801, 95.31190178,  99.9
 15,  20, 29.74525004, 95.30638166,  99.9
 16,  20, 29.74459027, 95.30095999,  99.9
 17,  20, 29.74391858, 95.29563565,  99.9
 18,  20, 29.74323485, 95.29040754,  99.9
 19,  20, 29.74253894, 95.28527456,   6.1
 20,  20, 29.74183071, 95.28023564,   6.1
 21,  20, 29.74111003, 95.27528974,  99.9
 22,  20, 29.74037677, 95.27043583,  99.9
 23,  20, 29.73963077, 95.26567290,  99.9
 24,  20, 29.73887190, 95.26099995,  99.9
 25,  20, 29.73810000, 95.25641601,  99.9
 26,  20, 29.73731492, 95.25192014,  99.9
 27,  20, 29.73651651, 95.24751139,  99.9
 28,  20, 29.73570462, 95.24318884,  99.9
 29,  20, 29.73487907, 95.23895160,  99.9
 30,  20, 29.73403971, 95.23479879,  99.9
 31,  20, 29.73318637, 95.23072953,  99.9
 32,  20, 29.73231888, 95.22674299,  99.9
 33,  20, 29.73143706, 95.22283832,  99.9
 34,  20, 29.73054075, 95.21901473,  99.9
 35,  20, 29.72962975, 95.21527141,  99.9
 36,  20, 29.72870390, 95.21160759,   6.0
 37,  20, 29.72776299, 95.20802249,   6.0
 38,  20, 29.72680685, 95.20451538,  99.9
 39,  20, 29.72583528, 95.20108552,  99.9
 40,  20, 29.72484808, 95.19773220,  99.9
 41,  20, 29.72384506, 95.19445473,  99.9
 42,  20, 29.72282600, 95.19125241,  99.9
 43,  20, 29.72179071, 95.18812458,  99.9
 44,  20, 29.72073897, 95.18507059,  99.9
 45,  20, 29.71967057, 95.18208980,  99.9
 46,  20, 29.71858530, 95.17918160,  99.9
 47,  20, 29.71748292, 95.17634537,  99.9
 48,  20, 29.71636322, 95.17358052,  99.9
 49,  20, 29.71522597, 95.17088649,  99.9
 50,  20, 29.71407094, 95.16826270,  99.9
 51,  20, 29.71289788, 95.16570861,  99.9
 52,  20, 29.71170656, 95.16322369,  99.9
 53,  20, 29.71049674, 95.16080742,  99.9
 54,  20, 29.70926817, 95.15845929,  99.9
 55,  20, 29.70802059, 95.15617882,  99.9
 56,  20, 29.70675374, 95.15396553,  99.9
 57,  20, 29.70546738, 95.15181895,  99.9
 58,  20, 29.70416123, 95.14973865,  99.9
 59,  20, 29.70283503, 95.14772418,  99.9
 60,  20, 29.70148849, 95.14577513,  99.9
 61,  20, 29.70012136, 95.14389108,  99.9
 62,  20, 29.69873333, 95.14207165,  99.9
 63,  20, 29.69732413, 95.14031646,  99.9
 64,  20, 29.69589347, 95.13862513,  99.9
 65,  20, 29.69444105, 95.13699731,  99.9
 66,  20, 29.69296657, 95.13543267,  99.9
 67,  20, 29.69146973, 95.13393088,  99.9
 68,  20, 29.68995021, 95.13249161,  99.9
 69,  20, 29.68840771, 95.13111458,  99.9
 70,  20, 29.68684190, 95.12979949,  99.9
 71,  20, 29.68525245, 95.12854607,  99.9
 72,  20, 29.68363905, 95.12735405,  99.9
 73,  20, 29.68200136, 95.12622318,  99.9
 74,  20, 29.68033903, 95.12515323,  99.9
 75,  20, 29.67865172, 95.12414398,  99.9
 76,  20, 29.67693909, 95.12319520,  99.9
 77,  20, 29.67520078, 95.12230670,  99.9
 78,  20, 29.67343642, 95.12147829,  99.9
 79,  20, 29.67164565, 95.12070980,  99.9
 80,  20, 29.66982811, 95.12000106,  99.9
 81,  20, 29.66798340, 95.11935193,  99.9
 82,  20, 29.66611116, 95.11876227,  99.9
 83,  20, 29.66421098, 95.11823194,  99.9
 84,  20, 29.66228248, 95.11776085,  99.9
 85,  20, 29.66032525, 95.11734888,  99.9
 86,  20, 29.65833890, 95.11699595,  99.9
 87,  20, 29.65632299, 95.11670198,  99.9
 88,  20, 29.65427713, 95.11646691,  99.9
 89,  20, 29.65220087, 95.11629068,  99.9
 90,  20, 29.65009379, 95.11617326,  99.9
 91,  20, 29.64795546, 95.11611461,  99.9
 92,  20, 29.64578542, 95.11611472,  99.9
 93,  20, 29.64358322, 95.11617360,  99.9
 94,  20, 29.64134840, 95.11629123,  99.9
 95,  20, 29.63908051, 95.11646766,   5.9
 96,  20, 29.63677907, 95.11670290,   5.9
 97,  20, 29.63444359, 95.11699701,  99.9
 98,  20, 29.63207360, 95.11735003,  99.9
 99,  20, 29.62966859, 95.11776205,  99.9
100,  20, 29.62722807, 95.11823313,  99.9
101,  20, 29.62475153, 95.11876338,  99.9
102,  20, 29.62223845, 95.11935290,  99.9
103,  20, 29.61968832, 95.12000180,  99.9
104,  20, 29.61710058, 95.12071023,  99.9
105,  20, 29.61447472, 95.12147831,  99.9
106,  20, 29.61181018, 95.12230620,  99.9
107,  20, 29.60910640, 95.12319407,  99.9
108,  20, 29.60636282, 95.12414210,  99.9
109,  20, 29.60357887, 95.12515048,  99.9
110,  20, 29.60075397, 95.12621942,  99.9
111,  20, 29.59788753, 95.12734912,  99.9
112,  20, 29.59497894, 95.12853982,  99.9
113,  20, 29.59202761, 95.12979177,  99.9
114,  20, 29.58903292, 95.13110520,  99.9
115,  20, 29.58599424, 95.13248039,  99.9
116,  20, 29.58291094, 95.13391763,  99.9
117,  20, 29.57978237, 95.13541719,  99.9
118,  20, 29.57660788, 95.13697938,  99.9
119,  20, 29.57338681, 95.13860453,  99.9
120,  20, 29.57011849, 95.14029295,  99.9
121,  20, 29.56680223, 95.14204500,  99.9
122,  20, 29.56343734, 95.14386103,  99.9
123,  20, 29.56002311, 95.14574141,  99.9
124,  20, 29.55655884, 95.14768652,  99.9
125,  20, 29.55304381, 95.14969676,  99.9
126,  20, 29.54947726, 95.15177252,  99.9
127,  20, 29.54585847, 95.15391425,  99.9
128,  20, 29.54218667, 95.15612237,  99.9
129,  20, 29.53846109, 95.15839732,  99.9
130,  20, 29.53468097, 95.16073959,  99.9
131,  20, 29.53084550, 95.16314963,  99.9
132,  20, 29.52695389, 95.16562793,  99.9
133,  20, 29.52300532, 95.16817502,  99.9
134,  20, 29.51899896, 95.17079139,  99.9
135,  20, 29.51493398, 95.17347758,   5.0
136,  20, 29.51080953, 95.17623415,  99.9
137,  20, 29.50662475, 95.17906164,  99.9
138,  20, 29.50237876, 95.18196063,  99.9
139,  20, 29.49807066, 95.18493172,  99.9
140,  20, 29.49369957, 95.18797550,  99.9
141,  20, 29.48926456, 95.19109260,  99.9
142,  20, 29.48476471, 95.19428365,  99.9
143,  20, 29.48019907, 95.19754929,  99.9
144,  20, 29.47556670, 95.20089019,  99.9
145,  20, 29.47086661, 95.20430702,  99.9
146,  20, 29.46609783, 95.20780049,  99.9
147,  20, 29.46125935, 95.21137130,  99.9
148,  20, 29.45635017, 95.21502017,  99.9
149,  20, 29.45136926, 95.21874785,  99.9
150,  20, 29.44631557, 95.22255509,  99.9
151,  20, 29.44118804, 95.22644266,  99.9
152,  20, 29.43598560, 95.23041136,  99.9
153,  20, 29.43070717, 95.23446198,  99.9
154,  20, 29.42535162, 95.23859535,  99.9
155,  20, 29.41991785, 95.24281231,  99.9
156,  20, 29.41440471, 95.24711370,  99.9
157,  20, 29.40881105, 95.25150041,  99.9
158,  20, 29.40313569, 95.25597332,  99.9
159,  20, 29.39737745, 95.26053333,  99.9
160,  20, 29.39153511, 95.26518138,  99.9
161,  20, 29.38560746, 95.26991839,  99.9
162,  20, 29.37959324, 95.27474533,  99.9
163,  20, 29.37349121, 95.27966317,  99.9
164,  20, 29.36730007, 95.28467291,  99.9
165,  20, 29.36101853, 95.28977556,  99.9
166,  20, 29.35464527, 95.29497216,  99.9
167,  20, 29.34817895, 95.30026374,   6.8
168,  20, 29.34161822, 95.30565139,  99.9
169,  20, 29.33496170, 95.31113618,  99.9
170,  20, 29.32820799, 95.31671923,  99.9
171,  20, 29.32135568, 95.32240167,  99.9
172,  20, 29.31440332, 95.32818463,  99.9
173,  20, 29.30734946, 95.33406928,  99.9
174,  20, 29.30019261, 95.34005681,  99.9
175,  20, 29.29293128, 95.34614843,  99.9
176,  20, 29.28556392, 95.35234536,  99.9
177,  20, 29.27808901, 95.35864886,  99.9
178,  20, 29.27050496, 95.36506018,  99.9
179,  20, 29.26281019, 95.37158062,  99.9
180,  20, 29.25500307, 95.37821148,  99.9
181,  20, 29.24708196, 95.38495412,  99.9
182,  20, 29.23904521, 95.39180986,  99.9
183,  20, 29.23089111, 95.39878011,  99.9
184,  20, 29.22261796, 95.40586624,  99.9
185,  20, 29.21422401, 95.41306969,  99.9
186,  20, 29.20570750, 95.42039191,  99.9
187,  20, 29.19706664, 95.42783434,  99.9
188,  20, 29.18829960, 95.43539850,  99.9
189,  20, 29.17940455, 95.44308589,  99.9
190,  20, 29.17037961, 95.45089806,  99.9
191,  20, 29.16122288, 95.45883656,  99.9
192,  20, 29.15193243, 95.46690298,  99.9
193,  20, 29.14250631, 95.47509895,  99.9
194,  20, 29.13294253, 95.48342608,   5.5
195,  20, 29.12323908, 95.49188605,  99.9
196,  20, 29.11339391, 95.50048055,  99.9
197,  20, 29.10340495, 95.50921128,  99.9
198,  20, 29.09327009, 95.51808000,  99.9
199,  20, 29.08298720, 95.52708846,  99.9
200,  20, 29.07255410, 95.53623846,  99.9
201,  20, 29.06196861, 95.54553183,  99.9
202,  20, 29.05122847, 95.55497041,   5.3
203,  20, 29.04033144, 95.56455607,  99.9
204,  20, 29.02927521, 95.57429072,  99.9
205,  20, 29.01805745, 95.58417630,   8.4
206,  20, 29.00667579, 95.59421477,   8.5
207,  20, 28.99512783, 95.60440811,  99.9
208,  20, 28.98341113, 95.61475834,  99.9
209,  20, 28.97152322, 95.62526752,  99.9
210,  20, 28.95946158, 95.63593773,  99.9
211,  20, 28.94722367, 95.64677108,  99.9
212,  20, 28.93480690, 95.65776970,  99.9
213,  20, 28.92220865, 95.66893577,  99.9
214,  20, 28.90942625, 95.68027150,  99.9
215,  20, 28.89645701, 95.69177911,  99.9
216,  20, 28.88329818, 95.70346088,  99.9
217,  20, 28.86994698, 95.71531911,  99.9
218,  20, 28.85640058, 95.72735614,  99.9
219,  20, 28.84265612, 95.73957432,   8.8
220,  20, 28.82871068, 95.75197605,  99.9
221,  20, 28.81456133, 95.76456379,   7.2
222,  20, 28.80020505, 95.77733998,   7.5
223,  20, 28.78563882, 95.79030715,   7.6
224,  20, 28.77085955, 95.80346782,   7.6
225,  20, 28.75586410, 95.81682457,   7.5
226,  20, 28.74064930, 95.83038002,   7.5
227,  20, 28.72521193, 95.84413682,   7.5
228,  20, 28.70954870, 95.85809764,   7.5
229,  20, 28.69365631, 95.87226521,   7.4
230,  20, 28.67753138, 95.88664229,   7.2
231,  20, 28.66117049, 95.90123168,   7.1
232,  20, 28.64457016, 95.91603622,   7.0
233,  20, 28.62772689, 95.93105879,   7.1
234,  20, 28.61063708, 95.94630229,   7.0
235,  20, 28.59329711, 95.96176969,   6.5
236,  20, 28.57570331, 95.97746399,   6.5
237,  20, 28.55785192, 95.99338822,   6.3
238,  20, 28.53973917, 96.00954545,   6.3
239,  20, 28.52136119, 96.02593882,   6.5
240,  20, 28.50271409, 96.04257148,   6.5
241,  20, 28.48379389, 96.05944664,   6.9
  1,  21, 29.75938779, 95.39254395,  99.9
  2,  21, 29.75878204, 95.38562039,  99.9
  3,  21, 29.75816712, 95.37881180,  99.9
  4,  21, 29.75754292, 95.37211676,  99.9
  5,  21, 29.75690932, 95.36553387,  99.9
  6,  21, 29.75626621, 95.35906177,  99.9
  7,  21, 29.75561348, 95.35269910,  99.9
  8,  21, 29.75495099, 95.34644455,  99.9
  9,  21, 29.75427864, 95.34029680,  99.9
 10,  21, 29.75359629, 95.33425459,  99.9
 11,  21, 29.75290381, 95.32831665,  99.9
 12,  21, 29.75220108, 95.32248175,  99.9
 13,  21, 29.75148797, 95.31674868,   6.2
 14,  21, 29.75076433, 95.31111623,  99.9
 15,  21, 29.75003004, 95.30558324,  99.9
 16,  21, 29.74928494, 95.30014856,  99.9
 17,  21, 29.74852890, 95.29481105,   6.1
 18,  21, 29.74776177, 95.28956961,   6.1
 19,  21, 29.74698340, 95.28442313,   6.1
 20,  21, 29.74619365, 95.27937056,  99.9
 21,  21, 29.74539235, 95.27441084,  99.9
 22,  21, 29.74457936, 95.26954294,  99.9
 23,  21, 29.74375450, 95.26476584,  99.9
 24,  21, 29.74291763, 95.26007854,  99.9
 25,  21, 29.74206857, 95.25548008,  99.9
 26,  21, 29.74120717, 95.25096950,  99.9
 27,  21, 29.74033323, 95.24654585,  99.9
 28,  21, 29.73944661, 95.24220821,  99.9
 29,  21, 29.73854711, 95.23795569,  99.9
 30,  21, 29.73763456, 95.23378740,  99.9
 31,  21, 29.73670878, 95.22970246,  99.9
 32,  21, 29.73576958, 95.22570003,  99.9
 33,  21, 29.73481678, 95.22177927,  99.9
 34,  21, 29.73385018, 95.21793937,  99.9
 35,  21, 29.73286959, 95.21417953,  99.9
 36,  21, 29.73187481, 95.21049896,  99.9
 37,  21, 29.73086564, 95.20689690,   6.0
 38,  21, 29.72984188, 95.20337260,  99.9
 39,  21, 29.72880332, 95.19992532,  99.9
 40,  21, 29.72774975, 95.19655435,  99.9
 41,  21, 29.72668096, 95.19325898,  99.9
 42,  21, 29.72559673, 95.19003853,  99.9
 43,  21, 29.72449683, 95.18689232,  99.9
 44,  21, 29.72338106, 95.18381970,  99.9
 45,  21, 29.72224917, 95.18082002,  99.9
 46,  21, 29.72110094, 95.17789268,  99.9
 47,  21, 29.71993614, 95.17503704,  99.9
 48,  21, 29.71875452, 95.17225253,  99.9
 49,  21, 29.71755585, 95.16953855,  99.9
 50,  21, 29.71633988, 95.16689454,  99.9
 51,  21, 29.71510636, 95.16431996,  99.9
 52,  21, 29.71385504, 95.16181426,  99.9
 53,  21, 29.71258566, 95.15937692,  99.9
 54,  21, 29.71129796, 95.15700743,  99.9
 55,  21, 29.70999168, 95.15470530,  99.9
 56,  21, 29.70866655, 95.15247005,  99.9
 57,  21, 29.70732230, 95.15030121,  99.9
 58,  21, 29.70595864, 95.14819832,  99.9
 59,  21, 29.70457530, 95.14616096,  99.9
 60,  21, 29.70317200, 95.14418869,  99.9
 61,  21, 29.70174844, 95.14228111,  99.9
 62,  21, 29.70030434, 95.14043780,  99.9
 63,  21, 29.69883939, 95.13865840,  99.9
 64,  21, 29.69735329, 95.13694252,  99.9
 65,  21, 29.69584573, 95.13528981,  99.9
 66,  21, 29.69431641, 95.13369992,  99.9
 67,  21, 29.69276501, 95.13217252,  99.9
 68,  21, 29.69119120, 95.13070730,  99.9
 69,  21, 29.68959466, 95.12930393,  99.9
 70,  21, 29.68797507, 95.12796213,  99.9
 71,  21, 29.68633208, 95.12668162,  99.9
 72,  21, 29.68466535, 95.12546213,  99.9
 73,  21, 29.68297455, 95.12430340,  99.9
 74,  21, 29.68125931, 95.12320520,  99.9
 75,  21, 29.67951929, 95.12216728,  99.9
 76,  21, 29.67775412, 95.12118943,  99.9
 77,  21, 29.67596344, 95.12027145,  99.9
 78,  21, 29.67414688, 95.11941313,  99.9
 79,  21, 29.67230406, 95.11861431,  99.9
 80,  21, 29.67043459, 95.11787481,  99.9
 81,  21, 29.66853810, 95.11719448,  99.9
 82,  21, 29.66661417, 95.11657316,  99.9
 83,  21, 29.66466243, 95.11601073,  99.9
 84,  21, 29.66268245, 95.11550708,  99.9
 85,  21, 29.66067383, 95.11506208,  99.9
 86,  21, 29.65863616, 95.11467564,  99.9
 87,  21, 29.65656900, 95.11434769,  99.9
 88,  21, 29.65447193, 95.11407815,  99.9
 89,  21, 29.65234451, 95.11386696,  99.9
 90,  21, 29.65018630, 95.11371407,  99.9
 91,  21, 29.64799685, 95.11361945,  99.9
 92,  21, 29.64577570, 95.11358307,  99.9
 93,  21, 29.64352240, 95.11360492,  99.9
 94,  21, 29.64123648, 95.11368501,  99.9
 95,  21, 29.63891745, 95.11382335,  99.9
 96,  21, 29.63656483, 95.11401995,   5.9
 97,  21, 29.63417814, 95.11427487,   6.0
 98,  21, 29.63175688, 95.11458813,   6.1
 99,  21, 29.62930054, 95.11495982,   6.2
100,  21, 29.62680862, 95.11538999,  99.9
101,  21, 29.62428059, 95.11587874,  99.9
102,  21, 29.62171592, 95.11642616,  99.9
103,  21, 29.61911409, 95.11703236,  99.9
104,  21, 29.61647454, 95.11769746,  99.9
105,  21, 29.61379674, 95.11842160,  99.9
106,  21, 29.61108011, 95.11920491,  99.9
107,  21, 29.60832410, 95.12004756,  99.9
108,  21, 29.60552813, 95.12094972,  99.9
109,  21, 29.60269162, 95.12191156,  99.9
110,  21, 29.59981397, 95.12293329,  99.9
111,  21, 29.59689459, 95.12401511,  99.9
112,  21, 29.59393286, 95.12515723,  99.9
113,  21, 29.59092817, 95.12635989,  99.9
114,  21, 29.58787989, 95.12762333,  99.9
115,  21, 29.58478739, 95.12894780,  99.9
116,  21, 29.58165001, 95.13033359,  99.9
117,  21, 29.57846711, 95.13178095,  99.9
118,  21, 29.57523802, 95.13329020,  99.9
119,  21, 29.57196207, 95.13486164,  99.9
120,  21, 29.56863857, 95.13649557,  99.9
121,  21, 29.56526683, 95.13819235,  99.9
122,  21, 29.56184614, 95.13995230,  99.9
123,  21, 29.55837578, 95.14177580,  99.9
124,  21, 29.55485505, 95.14366320,  99.9
125,  21, 29.55128319, 95.14561489,  99.9
126,  21, 29.54765947, 95.14763127,  99.9
127,  21, 29.54398312, 95.14971275,  99.9
128,  21, 29.54025338, 95.15185975,  99.9
129,  21, 29.53646947, 95.15407270,  99.9
130,  21, 29.53263059, 95.15635206,  99.9
131,  21, 29.52873595, 95.15869829,  99.9
132,  21, 29.52478473, 95.16111187,  99.9
133,  21, 29.52077611, 95.16359328,  99.9
134,  21, 29.51670924, 95.16614303,  99.9
135,  21, 29.51258328, 95.16876164,   5.2
136,  21, 29.50839736, 95.17144965,   5.6
137,  21, 29.50415061, 95.17420758,  99.9
138,  21, 29.49984214, 95.17703602,  99.9
139,  21, 29.49547105, 95.17993552,  99.9
140,  21, 29.49103643, 95.18290669,  99.9
141,  21, 29.48653734, 95.18595012,  99.9
142,  21, 29.48197285, 95.18906643,  99.9
143,  21, 29.47734200, 95.19225626,  99.9
144,  21, 29.47264382, 95.19552024,  99.9
145,  21, 29.46787733, 95.19885905,  99.9
146,  21, 29.46304153, 95.20227337,  99.9
147,  21, 29.45813540, 95.20576387,  99.9
148,  21, 29.45315793, 95.20933128,  99.9
149,  21, 29.44810807, 95.21297632,  99.9
150,  21, 29.44298476, 95.21669972,  99.9
151,  21, 29.43778693, 95.22050224,  99.9
152,  21, 29.43251349, 95.22438465,  99.9
153,  21, 29.42716333, 95.22834774,  99.9
154,  21, 29.42173534, 95.23239231,  99.9
155,  21, 29.41622838, 95.23651918,  99.9
156,  21, 29.41064129, 95.24072919,  99.9
157,  21, 29.40497291, 95.24502319,  99.9
158,  21, 29.39922204, 95.24940204,  99.9
159,  21, 29.39338749, 95.25386664,  99.9
160,  21, 29.38746802, 95.25841789,  99.9
161,  21, 29.38146240, 95.26305670,  99.9
162,  21, 29.37536936, 95.26778402,  99.9
163,  21, 29.36918764, 95.27260081,  99.9
164,  21, 29.36291593, 95.27750803,  99.9
165,  21, 29.35655292, 95.28250667,  99.9
166,  21, 29.35009728, 95.28759776,  99.9
167,  21, 29.34354764, 95.29278231,   6.7
168,  21, 29.33690264, 95.29806137,  99.9
169,  21, 29.33016089, 95.30343600,  99.9
170,  21, 29.32332096, 95.30890730,  99.9
171,  21, 29.31638142, 95.31447637,  99.9
172,  21, 29.30934082, 95.32014432,  99.9
173,  21, 29.30219768, 95.32591230,  99.9
174,  21, 29.29495049, 95.33178147,  99.9
175,  21, 29.28759774, 95.33775302,  99.9
176,  21, 29.28013789, 95.34382814,  99.9
177,  21, 29.27256936, 95.35000806,  99.9
178,  21, 29.26489057, 95.35629402,  99.9
179,  21, 29.25709990, 95.36268728,  99.9
180,  21, 29.24919572, 95.36918914,  99.9
181,  21, 29.24117636, 95.37580089,  99.9
182,  21, 29.23304015, 95.38252387,  99.9
183,  21, 29.22478536, 95.38935942,  99.9
184,  21, 29.21641027, 95.39630892,  99.9
185,  21, 29.20791312, 95.40337375,  99.9
186,  21, 29.19929211, 95.41055535,  99.9
187,  21, 29.19054544, 95.41785513,  99.9
188,  21, 29.18167127, 95.42527457,  99.9
189,  21, 29.17266772, 95.43281516,  99.9
190,  21, 29.16353291, 95.44047839,  99.9
191,  21, 29.15426492, 95.44826581,  99.9
192,  21, 29.14486178, 95.45617897,  99.9
193,  21, 29.13532153, 95.46421945,  99.9
194,  21, 29.12564216, 95.47238886,   6.7
195,  21, 29.11582162, 95.48068882,   7.2
196,  21, 29.10585786, 95.48912100,   7.8
197,  21, 29.09574876, 95.49768707,  99.9
198,  21, 29.08549221, 95.50638874,  99.9
199,  21, 29.07508604, 95.51522775,  99.9
200,  21, 29.06452805, 95.52420584,  99.9
201,  21, 29.05381604, 95.53332482,  99.9
202,  21, 29.04294772, 95.54258649,   5.2
203,  21, 29.03192083, 95.55199269,  99.9
204,  21, 29.02073302, 95.56154529,  99.9
205,  21, 29.00938195, 95.57124619,  99.9
206,  21, 28.99786521, 95.58109730,   8.5
207,  21, 28.98618038, 95.59110059,  99.9
208,  21, 28.97432499, 95.60125803,  99.9
209,  21, 28.96229655, 95.61157163,  99.9
210,  21, 28.95009251, 95.62204344,  99.9
211,  21, 28.93771029, 95.63267551,  99.9
212,  21, 28.92514728, 95.64346997,  99.9
213,  21, 28.91240084, 95.65442892,  99.9
214,  21, 28.89946826, 95.66555454,  99.9
215,  21, 28.88634682, 95.67684902,  99.9
216,  21, 28.87303373, 95.68831459,  99.9
217,  21, 28.85952620, 95.69995349,  99.9
218,  21, 28.84582136, 95.71176802,  99.9
219,  21, 28.83191632, 95.72376050,   7.4
220,  21, 28.81780814, 95.73593329,   7.4
221,  21, 28.80349383, 95.74828877,   7.5
222,  21, 28.78897036, 95.76082937,   7.5
223,  21, 28.77423467, 95.77355754,   7.6
224,  21, 28.75928363, 95.78647577,   7.6
225,  21, 28.74411408, 95.79958659,   7.6
226,  21, 28.72872280, 95.81289257,   7.5
227,  21, 28.71310655, 95.82639629,   7.5
228,  21, 28.69726200, 95.84010040,   7.4
229,  21, 28.68118581, 95.85400756,   7.3
230,  21, 28.66487457, 95.86812048,   7.1
231,  21, 28.64832482, 95.88244191,   7.1
232,  21, 28.63153306, 95.89697463,   7.0
233,  21, 28.61449572, 95.91172147,   6.9
234,  21, 28.59720919, 95.92668527,   6.6
235,  21, 28.57966980, 95.94186895,   6.4
236,  21, 28.56187383, 95.95727544,   6.1
237,  21, 28.54381751, 95.97290773,   6.0
238,  21, 28.52549700, 95.98876882,   6.4
239,  21, 28.50690842, 96.00486179,   5.9
240,  21, 28.48804781, 96.02118973,   6.5
241,  21, 28.46891117, 96.03775580,   6.2
  1,  22, 29.76548395, 95.39179679,  99.9
  2,  22, 29.76477736, 95.38486351,  99.9
  3,  22, 29.76406284, 95.37804506,  99.9
  4,  22, 29.76334027, 95.37134002,  99.9
  5,  22, 29.76260951, 95.36474699,  99.9
  6,  22, 29.76187042, 95.35826460,  99.9
  7,  22, 29.76112288, 95.35189150,  99.9
  8,  22, 29.76036673, 95.34562636,   6.3
  9,  22, 29.75960184, 95.33946788,   6.3
 10,  22, 29.75882805, 95.33341477,   6.2
 11,  22, 29.75804524, 95.32746578,   6.2
 12,  22, 29.75725324, 95.32161967,   6.2
 13,  22, 29.75645190, 95.31587522,   6.2
 14,  22, 29.75564107, 95.31023123,   6.2
 15,  22, 29.75482060, 95.30468653,   6.2
 16,  22, 29.75399032, 95.29923996,   6.2
 17,  22, 29.75315008, 95.29389039,   6.1
 18,  22, 29.75229972, 95.28863671,  99.9
 19,  22, 29.75143905, 95.28347782,  99.9
 20,  22, 29.75056793, 95.27841264,  99.9
 21,  22, 29.74968618, 95.27344013,  99.9
 22,  22, 29.74879362, 95.26855924,  99.9
 23,  22, 29.74789007, 95.26376897,  99.9
 24,  22, 29.74697537, 95.25906831,  99.9
 25,  22, 29.74604933, 95.25445628,  99.9
 26,  22, 29.74511177, 95.24993192,  99.9
 27,  22, 29.74416250, 95.24549430,  99.9
 28,  22, 29.74320132, 95.24114248,  99.9
 29,  22, 29.74222806, 95.23687556,  99.9
 30,  22, 29.74124251, 95.23269265,  99.9
 31,  22, 29.74024448, 95.22859288,  99.9
 32,  22, 29.73923377, 95.22457540,  99.9
 33,  22, 29.73821017, 95.22063936,  99.9
 34,  22, 29.73717348, 95.21678396,  99.9
 35,  22, 29.73612349, 95.21300838,  99.9
 36,  22, 29.73505999, 95.20931184,  99.9
 37,  22, 29.73398277, 95.20569356,   6.0
 38,  22, 29.73289160, 95.20215281,  99.9
 39,  22, 29.73178627, 95.19868882,  99.9
 40,  22, 29.73066654, 95.19530090,  99.9
 41,  22, 29.72953220, 95.19198832,  99.9
 42,  22, 29.72838302, 95.18875040,  99.9
 43,  22, 29.72721875, 95.18558647,  99.9
 44,  22, 29.72603917, 95.18249586,  99.9
 45,  22, 29.72484403, 95.17947793,  99.9
 46,  22, 29.72363309, 95.17653205,  99.9
 47,  22, 29.72240610, 95.17365760,  99.9
 48,  22, 29.72116281, 95.17085400,  99.9
 49,  22, 29.71990296, 95.16812064,  99.9
 50,  22, 29.71862631, 95.16545697,  99.9
 51,  22, 29.71733258, 95.16286243,  99.9
 52,  22, 29.71602151, 95.16033647,  99.9
 53,  22, 29.71469284, 95.15787857,  99.9
 54,  22, 29.71334628, 95.15548821,  99.9
 55,  22, 29.71198157, 95.15316490,  99.9
 56,  22, 29.71059843, 95.15090816,  99.9
 57,  22, 29.70919656, 95.14871750,  99.9
 58,  22, 29.70777568, 95.14659248,  99.9
 59,  22, 29.70633550, 95.14453265,  99.9
 60,  22, 29.70487571, 95.14253758,  99.9
 61,  22, 29.70339603, 95.14060685,  99.9
 62,  22, 29.70189615, 95.13874006,  99.9
 63,  22, 29.70037574, 95.13693682,  99.9
 64,  22, 29.69883451, 95.13519675,  99.9
 65,  22, 29.69727214, 95.13351949,  99.9
 66,  22, 29.69568829, 95.13190469,  99.9
 67,  22, 29.69408265, 95.13035200,  99.9
 68,  22, 29.69245487, 95.12886112,  99.9
 69,  22, 29.69080464, 95.12743171,  99.9
 70,  22, 29.68913159, 95.12606349,  99.9
 71,  22, 29.68743539, 95.12475616,  99.9
 72,  22, 29.68571569, 95.12350945,  99.9
 73,  22, 29.68397212, 95.12232310,  99.9
 74,  22, 29.68220434, 95.12119687,  99.9
 75,  22, 29.68041196, 95.12013051,  99.9
 76,  22, 29.67859463, 95.11912380,  99.9
 77,  22, 29.67675195, 95.11817652,  99.9
 78,  22, 29.67488356, 95.11728849,  99.9
 79,  22, 29.67298907, 95.11645951,  99.9
 80,  22, 29.67106807, 95.11568940,  99.9
 81,  22, 29.66912017, 95.11497800,  99.9
 82,  22, 29.66714497, 95.11432517,  99.9
 83,  22, 29.66514206, 95.11373076,  99.9
 84,  22, 29.66311102, 95.11319465,  99.9
 85,  22, 29.66105142, 95.11271671,  99.9
 86,  22, 29.65896285, 95.11229686,  99.9
 87,  22, 29.65684487, 95.11193500,  99.9
 88,  22, 29.65469703, 95.11163105,  99.9
 89,  22, 29.65251889, 95.11138494,  99.9
 90,  22, 29.65030999, 95.11119662,  99.9
 91,  22, 29.64806988, 95.11106604,  99.9
 92,  22, 29.64579810, 95.11099318,  99.9
 93,  22, 29.64349416, 95.11097802,  99.9
 94,  22, 29.64115759, 95.11102055,  99.9
 95,  22, 29.63878791, 95.11112077,  99.9
 96,  22, 29.63638461, 95.11127870,  99.9
 97,  22, 29.63394721, 95.11149437,  99.9
 98,  22, 29.63147518, 95.11176782,  99.9
 99,  22, 29.62896802, 95.11209910,   6.3
100,  22, 29.62642521, 95.11248828,  99.9
101,  22, 29.62384621, 95.11293543,  99.9
102,  22, 29.62123048, 95.11344065,  99.9
103,  22, 29.61857749, 95.11400402,  99.9
104,  22, 29.61588668, 95.11462567,  99.9
105,  22, 29.61315749, 95.11530571,  99.9
106,  22, 29.61038935, 95.11604429,  99.9
107,  22, 29.60758168, 95.11684155,  99.9
108,  22, 29.60473390, 95.11769765,  99.9
109,  22, 29.60184541, 95.11861277,  99.9
110,  22, 29.59891561, 95.11958708,  99.9
111,  22, 29.59594389, 95.12062078,  99.9
112,  22, 29.59292964, 95.12171409,  99.9
113,  22, 29.58987221, 95.12286723,  99.9
114,  22, 29.58677098, 95.12408042,  99.9
115,  22, 29.58362529, 95.12535391,  99.9
116,  22, 29.58043450, 95.12668796,  99.9
117,  22, 29.57719793, 95.12808284,  99.9
118,  22, 29.57391490, 95.12953884,  99.9
119,  22, 29.57058475, 95.13105624,  99.9
120,  22, 29.56720675, 95.13263536,  99.9
121,  22, 29.56378023, 95.13427652,  99.9
122,  22, 29.56030445, 95.13598004,  99.9
123,  22, 29.55677869, 95.13774628,  99.9
124,  22, 29.55320222, 95.13957559,  99.9
125,  22, 29.54957428, 95.14146834,  99.9
126,  22, 29.54589413, 95.14342492,  99.9
127,  22, 29.54216099, 95.14544573,  99.9
128,  22, 29.53837408, 95.14753117,  99.9
129,  22, 29.53453261, 95.14968167,  99.9
130,  22, 29.53063578, 95.15189767,  99.9
131,  22, 29.52668278, 95.15417962,  99.9
132,  22, 29.52267277, 95.15652797,  99.9
133,  22, 29.51860493, 95.15894321,  99.9
134,  22, 29.51447839, 95.16142582,  99.9
135,  22, 29.51029230, 95.16397632,  99.9
136,  22, 29.50604578, 95.16659521,   5.9
137,  22, 29.50173795, 95.16928303,   6.2
138,  22, 29.49736790, 95.17204033,  99.9
139,  22, 29.49293472, 95.17486767,  99.9
140,  22, 29.48843748, 95.17776562,  99.9
141,  22, 29.48387525, 95.18073476,  99.9
142,  22, 29.47924706, 95.18377570,  99.9
143,  22, 29.47455195, 95.18688907,  99.9
144,  22, 29.46978894, 95.19007548,  99.9
145,  22, 29.46495704, 95.19333558,  99.9
146,  22, 29.46005522, 95.19667005,  99.9
147,  22, 29.45508246, 95.20007954,  99.9
148,  22, 29.45003773, 95.20356477,  99.9
149,  22, 29.44491996, 95.20712642,  99.9
150,  22, 29.43972809, 95.21076523,  99.9
151,  22, 29.43446104, 95.21448192,  99.9
152,  22, 29.42911768, 95.21827727,  99.9
153,  22, 29.42369692, 95.22215202,  99.9
154,  22, 29.41819761, 95.22610697,  99.9
155,  22, 29.41261860, 95.23014292,  99.9
156,  22, 29.40695872, 95.23426069,  99.9
157,  22, 29.40121679, 95.23846111,  99.9
158,  22, 29.39539160, 95.24274502,  99.9
159,  22, 29.38948194, 95.24711330,  99.9
160,  22, 29.38348656, 95.25156683,  99.9
161,  22, 29.37740422, 95.25610651,  99.9
162,  22, 29.37123362, 95.26073326,  99.9
163,  22, 29.36497349, 95.26544801,  99.9
164,  22, 29.35862251, 95.27025172,  99.9
165,  22, 29.35217935, 95.27514535,  99.9
166,  22, 29.34564265, 95.28012990,  99.9
167,  22, 29.33901105, 95.28520636,   6.8
168,  22, 29.33228316, 95.29037577,  99.9
169,  22, 29.32545756, 95.29563917,  99.9
170,  22, 29.31853282, 95.30099761,  99.9
171,  22, 29.31150750, 95.30645218,  99.9
172,  22, 29.30438011, 95.31200398,  99.9
173,  22, 29.29714916, 95.31765413,  99.9
174,  22, 29.28981314, 95.32340376,  99.9
175,  22, 29.28237050, 95.32925403,  99.9
176,  22, 29.27481968, 95.33520612,  99.9
177,  22, 29.26715910, 95.34126122,  99.9
178,  22, 29.25938715, 95.34742056,  99.9
179,  22, 29.25150220, 95.35368537,  99.9
180,  22, 29.24350258, 95.36005690,  99.9
181,  22, 29.23538663, 95.36653645,  99.9
182,  22, 29.22715264, 95.37312531,  99.9
183,  22, 29.21879887, 95.37982479,  99.9
184,  22, 29.21032357, 95.38663626,  99.9
185,  22, 29.20172497, 95.39356106,  99.9
186,  22, 29.19300124, 95.40060060,  99.9
187,  22, 29.18415057, 95.40775627,  99.9
188,  22, 29.17517109, 95.41502951,  99.9
189,  22, 29.16606091, 95.42242178,  99.9
190,  22, 29.15681812, 95.42993455,  99.9
191,  22, 29.14744076, 95.43756933,  99.9
192,  22, 29.13792688, 95.44532764,  99.9
193,  22, 29.12827447, 95.45321104,  99.9
194,  22, 29.11848149, 95.46122108,  99.9
195,  22, 29.10854590, 95.46935938,  99.9
196,  22, 29.09846559, 95.47762756,   8.1
197,  22, 29.08823844, 95.48602726,  99.9
198,  22, 29.07786231, 95.49456015,  99.9
199,  22, 29.06733500, 95.50322794,  99.9
200,  22, 29.05665431, 95.51203235,  99.9
201,  22, 29.04581798, 95.52097512,  99.9
202,  22, 29.03482372, 95.53005805,   5.2
203,  22, 29.02366923, 95.53928292,  99.9
204,  22, 29.01235215, 95.54865157,  99.9
205,  22, 29.00087010, 95.55816586,  99.9
206,  22, 28.98922065, 95.56782767,   8.5
207,  22, 28.97740136, 95.57763892,   8.7
208,  22, 28.96540973, 95.58760156,  99.9
209,  22, 28.95324323, 95.59771754,  99.9
210,  22, 28.94089929, 95.60798887,  99.9
211,  22, 28.92837531, 95.61841758,  99.9
212,  22, 28.91566865, 95.62900574,  99.9
213,  22, 28.90277663, 95.63975541,  99.9
214,  22, 28.88969653, 95.65066874,  99.9
215,  22, 28.87642558, 95.66174786,  99.9
216,  22, 28.86296098, 95.67299496,  99.9
217,  22, 28.84929989, 95.68441224,  99.9
218,  22, 28.83543943, 95.69600196,  99.9
219,  22, 28.82137667, 95.70776639,   7.4
220,  22, 28.80710862, 95.71970784,   7.5
221,  22, 28.79263229, 95.73182865,   7.5
222,  22, 28.77794461, 95.74413119,   7.6
223,  22, 28.76304248, 95.75661787,   7.6
224,  22, 28.74792274, 95.76929114,   7.6
225,  22, 28.73258219, 95.78215346,   7.6
226,  22, 28.71701760, 95.79520737,   7.5
227,  22, 28.70122567, 95.80845539,   7.4
228,  22, 28.68520305, 95.82190011,   7.3
229,  22, 28.66894636, 95.83554415,   7.2
230,  22, 28.65245215, 95.84939017,   7.3
231,  22, 28.63571693, 95.86344086,   6.9
232,  22, 28.61873716, 95.87769894,   7.5
233,  22, 28.60150924, 95.89216718,   7.1
234,  22, 28.58402953, 95.90684839,   6.4
235,  22, 28.56629430, 95.92174540,   6.0
236,  22, 28.54829982, 95.93686111,   5.8
237,  22, 28.53004225, 95.95219843,   6.0
238,  22, 28.51151774, 95.96776032,   5.5
239,  22, 28.49272234, 95.98354979,   6.1
240,  22, 28.47365208, 95.99956987,   5.5
241,  22, 28.45430291, 96.01582365,   6.6
  1,  23, 29.77158752, 95.39093336,  99.9
  2,  23, 29.77078023, 95.38399180,  99.9
  3,  23, 29.76996626, 95.37716491,  99.9
  4,  23, 29.76914547, 95.37045127,  99.9
  5,  23, 29.76831769, 95.36384947,   5.8
  6,  23, 29.76748278, 95.35735814,   6.0
  7,  23, 29.76664057, 95.35097593,   6.2
  8,  23, 29.76579091, 95.34470151,   6.3
  9,  23, 29.76493363, 95.33853358,  99.9
 10,  23, 29.76406857, 95.33247084,  99.9
 11,  23, 29.76319557, 95.32651204,  99.9
 12,  23, 29.76231446, 95.32065593,  99.9
 13,  23, 29.76142506, 95.31490130,  99.9
 14,  23, 29.76052721, 95.30924694,  99.9
 15,  23, 29.75962073, 95.30369168,  99.9
 16,  23, 29.75870544, 95.29823436,  99.9
 17,  23, 29.75778117, 95.29287385,  99.9
 18,  23, 29.75684774, 95.28760902,  99.9
 19,  23, 29.75590496, 95.28243878,  99.9
 20,  23, 29.75495264, 95.27736206,  99.9
 21,  23, 29.75399061, 95.27237779,  99.9
 22,  23, 29.75301867, 95.26748494,  99.9
 23,  23, 29.75203662, 95.26268249,  99.9
 24,  23, 29.75104428, 95.25796944,  99.9
 25,  23, 29.75004145, 95.25334480,  99.9
 26,  23, 29.74902792, 95.24880762,  99.9
 27,  23, 29.74800350, 95.24435694,  99.9
 28,  23, 29.74696797, 95.23999184,  99.9
 29,  23, 29.74592114, 95.23571141,  99.9
 30,  23, 29.74486280, 95.23151476,  99.9
 31,  23, 29.74379272, 95.22740102,  99.9
 32,  23, 29.74271070, 95.22336932,  99.9
 33,  23, 29.74161652, 95.21941883,  99.9
 34,  23, 29.74050996, 95.21554872,  99.9
 35,  23, 29.73939079, 95.21175819,  99.9
 36,  23, 29.73825879, 95.20804644,  99.9
 37,  23, 29.73711373, 95.20441271,   6.0
 38,  23, 29.73595538, 95.20085623,   6.0
 39,  23, 29.73478350, 95.19737627,  99.9
 40,  23, 29.73359785, 95.19397210,  99.9
 41,  23, 29.73239820, 95.19064301,  99.9
 42,  23, 29.73118430, 95.18738830,  99.9
 43,  23, 29.72995590, 95.18420730,  99.9
 44,  23, 29.72871275, 95.18109934,  99.9
 45,  23, 29.72745461, 95.17806378,  99.9
 46,  23, 29.72618120, 95.17509998,  99.9
 47,  23, 29.72489227, 95.17220733,  99.9
 48,  23, 29.72358757, 95.16938522,  99.9
 49,  23, 29.72226681, 95.16663306,  99.9
 50,  23, 29.72092974, 95.16395027,  99.9
 51,  23, 29.71957607, 95.16133631,  99.9
 52,  23, 29.71820552, 95.15879062,  99.9
 53,  23, 29.71681783, 95.15631267,  99.9
 54,  23, 29.71541270, 95.15390195,  99.9
 55,  23, 29.71398984, 95.15155795,  99.9
 56,  23, 29.71254896, 95.14928018,  99.9
 57,  23, 29.71108977, 95.14706817,  99.9
 58,  23, 29.70961196, 95.14492145,  99.9
 59,  23, 29.70811523, 95.14283958,  99.9
 60,  23, 29.70659927, 95.14082212,  99.9
 61,  23, 29.70506377, 95.13886866,  99.9
 62,  23, 29.70350842, 95.13697877,  99.9
 63,  23, 29.70193288, 95.13515207,  99.9
 64,  23, 29.70033684, 95.13338817,  99.9
 65,  23, 29.69871996, 95.13168671,  99.9
 66,  23, 29.69708192, 95.13004734,  99.9
 67,  23, 29.69542237, 95.12846969,  99.9
 68,  23, 29.69374097, 95.12695346,  99.9
 69,  23, 29.69203737, 95.12549831,  99.9
 70,  23, 29.69031122, 95.12410394,  99.9
 71,  23, 29.68856217, 95.12277007,  99.9
 72,  23, 29.68678984, 95.12149641,  99.9
 73,  23, 29.68499388, 95.12028270,  99.9
 74,  23, 29.68317391, 95.11912867,  99.9
 75,  23, 29.68132955, 95.11803409,  99.9
 76,  23, 29.67946043, 95.11699873,  99.9
 77,  23, 29.67756614, 95.11602237,  99.9
 78,  23, 29.67564631, 95.11510480,  99.9
 79,  23, 29.67370053, 95.11424582,  99.9
 80,  23, 29.67172840, 95.11344527,  99.9
 81,  23, 29.66972951, 95.11270297,  99.9
 82,  23, 29.66770344, 95.11201876,  99.9
 83,  23, 29.66564978, 95.11139249,  99.9
 84,  23, 29.66356809, 95.11082404,  99.9
 85,  23, 29.66145795, 95.11031327,  99.9
 86,  23, 29.65931892, 95.10986009,  99.9
 87,  23, 29.65715054, 95.10946440,  99.9
 88,  23, 29.65495238, 95.10912610,  99.9
 89,  23, 29.65272397, 95.10884513,  99.9
 90,  23, 29.65046485, 95.10862142,  99.9
 91,  23, 29.64817455, 95.10845493,  99.9
 92,  23, 29.64585259, 95.10834560,  99.9
 93,  23, 29.64349850, 95.10829343,  99.9
 94,  23, 29.64111177, 95.10829839,  99.9
 95,  23, 29.63869192, 95.10836048,  99.9
 96,  23, 29.63623845, 95.10847971,  99.9
 97,  23, 29.63375083, 95.10865610,  99.9
 98,  23, 29.63122855, 95.10888968,  99.9
 99,  23, 29.62867109, 95.10918049,   6.3
100,  23, 29.62607791, 95.10952860,  99.9
101,  23, 29.62344848, 95.10993407,  99.9
102,  23, 29.62078224, 95.11039697,  99.9
103,  23, 29.61807865, 95.11091741,  99.9
104,  23, 29.61533713, 95.11149548,  99.9
105,  23, 29.61255712, 95.11213130,  99.9
106,  23, 29.60973803, 95.11282499,  99.9
107,  23, 29.60687928, 95.11357670,  99.9
108,  23, 29.60398028, 95.11438657,  99.9
109,  23, 29.60104042, 95.11525477,  99.9
110,  23, 29.59805908, 95.11618147,  99.9
111,  23, 29.59503564, 95.11716686,  99.9
112,  23, 29.59196948, 95.11821114,  99.9
113,  23, 29.58885995, 95.11931451,  99.9
114,  23, 29.58570641, 95.12047721,  99.9
115,  23, 29.58250819, 95.12169946,  99.9
116,  23, 29.57926464, 95.12298151,  99.9
117,  23, 29.57597507, 95.12432362,  99.9
118,  23, 29.57263879, 95.12572607,  99.9
119,  23, 29.56925512, 95.12718914,  99.9
120,  23, 29.56582334, 95.12871312,  99.9
121,  23, 29.56234274, 95.13029832,  99.9
122,  23, 29.55881259, 95.13194506,  99.9
123,  23, 29.55523216, 95.13365369,  99.9
124,  23, 29.55160069, 95.13542453,  99.9
125,  23, 29.54791743, 95.13725796,  99.9
126,  23, 29.54418161, 95.13915435,  99.9
127,  23, 29.54039245, 95.14111408,  99.9
128,  23, 29.53654916, 95.14313754,  99.9
129,  23, 29.53265094, 95.14522515,  99.9
130,  23, 29.52869696, 95.14737734,  99.9
131,  23, 29.52468641, 95.14959453,  99.9
132,  23, 29.52061845, 95.15187718,  99.9
133,  23, 29.51649222, 95.15422576,  99.9
134,  23, 29.51230687, 95.15664073,  99.9
135,  23, 29.50806152, 95.15912259,  99.9
136,  23, 29.50375528, 95.16167185,  99.9
137,  23, 29.49938726, 95.16428901,   6.3
138,  23, 29.49495653, 95.16697462,  99.9
139,  23, 29.49046218, 95.16972921,  99.9
140,  23, 29.48590326, 95.17255335,  99.9
141,  23, 29.48127883, 95.17544760,  99.9
142,  23, 29.47658790, 95.17841256,  99.9
143,  23, 29.47182951, 95.18144883,  99.9
144,  23, 29.46700266, 95.18455702,  99.9
145,  23, 29.46210633, 95.18773776,  99.9
146,  23, 29.45713951, 95.19099170,  99.9
147,  23, 29.45210115, 95.19431949,  99.9
148,  23, 29.44699020, 95.19772182,  99.9
149,  23, 29.44180559, 95.20119937,  99.9
150,  23, 29.43654624, 95.20475285,  99.9
151,  23, 29.43121105, 95.20838297,  99.9
152,  23, 29.42579889, 95.21209047,  99.9
153,  23, 29.42030864, 95.21587610,  99.9
154,  23, 29.41473914, 95.21974064,  99.9
155,  23, 29.40908924, 95.22368485,  99.9
156,  23, 29.40335774, 95.22770954,  99.9
157,  23, 29.39754345, 95.23181553,  99.9
158,  23, 29.39164515, 95.23600364,  99.9
159,  23, 29.38566161, 95.24027472,  99.9
160,  23, 29.37959156, 95.24462963,  99.9
161,  23, 29.37343375, 95.24906926,  99.9
162,  23, 29.36718687, 95.25359450,  99.9
163,  23, 29.36084963, 95.25820627,  99.9
164,  23, 29.35442069, 95.26290549,  99.9
165,  23, 29.34789870, 95.26769312,  99.9
166,  23, 29.34128231, 95.27257012,  99.9
167,  23, 29.33457011, 95.27753748,   7.0
168,  23, 29.32776071, 95.28259619,   7.2
169,  23, 29.32085268, 95.28774728,  99.9
170,  23, 29.31384457, 95.29299179,  99.9
171,  23, 29.30673491, 95.29833077,  99.9
172,  23, 29.29952220, 95.30376530,  99.9
173,  23, 29.29220495, 95.30929648,  99.9
174,  23, 29.28478160, 95.31492541,  99.9
175,  23, 29.27725061, 95.32065322,  99.9
176,  23, 29.26961039, 95.32648108,  99.9
177,  23, 29.26185934, 95.33241015,  99.9
178,  23, 29.25399583, 95.33844163,  99.9
179,  23, 29.24601822, 95.34457672,  99.9
180,  23, 29.23792483, 95.35081666,  99.9
181,  23, 29.22971396, 95.35716270,  99.9
182,  23, 29.22138389, 95.36361611,  99.9
183,  23, 29.21293286, 95.37017819,  99.9
184,  23, 29.20435910, 95.37685026,  99.9
185,  23, 29.19566082, 95.38363365,  99.9
186,  23, 29.18683618, 95.39052971,  99.9
187,  23, 29.17788333, 95.39753983,  99.9
188,  23, 29.16880039, 95.40466542,  99.9
189,  23, 29.15958545, 95.41190789,  99.9
190,  23, 29.15023658, 95.41926870,  99.9
191,  23, 29.14075181, 95.42674932,  99.9
192,  23, 29.13112914, 95.43435124,  99.9
193,  23, 29.12136655, 95.44207597,  99.9
194,  23, 29.11146200, 95.44992506,  99.9
195,  23, 29.10141339, 95.45790007,  99.9
196,  23, 29.09121861, 95.46600260,   8.4
197,  23, 29.08087552, 95.47423426,   9.1
198,  23, 29.07038195, 95.48259667,  99.9
199,  23, 29.05973568, 95.49109152,  99.9
200,  23, 29.04893447, 95.49972049,  99.9
201,  23, 29.03797605, 95.50848528,   5.3
202,  23, 29.02685812, 95.51738766,   5.3
203,  23, 29.01557833, 95.52642937,  99.9
204,  23, 29.00413430, 95.53561221,  99.9
205,  23, 28.99252363, 95.54493801,  99.9
206,  23, 28.98074388, 95.55440861,  99.9
207,  23, 28.96879255, 95.56402588,   8.6
208,  23, 28.95666714, 95.57379174,  99.9
209,  23, 28.94436508, 95.58370810,  99.9
210,  23, 28.93188379, 95.59377693,  99.9
211,  23, 28.91922062, 95.60400022,  99.9
212,  23, 28.90637292, 95.61437998,   9.1
213,  23, 28.89333797, 95.62491826,  99.9
214,  23, 28.88011303, 95.63561714,  99.9
215,  23, 28.86669530, 95.64647872,  99.9
216,  23, 28.85308195, 95.65750514,  99.9
217,  23, 28.83927012, 95.66869857,  99.9
218,  23, 28.82525687, 95.68006120,   8.4
219,  23, 28.81103927, 95.69159527,   8.0
220,  23, 28.79661430, 95.70330303,   7.5
221,  23, 28.78197892, 95.71518679,   7.6
222,  23, 28.76713004, 95.72724887,   7.7
223,  23, 28.75206452, 95.73949162,   7.7
224,  23, 28.73677918, 95.75191745,   7.7
225,  23, 28.72127078, 95.76452877,   7.6
226,  23, 28.70553606, 95.77732805,   7.5
227,  23, 28.68957168, 95.79031779,   7.4
228,  23, 28.67337427, 95.80350051,   7.3
229,  23, 28.65694041, 95.81687878,   7.2
230,  23, 28.64026661, 95.83045520,   7.1
231,  23, 28.62334935, 95.84423241,   6.9
232,  23, 28.60618505, 95.85821309,   6.7
233,  23, 28.58877007, 95.87239993,   6.4
234,  23, 28.57110074, 95.88679570,   6.1
235,  23, 28.55317331, 95.90140317,   5.7
236,  23, 28.53498398, 95.91622517,   5.6
237,  23, 28.51652890, 95.93126457,   5.2
238,  23, 28.49780417, 95.94652426,   5.6
239,  23, 28.47880580, 95.96200718,   4.7
240,  23, 28.45952978, 95.97771631,   6.0
241,  23, 28.43997203, 95.99365468,   4.9
  1,  24, 29.77769724, 95.38995382,  99.9
  2,  24, 29.77678941, 95.38300543,  99.9
  3,  24, 29.77587615, 95.37617152,  99.9
  4,  24, 29.77495730, 95.36945067,   5.0
  5,  24, 29.77403267, 95.36284148,   5.2
  6,  24, 29.77310210, 95.35634257,  99.9
  7,  24, 29.77216540, 95.34995258,  99.9
  8,  24, 29.77122240, 95.34367019,  99.9
  9,  24, 29.77027291, 95.33749408,  99.9
 10,  24, 29.76931675, 95.33142298,  99.9
 11,  24, 29.76835374, 95.32545560,  99.9
 12,  24, 29.76738370, 95.31959072,  99.9
 13,  24, 29.76640642, 95.31382711,  99.9
 14,  24, 29.76542172, 95.30816356,  99.9
 15,  24, 29.76442942, 95.30259890,  99.9
 16,  24, 29.76342931, 95.29713197,  99.9
 17,  24, 29.76242120, 95.29176162,  99.9
 18,  24, 29.76140489, 95.28648675,  99.9
 19,  24, 29.76038018, 95.28130624,  99.9
 20,  24, 29.75934687, 95.27621903,  99.9
 21,  24, 29.75830476, 95.27122404,  99.9
 22,  24, 29.75725363, 95.26632025,  99.9
 23,  24, 29.75619329, 95.26150662,  99.9
 24,  24, 29.75512351, 95.25678216,  99.9
 25,  24, 29.75404408, 95.25214588,  99.9
 26,  24, 29.75295480, 95.24759681,  99.9
 27,  24, 29.75185544, 95.24313401,  99.9
 28,  24, 29.75074578, 95.23875654,  99.9
 29,  24, 29.74962560, 95.23446350,  99.9
 30,  24, 29.74849467, 95.23025398,  99.9
 31,  24, 29.74735277, 95.22612711,  99.9
 32,  24, 29.74619967, 95.22208204,  99.9
 33,  24, 29.74503513, 95.21811791,  99.9
 34,  24, 29.74385892, 95.21423391,  99.9
 35,  24, 29.74267080, 95.21042921,  99.9
 36,  24, 29.74147053, 95.20670304,   6.0
 37,  24, 29.74025787, 95.20305460,   6.0
 38,  24, 29.73903258, 95.19948315,   6.0
 39,  24, 29.73779439, 95.19598793,  99.9
 40,  24, 29.73654307, 95.19256822,  99.9
 41,  24, 29.73527835, 95.18922331,  99.9
 42,  24, 29.73399998, 95.18595249,  99.9
 43,  24, 29.73270771, 95.18275509,  99.9
 44,  24, 29.73140125, 95.17963043,  99.9
 45,  24, 29.73008036, 95.17657787,  99.9
 46,  24, 29.72874475, 95.17359678,  99.9
 47,  24, 29.72739415, 95.17068651,  99.9
 48,  24, 29.72602830, 95.16784648,  99.9
 49,  24, 29.72464690, 95.16507609,  99.9
 50,  24, 29.72324968, 95.16237476,  99.9
 51,  24, 29.72183635, 95.15974192,  99.9
 52,  24, 29.72040662, 95.15717703,  99.9
 53,  24, 29.71896019, 95.15467956,  99.9
 54,  24, 29.71749678, 95.15224897,  99.9
 55,  24, 29.71601607, 95.14988476,  99.9
 56,  24, 29.71451776, 95.14758645,  99.9
 57,  24, 29.71300154, 95.14535354,  99.9
 58,  24, 29.71146711, 95.14318558,  99.9
 59,  24, 29.70991414, 95.14108211,  99.9
 60,  24, 29.70834232, 95.13904268,  99.9
 61,  24, 29.70675132, 95.13706688,  99.9
 62,  24, 29.70514082, 95.13515429,  99.9
 63,  24, 29.70351047, 95.13330452,  99.9
 64,  24, 29.70185995, 95.13151716,  99.9
 65,  24, 29.70018891, 95.12979186,  99.9
 66,  24, 29.69849701, 95.12812825,  99.9
 67,  24, 29.69678390, 95.12652598,  99.9
 68,  24, 29.69504922, 95.12498471,  99.9
 69,  24, 29.69329261, 95.12350413,  99.9
 70,  24, 29.69151372, 95.12208392,  99.9
 71,  24, 29.68971217, 95.12072378,  99.9
 72,  24, 29.68788759, 95.11942343,  99.9
 73,  24, 29.68603960, 95.11818260,  99.9
 74,  24, 29.68416782, 95.11700103,  99.9
 75,  24, 29.68227187, 95.11587846,  99.9
 76,  24, 29.68035134, 95.11481466,  99.9
 77,  24, 29.67840584, 95.11380942,  99.9
 78,  24, 29.67643496, 95.11286250,  99.9
 79,  24, 29.67443830, 95.11197373,  99.9
 80,  24, 29.67241545, 95.11114290,  99.9
 81,  24, 29.67036598, 95.11036985,  99.9
 82,  24, 29.66828946, 95.10965440,  99.9
 83,  24, 29.66618548, 95.10899641,  99.9
 84,  24, 29.66405358, 95.10839574,  99.9
 85,  24, 29.66189332, 95.10785225,  99.9
 86,  24, 29.65970427, 95.10736584,  99.9
 87,  24, 29.65748596, 95.10693640,  99.9
 88,  24, 29.65523792, 95.10656383,  99.9
 89,  24, 29.65295971, 95.10624806,  99.9
 90,  24, 29.65065083, 95.10598901,  99.9
 91,  24, 29.64831081, 95.10578664,  99.9
 92,  24, 29.64593917, 95.10564088,  99.9
 93,  24, 29.64353540, 95.10555171,  99.9
 94,  24, 29.64109902, 95.10551910,  99.9
 95,  24, 29.63862951, 95.10554305,  99.9
 96,  24, 29.63612636, 95.10562356,  99.9
 97,  24, 29.63358904, 95.10576063,  99.9
 98,  24, 29.63101703, 95.10595430,  99.9
 99,  24, 29.62840980, 95.10620459,   6.4
100,  24, 29.62576680, 95.10651156,   6.5
101,  24, 29.62308748, 95.10687526,  99.9
102,  24, 29.62037129, 95.10729577,  99.9
103,  24, 29.61761765, 95.10777317,  99.9
104,  24, 29.61482599, 95.10830754,  99.9
105,  24, 29.61199573, 95.10889901,  99.9
106,  24, 29.60912629, 95.10954768,  99.9
107,  24, 29.60621706, 95.11025368,  99.9
108,  24, 29.60326743, 95.11101716,  99.9
109,  24, 29.60027680, 95.11183827,  99.9
110,  24, 29.59724454, 95.11271718,  99.9
111,  24, 29.59417001, 95.11365405,  99.9
112,  24, 29.59105258, 95.11464909,  99.9
113,  24, 29.58789160, 95.11570248,  99.9
114,  24, 29.58468640, 95.11681444,  99.9
115,  24, 29.58143632, 95.11798520,  99.9
116,  24, 29.57814067, 95.11921500,  99.9
117,  24, 29.57479878, 95.12050407,  99.9
118,  24, 29.57140995, 95.12185269,  99.9
119,  24, 29.56797346, 95.12326112,  99.9
120,  24, 29.56448861, 95.12472965,  99.9
121,  24, 29.56095466, 95.12625858,  99.9
122,  24, 29.55737087, 95.12784821,  99.9
123,  24, 29.55373650, 95.12949887,  99.9
124,  24, 29.55005079, 95.13121090,  99.9
125,  24, 29.54631297, 95.13298464,  99.9
126,  24, 29.54252226, 95.13482044,  99.9
127,  24, 29.53867787, 95.13671869,  99.9
128,  24, 29.53477899, 95.13867976,  99.9
129,  24, 29.53082482, 95.14070406,  99.9
130,  24, 29.52681452, 95.14279200,  99.9
131,  24, 29.52274725, 95.14494399,  99.9
132,  24, 29.51862218, 95.14716048,  99.9
133,  24, 29.51443843, 95.14944191,  99.9
134,  24, 29.51019513, 95.15178875,  99.9
135,  24, 29.50589140, 95.15420148,  99.9
136,  24, 29.50152633, 95.15668058,   6.7
137,  24, 29.49709902, 95.15922655,   6.5
138,  24, 29.49260854, 95.16183992,  99.9
139,  24, 29.48805394, 95.16452121,  99.9
140,  24, 29.48343429, 95.16727096,  99.9
141,  24, 29.47874861, 95.17008974,  99.9
142,  24, 29.47399592, 95.17297811,  99.9
143,  24, 29.46917523, 95.17593667,  99.9
144,  24, 29.46428553, 95.17896601,  99.9
145,  24, 29.45932580, 95.18206674,  99.9
146,  24, 29.45429500, 95.18523949,  99.9
147,  24, 29.44919209, 95.18848491,  99.9
148,  24, 29.44401598, 95.19180366,  99.9
149,  24, 29.43876560, 95.19519640,  99.9
150,  24, 29.43343986, 95.19866382,  99.9
151,  24, 29.42803763, 95.20220663,  99.9
152,  24, 29.42255778, 95.20582555,  99.9
153,  24, 29.41699918, 95.20952129,  99.9
154,  24, 29.41136065, 95.21329462,  99.9
155,  24, 29.40564102, 95.21714630,  99.9
156,  24, 29.39983909, 95.22107711,  99.9
157,  24, 29.39395365, 95.22508783,  99.9
158,  24, 29.38798345, 95.22917929,  99.9
159,  24, 29.38192726, 95.23335230,  99.9
160,  24, 29.37578381, 95.23760772,  99.9
161,  24, 29.36955180, 95.24194640,  99.9
162,  24, 29.36322993, 95.24636922,  99.9
163,  24, 29.35681689, 95.25087707,  99.9
164,  24, 29.35031132, 95.25547086,  99.9
165,  24, 29.34371186, 95.26015152,  99.9
166,  24, 29.33701713, 95.26491999,  99.9
167,  24, 29.33022573, 95.26977723,  99.9
168,  24, 29.32333623, 95.27472423,   7.6
169,  24, 29.31634720, 95.27976199,   8.0
170,  24, 29.30925716, 95.28489150,  99.9
171,  24, 29.30206463, 95.29011382,  99.9
172,  24, 29.29476810, 95.29542999,  99.9
173,  24, 29.28736604, 95.30084107,  99.9
174,  24, 29.27985690, 95.30634817,  99.9
175,  24, 29.27223911, 95.31195238,  99.9
176,  24, 29.26451107, 95.31765484,  99.9
177,  24, 29.25667115, 95.32345669,  99.9
178,  24, 29.24871772, 95.32935909,  99.9
179,  24, 29.24064910, 95.33536323,  99.9
180,  24, 29.23246360, 95.34147032,  99.9
181,  24, 29.22415950, 95.34768158,  99.9
182,  24, 29.21573507, 95.35399826,  99.9
183,  24, 29.20718852, 95.36042162,  99.9
184,  24, 29.19851808, 95.36695295,  99.9
185,  24, 29.18972191, 95.37359355,  99.9
186,  24, 29.18079817, 95.38034477,  99.9
187,  24, 29.17174500, 95.38720794,  99.9
188,  24, 29.16256047, 95.39418445,  99.9
189,  24, 29.15324268, 95.40127568,  99.9
190,  24, 29.14378965, 95.40848306,  99.9
191,  24, 29.13419941, 95.41580801,  99.9
192,  24, 29.12446994, 95.42325201,  99.9
193,  24, 29.11459919, 95.43081655,  99.9
194,  24, 29.10458510, 95.43850312,  99.9
195,  24, 29.09442554, 95.44631326,  99.9
196,  24, 29.08411840, 95.45424852,  99.9
197,  24, 29.07366150, 95.46231049,   9.4
198,  24, 29.06305264, 95.47050077,  10.0
199,  24, 29.05228960, 95.47882099,  99.9
200,  24, 29.04137010, 95.48727280,  99.9
201,  24, 29.03029185, 95.49585788,   5.4
202,  24, 29.01905253, 95.50457793,  99.9
203,  24, 29.00764976, 95.51343469,  99.9
204,  24, 28.99608114, 95.52242990,  99.9
205,  24, 28.98434425, 95.53156536,  99.9
206,  24, 28.97243660, 95.54084287,  99.9
207,  24, 28.96035570, 95.55026427,   8.6
208,  24, 28.94809900, 95.55983141,   9.2
209,  24, 28.93566392, 95.56954620,  99.9
210,  24, 28.92304783, 95.57941054,  99.9
211,  24, 28.91024808, 95.58942639,   9.1
212,  24, 28.89726198, 95.59959571,   9.4
213,  24, 28.88408678, 95.60992052,   9.4
214,  24, 28.87071971, 95.62040285,   9.2
215,  24, 28.85715796, 95.63104475,   9.1
216,  24, 28.84339865, 95.64184833,   9.0
217,  24, 28.82943890, 95.65281569,   9.0
218,  24, 28.81527575, 95.66394901,   9.0
219,  24, 28.80090623, 95.67525045,   8.0
220,  24, 28.78632729, 95.68672224,   7.9
221,  24, 28.77153586, 95.69836662,   7.9
222,  24, 28.75652882, 95.71018587,   7.9
223,  24, 28.74130300, 95.72218231,   7.8
224,  24, 28.72585519, 95.73435826,   7.7
225,  24, 28.71018213, 95.74671612,   7.7
226,  24, 28.69428049, 95.75925829,   7.6
227,  24, 28.67814694, 95.77198721,   7.5
228,  24, 28.66177805, 95.78490536,   7.4
229,  24, 28.64517038, 95.79801526,   7.2
230,  24, 28.62832040, 95.81131945,   6.9
231,  24, 28.61122455, 95.82482051,   6.6
232,  24, 28.59387923, 95.83852107,   6.4
233,  24, 28.57628077, 95.85242377,   6.0
234,  24, 28.55842544, 95.86653131,   5.7
235,  24, 28.54030946, 95.88084642,   5.5
236,  24, 28.52192900, 95.89537185,   5.0
237,  24, 28.50328018, 95.91011042,   5.1
238,  24, 28.48435904, 95.92506496,   4.4
239,  24, 28.46516158, 95.94023836,   5.0
240,  24, 28.44568374, 95.95563353,   3.9
241,  24, 28.42592139, 95.97125343,   6.5
  1,  25, 29.78381182, 95.38885836,  99.9
  2,  25, 29.78280364, 95.38190459,  99.9
  3,  25, 29.78179128, 95.37506508,  99.9
  4,  25, 29.78077455, 95.36833843,  99.9
  5,  25, 29.77975326, 95.36172322,  99.9
  6,  25, 29.77872722, 95.35521807,  99.9
  7,  25, 29.77769622, 95.34882164,  99.9
  8,  25, 29.77666007, 95.34253258,  99.9
  9,  25, 29.77561856, 95.33634959,  99.9
 10,  25, 29.77457150, 95.33027138,  99.9
 11,  25, 29.77351868, 95.32429668,  99.9
 12,  25, 29.77245989, 95.31842424,  99.9
 13,  25, 29.77139493, 95.31265285,  99.9
 14,  25, 29.77032360, 95.30698129,  99.9
 15,  25, 29.76924567, 95.30140839,  99.9
 16,  25, 29.76816094, 95.29593298,  99.9
 17,  25, 29.76706920, 95.29055393,  99.9
 18,  25, 29.76597022, 95.28527011,  99.9
 19,  25, 29.76486380, 95.28008041,  99.9
 20,  25, 29.76374970, 95.27498377,  99.9
 21,  25, 29.76262772, 95.26997911,  99.9
 22,  25, 29.76149762, 95.26506539,  99.9
 23,  25, 29.76035919, 95.26024159,  99.9
 24,  25, 29.75921220, 95.25550671,  99.9
 25,  25, 29.75805640, 95.25085975,  99.9
 26,  25, 29.75689159, 95.24629974,  99.9
 27,  25, 29.75571751, 95.24182574,  99.9
 28,  25, 29.75453394, 95.23743682,  99.9
 29,  25, 29.75334064, 95.23313205,  99.9
 30,  25, 29.75213737, 95.22891055,  99.9
 31,  25, 29.75092388, 95.22477142,  99.9
 32,  25, 29.74969993, 95.22071382,  99.9
 33,  25, 29.74846527, 95.21673688,  99.9
 34,  25, 29.74721966, 95.21283979,  99.9
 35,  25, 29.74596283, 95.20902172,  99.9
 36,  25, 29.74469455, 95.20528189,  99.9
 37,  25, 29.74341454, 95.20161952,   6.0
 38,  25, 29.74212255, 95.19803383,   6.0
 39,  25, 29.74081832, 95.19452409,   6.0
 40,  25, 29.73950157, 95.19108956,  99.9
 41,  25, 29.73817205, 95.18772952,  99.9
 42,  25, 29.73682948, 95.18444327,  99.9
 43,  25, 29.73547359, 95.18123013,  99.9
 44,  25, 29.73410410, 95.17808943,  99.9
 45,  25, 29.73272073, 95.17502051,  99.9
 46,  25, 29.73132320, 95.17202273,  99.9
 47,  25, 29.72991121, 95.16909547,  99.9
 48,  25, 29.72848449, 95.16623812,  99.9
 49,  25, 29.72704274, 95.16345007,  99.9
 50,  25, 29.72558567, 95.16073075,  99.9
 51,  25, 29.72411297, 95.15807959,  99.9
 52,  25, 29.72262434, 95.15549604,  99.9
 53,  25, 29.72111948, 95.15297955,  99.9
 54,  25, 29.71959808, 95.15052961,  99.9
 55,  25, 29.71805982, 95.14814569,  99.9
 56,  25, 29.71650439, 95.14582731,  99.9
 57,  25, 29.71493147, 95.14357398,  99.9
 58,  25, 29.71334073, 95.14138522,  99.9
 59,  25, 29.71173185, 95.13926058,  99.9
 60,  25, 29.71010449, 95.13719962,  99.9
 61,  25, 29.70845832, 95.13520190,  99.9
 62,  25, 29.70679300, 95.13326701,  99.9
 63,  25, 29.70510818, 95.13139454,  99.9
 64,  25, 29.70340352, 95.12958411,  99.9
 65,  25, 29.70167867, 95.12783532,  99.9
 66,  25, 29.69993326, 95.12614782,  99.9
 67,  25, 29.69816694, 95.12452126,  99.9
 68,  25, 29.69637934, 95.12295528,  99.9
 69,  25, 29.69457010, 95.12144957,  99.9
 70,  25, 29.69273883, 95.12000381,  99.9
 71,  25, 29.69088516, 95.11861770,  99.9
 72,  25, 29.68900870, 95.11729094,  99.9
 73,  25, 29.68710907, 95.11602325,  99.9
 74,  25, 29.68518587, 95.11481438,  99.9
 75,  25, 29.68323871, 95.11366406,  99.9
 76,  25, 29.68126717, 95.11257205,  99.9
 77,  25, 29.67927086, 95.11153813,  99.9
 78,  25, 29.67724935, 95.11056208,  99.9
 79,  25, 29.67520223, 95.10964369,  99.9
 80,  25, 29.67312907, 95.10878276,  99.9
 81,  25, 29.67102944, 95.10797911,  99.9
 82,  25, 29.66890291, 95.10723259,  99.9
 83,  25, 29.66674903, 95.10654301,  99.9
 84,  25, 29.66456736, 95.10591025,  99.9
 85,  25, 29.66235745, 95.10533416,  99.9
 86,  25, 29.66011883, 95.10481463,  99.9
 87,  25, 29.65785104, 95.10435153,  99.9
 88,  25, 29.65555360, 95.10394477,  99.9
 89,  25, 29.65322605, 95.10359427,  99.9
 90,  25, 29.65086790, 95.10329994,  99.9
 91,  25, 29.64847865, 95.10306173,  99.9
 92,  25, 29.64605781, 95.10287957,  99.9
 93,  25, 29.64360487, 95.10275342,  99.9
 94,  25, 29.64111933, 95.10268327,  99.9
 95,  25, 29.63860067, 95.10266908,  99.9
 96,  25, 29.63604836, 95.10271085,  99.9
 97,  25, 29.63346188, 95.10280858,  99.9
 98,  25, 29.63084068, 95.10296229,  99.9
 99,  25, 29.62818422, 95.10317202,  99.9
100,  25, 29.62549194, 95.10343779,   6.5
101,  25, 29.62276329, 95.10375965,   6.7
102,  25, 29.61999769, 95.10413768,  99.9
103,  25, 29.61719458, 95.10457194,  99.9
104,  25, 29.61435336, 95.10506252,  99.9
105,  25, 29.61147345, 95.10560951,  99.9
106,  25, 29.60855424, 95.10621303,  99.9
107,  25, 29.60559513, 95.10687319,  99.9
108,  25, 29.60259550, 95.10759013,  99.9
109,  25, 29.59955472, 95.10836399,  99.9
110,  25, 29.59647216, 95.10919492,  99.9
111,  25, 29.59334718, 95.11008309,  99.9
112,  25, 29.59017913, 95.11102868,  99.9
113,  25, 29.58696734, 95.11203188,  99.9
114,  25, 29.58371115, 95.11309289,  99.9
115,  25, 29.58040988, 95.11421192,  99.9
116,  25, 29.57706283, 95.11538921,  99.9
117,  25, 29.57366932, 95.11662498,  99.9
118,  25, 29.57022863, 95.11791949,  99.9
119,  25, 29.56674004, 95.11927300,  99.9
120,  25, 29.56320283, 95.12068579,  99.9
121,  25, 29.55961626, 95.12215813,  99.9
122,  25, 29.55597958, 95.12369033,  99.9
123,  25, 29.55229203, 95.12528270,  99.9
124,  25, 29.54855284, 95.12693556,  99.9
125,  25, 29.54476124, 95.12864924,  99.9
126,  25, 29.54091642, 95.13042409,  99.9
127,  25, 29.53701759, 95.13226048,  99.9
128,  25, 29.53306394, 95.13415876,  99.9
129,  25, 29.52905463, 95.13611934,  99.9
130,  25, 29.52498883, 95.13814260,  99.9
131,  25, 29.52086570, 95.14022896,  99.9
132,  25, 29.51668436, 95.14237883,  99.9
133,  25, 29.51244396, 95.14459266,  99.9
134,  25, 29.50814359, 95.14687090,   6.9
135,  25, 29.50378237, 95.14921399,   6.9
136,  25, 29.49935938, 95.15162243,   6.9
137,  25, 29.49487370, 95.15409670,  99.9
138,  25, 29.49032439, 95.15663730,  99.9
139,  25, 29.48571050, 95.15924474,  99.9
140,  25, 29.48103106, 95.16191955,  99.9
141,  25, 29.47628511, 95.16466229,  99.9
142,  25, 29.47147164, 95.16747349,  99.9
143,  25, 29.46658965, 95.17035373,  99.9
144,  25, 29.46163812, 95.17330360,  99.9
145,  25, 29.45661601, 95.17632370,  99.9
146,  25, 29.45152228, 95.17941462,  99.9
147,  25, 29.44635586, 95.18257701,  99.9
148,  25, 29.44111567, 95.18581150,  99.9
149,  25, 29.43580061, 95.18911875,  99.9
150,  25, 29.43040957, 95.19249942,  99.9
151,  25, 29.42494143, 95.19595420,  99.9
152,  25, 29.41939503, 95.19948379,  99.9
153,  25, 29.41376923, 95.20308890,  99.9
154,  25, 29.40806284, 95.20677027,  99.9
155,  25, 29.40227466, 95.21052863,  99.9
156,  25, 29.39640350, 95.21436475,  99.9
157,  25, 29.39044811, 95.21827940,  99.9
158,  25, 29.38440726, 95.22227338,  99.9
159,  25, 29.37827968, 95.22634749,  99.9
160,  25, 29.37206408, 95.23050255,  99.9
161,  25, 29.36575917, 95.23473940,  99.9
162,  25, 29.35936362, 95.23905890,  99.9
163,  25, 29.35287609, 95.24346193,  99.9
164,  25, 29.34629524, 95.24794936,  99.9
165,  25, 29.33961967, 95.25252210,  99.9
166,  25, 29.33284800, 95.25718109,  99.9
167,  25, 29.32597879, 95.26192724,  99.9
168,  25, 29.31901062, 95.26676153,  99.9
169,  25, 29.31194203, 95.27168493,   8.5
170,  25, 29.30477152, 95.27669842,  99.9
171,  25, 29.29749761, 95.28180302,  99.9
172,  25, 29.29011876, 95.28699975,  99.9
173,  25, 29.28263344, 95.29228966,  99.9
174,  25, 29.27504006, 95.29767382,  99.9
175,  25, 29.26733704, 95.30315330,  99.9
176,  25, 29.25952277, 95.30872921,  99.9
177,  25, 29.25159561, 95.31440267,  99.9
178,  25, 29.24355388, 95.32017481,  99.9
179,  25, 29.23539592, 95.32604680,  99.9
180,  25, 29.22712000, 95.33201981,  99.9
181,  25, 29.21872439, 95.33809505,  99.9
182,  25, 29.21020733, 95.34427372,  99.9
183,  25, 29.20156703, 95.35055707,  99.9
184,  25, 29.19280169, 95.35694636,  99.9
185,  25, 29.18390945, 95.36344286,  99.9
186,  25, 29.17488846, 95.37004787,  99.9
187,  25, 29.16573682, 95.37676272,  99.9
188,  25, 29.15645261, 95.38358875,  99.9
189,  25, 29.14703387, 95.39052733,  99.9
190,  25, 29.13747865, 95.39757983,  99.9
191,  25, 29.12778492, 95.40474767,  99.9
192,  25, 29.11795064, 95.41203227,  99.9
193,  25, 29.10797377, 95.41943509,  99.9
194,  25, 29.09785219, 95.42695761,  99.9
195,  25, 29.08758379, 95.43460132,  99.9
196,  25, 29.07716640, 95.44236774,  99.9
197,  25, 29.06659784, 95.45025842,  99.9
198,  25, 29.05587589, 95.45827494,  10.0
199,  25, 29.04499828, 95.46641887,  99.9
200,  25, 29.03396274, 95.47469184,   5.8
201,  25, 29.02276695, 95.48309550,   5.6
202,  25, 29.01140854, 95.49163151,  99.9
203,  25, 28.99988514, 95.50030155,  99.9
204,  25, 28.98819431, 95.50910736,  99.9
205,  25, 28.97633360, 95.51805067,  99.9
206,  25, 28.96430052, 95.52713326,  99.9
207,  25, 28.95209252, 95.53635691,  99.9
208,  25, 28.93970705, 95.54572345,   8.9
209,  25, 28.92714149, 95.55523474,   9.0
210,  25, 28.91439320, 95.56489265,   9.1
211,  25, 28.90145950, 95.57469908,   9.2
212,  25, 28.88833766, 95.58465596,   9.3
213,  25, 28.87502492, 95.59476527,   9.4
214,  25, 28.86151847, 95.60502898,   9.4
215,  25, 28.84781547, 95.61544911,   9.4
216,  25, 28.83391304, 95.62602772,   9.2
217,  25, 28.81980823, 95.63676688,   9.0
218,  25, 28.80549808, 95.64766869,   8.7
219,  25, 28.79097958, 95.65873530,   8.1
220,  25, 28.77624966, 95.66996886,   8.1
221,  25, 28.76130521, 95.68137159,   8.1
222,  25, 28.74614309, 95.69294571,   7.9
223,  25, 28.73076010, 95.70469347,   7.9
224,  25, 28.71515298, 95.71661719,   7.8
225,  25, 28.69931845, 95.72871917,   7.7
226,  25, 28.68325317, 95.74100178,   7.6
227,  25, 28.66695374, 95.75346741,   7.5
228,  25, 28.65041673, 95.76611848,   7.2
229,  25, 28.63363863, 95.77895746,   6.9
230,  25, 28.61661592, 95.79198683,   6.6
231,  25, 28.59934499, 95.80520913,   6.4
232,  25, 28.58182220, 95.81862691,   6.0
233,  25, 28.56404384, 95.83224278,   5.7
234,  25, 28.54600615, 95.84605936,   5.4
235,  25, 28.52770532, 95.86007934,   5.0
236,  25, 28.50913750, 95.87430540,   4.9
237,  25, 28.49029873, 95.88874031,   4.3
238,  25, 28.47118506, 95.90338682,   4.4
239,  25, 28.45179242, 95.91824778,   3.5
240,  25, 28.43211672, 95.93332602,   4.1
241,  25, 28.41215380, 95.94862446,   1.7
  1,  26, 29.78993000, 95.38764718,  99.9
  2,  26, 29.78882166, 95.38068947,  99.9
  3,  26, 29.78771040, 95.37384580,  99.9
  4,  26, 29.78659601, 95.36711474,  99.9
  5,  26, 29.78547827, 95.36049489,  99.9
  6,  26, 29.78435696, 95.35398487,  99.9
  7,  26, 29.78323187, 95.34758332,  99.9
  8,  26, 29.78210278, 95.34128891,  99.9
  9,  26, 29.78096947, 95.33510033,  99.9
 10,  26, 29.77983171, 95.32901628,  99.9
 11,  26, 29.77868929, 95.32303550,  99.9
 12,  26, 29.77754199, 95.31715673,  99.9
 13,  26, 29.77638957, 95.31137876,  99.9
 14,  26, 29.77523181, 95.30570037,  99.9
 15,  26, 29.77406848, 95.30012039,  99.9
 16,  26, 29.77289935, 95.29463765,  99.9
 17,  26, 29.77172420, 95.28925101,  99.9
 18,  26, 29.77054278, 95.28395934,  99.9
 19,  26, 29.76935486, 95.27876154,  99.9
 20,  26, 29.76816021, 95.27365652,  99.9
 21,  26, 29.76695859, 95.26864323,  99.9
 22,  26, 29.76574976, 95.26372062,  99.9
 23,  26, 29.76453348, 95.25888765,  99.9
 24,  26, 29.76330950, 95.25414333,  99.9
 25,  26, 29.76207757, 95.24948666,  99.9
 26,  26, 29.76083747, 95.24491667,  99.9
 27,  26, 29.75958892, 95.24043241,  99.9
 28,  26, 29.75833168, 95.23603294,  99.9
 29,  26, 29.75706551, 95.23171735,  99.9
 30,  26, 29.75579013, 95.22748474,  99.9
 31,  26, 29.75450530, 95.22333422,  99.9
 32,  26, 29.75321076, 95.21926492,  99.9
 33,  26, 29.75190624, 95.21527601,  99.9
 34,  26, 29.75059147, 95.21136664,  99.9
 35,  26, 29.74926621, 95.20753600,  99.9
 36,  26, 29.74793016, 95.20378330,  99.9
 37,  26, 29.74658307, 95.20010775,   6.0
 38,  26, 29.74522465, 95.19650858,   6.0
 39,  26, 29.74385464, 95.19298504,   6.0
 40,  26, 29.74247275, 95.18953640,  99.9
 41,  26, 29.74107870, 95.18616193,  99.9
 42,  26, 29.73967220, 95.18286095,  99.9
 43,  26, 29.73825298, 95.17963274,  99.9
 44,  26, 29.73682073, 95.17647665,  99.9
 45,  26, 29.73537517, 95.17339201,  99.9
 46,  26, 29.73391600, 95.17037818,  99.9
 47,  26, 29.73244292, 95.16743453,  99.9
 48,  26, 29.73095564, 95.16456044,  99.9
 49,  26, 29.72945383, 95.16175532,  99.9
 50,  26, 29.72793720, 95.15901859,  99.9
 51,  26, 29.72640544, 95.15634966,  99.9
 52,  26, 29.72485822, 95.15374798,  99.9
 53,  26, 29.72329524, 95.15121301,  99.9
 54,  26, 29.72171617, 95.14874422,  99.9
 55,  26, 29.72012068, 95.14634109,  99.9
 56,  26, 29.71850846, 95.14400313,  99.9
 57,  26, 29.71687915, 95.14172983,  99.9
 58,  26, 29.71523244, 95.13952074,  99.9
 59,  26, 29.71356797, 95.13737538,  99.9
 60,  26, 29.71188541, 95.13529331,  99.9
 61,  26, 29.71018441, 95.13327409,  99.9
 62,  26, 29.70846462, 95.13131731,  99.9
 63,  26, 29.70672568, 95.12942254,  99.9
 64,  26, 29.70496724, 95.12758940,  99.9
 65,  26, 29.70318892, 95.12581750,  99.9
 66,  26, 29.70139037, 95.12410647,  99.9
 67,  26, 29.69957121, 95.12245595,  99.9
 68,  26, 29.69773106, 95.12086559,  99.9
 69,  26, 29.69586955, 95.11933508,  99.9
 70,  26, 29.69398629, 95.11786407,  99.9
 71,  26, 29.69208088, 95.11645226,  99.9
 72,  26, 29.69015293, 95.11509937,  99.9
 73,  26, 29.68820206, 95.11380510,  99.9
 74,  26, 29.68622784, 95.11256918,  99.9
 75,  26, 29.68422987, 95.11139135,  99.9
 76,  26, 29.68220773, 95.11027136,  99.9
 77,  26, 29.68016102, 95.10920899,  99.9
 78,  26, 29.67808930, 95.10820400,  99.9
 79,  26, 29.67599214, 95.10725618,  99.9
 80,  26, 29.67386910, 95.10636533,  99.9
 81,  26, 29.67171976, 95.10553127,  99.9
 82,  26, 29.66954365, 95.10475382,  99.9
 83,  26, 29.66734033, 95.10403281,  99.9
 84,  26, 29.66510934, 95.10336809,  99.9
 85,  26, 29.66285022, 95.10275952,  99.9
 86,  26, 29.66056250, 95.10220697,  99.9
 87,  26, 29.65824570, 95.10171032,  99.9
 88,  26, 29.65589935, 95.10126946,  99.9
 89,  26, 29.65352294, 95.10088430,  99.9
 90,  26, 29.65111600, 95.10055476,  99.9
 91,  26, 29.64867801, 95.10028076,  99.9
 92,  26, 29.64620848, 95.10006224,  99.9
 93,  26, 29.64370688, 95.09989915,  99.9
 94,  26, 29.64117270, 95.09979146,  99.9
 95,  26, 29.63860541, 95.09973914,  99.9
 96,  26, 29.63600448, 95.09974217,  99.9
 97,  26, 29.63336936, 95.09980055,  99.9
 98,  26, 29.63069951, 95.09991429,  99.9
 99,  26, 29.62799437, 95.10008340,  99.9
100,  26, 29.62525338, 95.10030792,  99.9
101,  26, 29.62247596, 95.10058789,   6.7
102,  26, 29.61966154, 95.10092336,   6.8
103,  26, 29.61680954, 95.10131440,  99.9
104,  26, 29.61391935, 95.10176108,  99.9
105,  26, 29.61099037, 95.10226350,  99.9
106,  26, 29.60802201, 95.10282175,  99.9
107,  26, 29.60501363, 95.10343593,  99.9
108,  26, 29.60196461, 95.10410618,  99.9
109,  26, 29.59887432, 95.10483263,  99.9
110,  26, 29.59574210, 95.10561542,  99.9
111,  26, 29.59256732, 95.10645471,  99.9
112,  26, 29.58934930, 95.10735066,  99.9
113,  26, 29.58608738, 95.10830346,  99.9
114,  26, 29.58278087, 95.10931331,  99.9
115,  26, 29.57942909, 95.11038039,  99.9
116,  26, 29.57603134, 95.11150493,  99.9
117,  26, 29.57258690, 95.11268715,  99.9
118,  26, 29.56909506, 95.11392730,  99.9
119,  26, 29.56555510, 95.11522562,  99.9
120,  26, 29.56196627, 95.11658237,  99.9
121,  26, 29.55832782, 95.11799783,  99.9
122,  26, 29.55463900, 95.11947229,  99.9
123,  26, 29.55089903, 95.12100604,  99.9
124,  26, 29.54710714, 95.12259939,  99.9
125,  26, 29.54326254, 95.12425267,  99.9
126,  26, 29.53936441, 95.12596621,  99.9
127,  26, 29.53541196, 95.12774036,  99.9
128,  26, 29.53140434, 95.12957548,  99.9
129,  26, 29.52734074, 95.13147193,  99.9
130,  26, 29.52322029, 95.13343011,  99.9
131,  26, 29.51904214, 95.13545041,  99.9
132,  26, 29.51480541, 95.13753323,  99.9
133,  26, 29.51050922, 95.13967901,  99.9
134,  26, 29.50615268, 95.14188817,   6.9
135,  26, 29.50173487, 95.14416117,   6.9
136,  26, 29.49725488, 95.14649846,  99.9
137,  26, 29.49271175, 95.14890052,  99.9
138,  26, 29.48810456, 95.15136783,  99.9
139,  26, 29.48343233, 95.15390090,  99.9
140,  26, 29.47869408, 95.15650023,  99.9
141,  26, 29.47388883, 95.15916636,  99.9
142,  26, 29.46901558, 95.16189982,  99.9
143,  26, 29.46407330, 95.16470117,  99.9
144,  26, 29.45906096, 95.16757098,  99.9
145,  26, 29.45397752, 95.17050982,  99.9
146,  26, 29.44882191, 95.17351830,  99.9
147,  26, 29.44359306, 95.17659701,  99.9
148,  26, 29.43828986, 95.17974659,  99.9
149,  26, 29.43291122, 95.18296767,  99.9
150,  26, 29.42745600, 95.18626090,  99.9
151,  26, 29.42192308, 95.18962696,  99.9
152,  26, 29.41631128, 95.19306651,  99.9
153,  26, 29.41061944, 95.19658026,  99.9
154,  26, 29.40484636, 95.20016892,  99.9
155,  26, 29.39899084, 95.20383320,  99.9
156,  26, 29.39305166, 95.20757386,  99.9
157,  26, 29.38702757, 95.21139165,  99.9
158,  26, 29.38091731, 95.21528734,  99.9
159,  26, 29.37471960, 95.21926172,  99.9
160,  26, 29.36843314, 95.22331559,  99.9
161,  26, 29.36205663, 95.22744976,  99.9
162,  26, 29.35558872, 95.23166507,  99.9
163,  26, 29.34902806, 95.23596238,  99.9
164,  26, 29.34237328, 95.24034255,  99.9
165,  26, 29.33562298, 95.24480646,  99.9
166,  26, 29.32877576, 95.24935501,  99.9
167,  26, 29.32183017, 95.25398912,  99.9
168,  26, 29.31478477, 95.25870973,  99.9
169,  26, 29.30763807, 95.26351777,   9.1
170,  26, 29.30038858, 95.26841423,   9.6
171,  26, 29.29303479, 95.27340008,  99.9
172,  26, 29.28557515, 95.27847634,  99.9
173,  26, 29.27800810, 95.28364401,  99.9
174,  26, 29.27033205, 95.28890415,  99.9
175,  26, 29.26254540, 95.29425780,  99.9
176,  26, 29.25464651, 95.29970604,  99.9
177,  26, 29.24663373, 95.30524997,  99.9
178,  26, 29.23850538, 95.31089069,  99.9
179,  26, 29.23025975, 95.31662935,  99.9
180,  26, 29.22189512, 95.32246709,  99.9
181,  26, 29.21340973, 95.32840508,  99.9
182,  26, 29.20480181, 95.33444451,  99.9
183,  26, 29.19606954, 95.34058659,  99.9
184,  26, 29.18721110, 95.34683255,  99.9
185,  26, 29.17822463, 95.35318365,  99.9
186,  26, 29.16910824, 95.35964114,  99.9
187,  26, 29.15986002, 95.36620633,  99.9
188,  26, 29.15047803, 95.37288052,  99.9
189,  26, 29.14096031, 95.37966505,  99.9
190,  26, 29.13130484, 95.38656127,  11.3
191,  26, 29.12150962, 95.39357056,  11.4
192,  26, 29.11157258, 95.40069431,  11.4
193,  26, 29.10149163, 95.40793394,  11.5
194,  26, 29.09126466, 95.41529091,  11.5
195,  26, 29.08088952, 95.42276667,  12.6
196,  26, 29.07036403, 95.43036270,  99.9
197,  26, 29.05968598, 95.43808053,  99.9
198,  26, 29.04885313, 95.44592168,  10.0
199,  26, 29.03786321, 95.45388771,  99.9
200,  26, 29.02671390, 95.46198021,   6.0
201,  26, 29.01540285, 95.47020078,  99.9
202,  26, 29.00392771, 95.47855104,  99.9
203,  26, 28.99228604, 95.48703266,  99.9
204,  26, 28.98047540, 95.49564732,  99.9
205,  26, 28.96849332, 95.50439671,  99.9
206,  26, 28.95633727, 95.51328257,  99.9
207,  26, 28.94400469, 95.52230666,  99.9
208,  26, 28.93149299, 95.53147076,   8.8
209,  26, 28.91879954, 95.54077667,   8.9
210,  26, 28.90592167, 95.55022624,   9.0
211,  26, 28.89285667, 95.55982132,   9.1
212,  26, 28.87960178, 95.56956381,   9.1
213,  26, 28.86615423, 95.57945561,   9.1
214,  26, 28.85251117, 95.58949869,   9.2
215,  26, 28.83866974, 95.59969501,   9.1
216,  26, 28.82462702, 95.61004657,   8.8
217,  26, 28.81038006, 95.62055541,   8.6
218,  26, 28.79592584, 95.63122358,   8.4
219,  26, 28.78126134, 95.64205319,   8.3
220,  26, 28.76638346, 95.65304633,   8.1
221,  26, 28.75128905, 95.66420517,   8.1
222,  26, 28.73597495, 95.67553189,   8.0
223,  26, 28.72043793, 95.68702870,   7.9
224,  26, 28.70467470, 95.69869784,   7.8
225,  26, 28.68868195, 95.71054159,   7.7
226,  26, 28.67245631, 95.72256225,   7.5
227,  26, 28.65599434, 95.73476216,   7.2
228,  26, 28.63929258, 95.74714370,   7.0
229,  26, 28.62234750, 95.75970926,   6.7
230,  26, 28.60515553, 95.77246129,   6.4
231,  26, 28.58771305, 95.78540226,   6.1
232,  26, 28.57001636, 95.79853468,   5.8
233,  26, 28.55206173, 95.81186108,   5.4
234,  26, 28.53384537, 95.82538404,   5.1
235,  26, 28.51536344, 95.83910617,   4.8
236,  26, 28.49661202, 95.85303012,   4.4
237,  26, 28.47758717, 95.86715858,   4.2
238,  26, 28.45828485, 95.88149426,   3.5
239,  26, 28.43870099, 95.89603991,   3.5
240,  26, 28.41883145, 95.91079834,   2.2
241,  26, 28.39867203, 95.92577237,   1.7
  1,  27, 29.79605050, 95.38632052,  99.9
  2,  27, 29.79484223, 95.37936032,  99.9
  3,  27, 29.79363230, 95.37251390,  99.9
  4,  27, 29.79242047, 95.36577984,  99.9
  5,  27, 29.79120650, 95.35915673,  99.9
  6,  27, 29.78999015, 95.35264320,  99.9
  7,  27, 29.78877120, 95.34623787,  99.9
  8,  27, 29.78754940, 95.33993942,  99.9
  9,  27, 29.78632451, 95.33374654,  99.9
 10,  27, 29.78509630, 95.32765792,  99.9
 11,  27, 29.78386452, 95.32167230,  99.9
 12,  27, 29.78262892, 95.31578843,  99.9
 13,  27, 29.78138928, 95.31000508,  99.9
 14,  27, 29.78014533, 95.30432105,  99.9
 15,  27, 29.77889684, 95.29873516,  99.9
 16,  27, 29.77764355, 95.29324623,  99.9
 17,  27, 29.77638522, 95.28785312,  99.9
 18,  27, 29.77512160, 95.28255470,  99.9
 19,  27, 29.77385244, 95.27734988,  99.9
 20,  27, 29.77257748, 95.27223756,  99.9
 21,  27, 29.77129647, 95.26721668,  99.9
 22,  27, 29.77000915, 95.26228620,  99.9
 23,  27, 29.76871526, 95.25744507,  99.9
 24,  27, 29.76741455, 95.25269230,  99.9
 25,  27, 29.76610675, 95.24802689,  99.9
 26,  27, 29.76479161, 95.24344787,  99.9
 27,  27, 29.76346884, 95.23895428,  99.9
 28,  27, 29.76213820, 95.23454519,  99.9
 29,  27, 29.76079941, 95.23021968,  99.9
 30,  27, 29.75945220, 95.22597684,  99.9
 31,  27, 29.75809629, 95.22181578,  99.9
 32,  27, 29.75673142, 95.21773565,  99.9
 33,  27, 29.75535731, 95.21373559,  99.9
 34,  27, 29.75397367, 95.20981476,  99.9
 35,  27, 29.75258023, 95.20597235,  99.9
 36,  27, 29.75117670, 95.20220756,  99.9
 37,  27, 29.74976280, 95.19851959,  99.9
 38,  27, 29.74833824, 95.19490769,  99.9
 39,  27, 29.74690273, 95.19137109,   6.0
 40,  27, 29.74545597, 95.18790906,   6.0
 41,  27, 29.74399768, 95.18452088,   6.0
 42,  27, 29.74252755, 95.18120584,  99.9
 43,  27, 29.74104529, 95.17796324,  99.9
 44,  27, 29.73955058, 95.17479242,  99.9
 45,  27, 29.73804313, 95.17169270,  99.9
 46,  27, 29.73652263, 95.16866344,  99.9
 47,  27, 29.73498876, 95.16570402,  99.9
 48,  27, 29.73344121, 95.16281381,  99.9
 49,  27, 29.73187966, 95.15999220,  99.9
 50,  27, 29.73030379, 95.15723861,  99.9
 51,  27, 29.72871328, 95.15455247,  99.9
 52,  27, 29.72710780, 95.15193321,  99.9
 53,  27, 29.72548702, 95.14938029,  99.9
 54,  27, 29.72385060, 95.14689317,  99.9
 55,  27, 29.72219822, 95.14447133,  99.9
 56,  27, 29.72052953, 95.14211427,  99.9
 57,  27, 29.71884418, 95.13982150,  99.9
 58,  27, 29.71714183, 95.13759253,  99.9
 59,  27, 29.71542212, 95.13542690,  99.9
 60,  27, 29.71368471, 95.13332415,  99.9
 61,  27, 29.71192924, 95.13128386,  99.9
 62,  27, 29.71015533, 95.12930558,  99.9
 63,  27, 29.70836263, 95.12738891,  99.9
 64,  27, 29.70655077, 95.12553345,  99.9
 65,  27, 29.70471936, 95.12373880,  99.9
 66,  27, 29.70286804, 95.12200460,  99.9
 67,  27, 29.70099641, 95.12033047,  99.9
 68,  27, 29.69910410, 95.11871607,  99.9
 69,  27, 29.69719070, 95.11716107,  99.9
 70,  27, 29.69525583, 95.11566512,  99.9
 71,  27, 29.69329908, 95.11422793,  99.9
 72,  27, 29.69132005, 95.11284918,  99.9
 73,  27, 29.68931833, 95.11152859,  99.9
 74,  27, 29.68729350, 95.11026588,  99.9
 75,  27, 29.68524514, 95.10906079,  99.9
 76,  27, 29.68317283, 95.10791306,  99.9
 77,  27, 29.68107614, 95.10682246,  99.9
 78,  27, 29.67895463, 95.10578874,  99.9
 79,  27, 29.67680787, 95.10481170,  99.9
 80,  27, 29.67463540, 95.10389112,  99.9
 81,  27, 29.67243678, 95.10302682,  99.9
 82,  27, 29.67021155, 95.10221861,  99.9
 83,  27, 29.66795924, 95.10146632,  99.9
 84,  27, 29.66567940, 95.10076979,  99.9
 85,  27, 29.66337155, 95.10012886,  99.9
 86,  27, 29.66103520, 95.09954342,  99.9
 87,  27, 29.65866987, 95.09901332,  99.9
 88,  27, 29.65627508, 95.09853846,  99.9
 89,  27, 29.65385031, 95.09811873,  99.9
 90,  27, 29.65139508, 95.09775404,  99.9
 91,  27, 29.64890886, 95.09744431,  99.9
 92,  27, 29.64639115, 95.09718948,  99.9
 93,  27, 29.64384141, 95.09698949,  99.9
 94,  27, 29.64125911, 95.09684429,  99.9
 95,  27, 29.63864373, 95.09675385,  99.9
 96,  27, 29.63599471, 95.09671814,  99.9
 97,  27, 29.63331151, 95.09673716,  99.9
 98,  27, 29.63059356, 95.09681090,  99.9
 99,  27, 29.62784030, 95.09693937,  99.9
100,  27, 29.62505116, 95.09712260,  99.9
101,  27, 29.62222555, 95.09736062,  99.9
102,  27, 29.61936289, 95.09765348,   7.0
103,  27, 29.61646259, 95.09800122,   7.1
104,  27, 29.61352403, 95.09840392,   7.1
105,  27, 29.61054660, 95.09886166,   7.1
106,  27, 29.60752969, 95.09937452,  99.9
107,  27, 29.60447267, 95.09994261,  99.9
108,  27, 29.60137490, 95.10056604,  99.9
109,  27, 29.59823573, 95.10124493,  99.9
110,  27, 29.59505451, 95.10197942,  99.9
111,  27, 29.59183058, 95.10276966,  99.9
112,  27, 29.58856327, 95.10361580,  99.9
113,  27, 29.58525188, 95.10451802,  99.9
114,  27, 29.58189574, 95.10547649,  99.9
115,  27, 29.57849415, 95.10649140,  99.9
116,  27, 29.57504639, 95.10756297,  99.9
117,  27, 29.57155175, 95.10869140,  99.9
118,  27, 29.56800949, 95.10987693,  99.9
119,  27, 29.56441888, 95.11111980,  99.9
120,  27, 29.56077918, 95.11242024,  99.9
121,  27, 29.55708961, 95.11377854,  99.9
122,  27, 29.55334941, 95.11519495,  99.9
123,  27, 29.54955780, 95.11666977,  99.9
124,  27, 29.54571400, 95.11820330,  99.9
125,  27, 29.54181719, 95.11979585,  99.9
126,  27, 29.53786656, 95.12144773,  99.9
127,  27, 29.53386129, 95.12315928,  99.9
128,  27, 29.52980055, 95.12493086,  99.9
129,  27, 29.52568349, 95.12676280,  99.9
130,  27, 29.52150924, 95.12865550,  99.9
131,  27, 29.51727694, 95.13060933,  99.9
132,  27, 29.51298570, 95.13262469,  99.9
133,  27, 29.50863462, 95.13470198,   6.9
134,  27, 29.50422281, 95.13684162,   6.9
135,  27, 29.49974933, 95.13904406,  99.9
136,  27, 29.49521325, 95.14130972,  99.9
137,  27, 29.49061363, 95.14363909,  99.9
138,  27, 29.48594950, 95.14603262,  99.9
139,  27, 29.48121989, 95.14849079,  99.9
140,  27, 29.47642382, 95.15101412,  99.9
141,  27, 29.47156028, 95.15360311,  99.9
142,  27, 29.46662825, 95.15625827,  99.9
143,  27, 29.46162670, 95.15898016,  99.9
144,  27, 29.45655459, 95.16176932,  99.9
145,  27, 29.45141087, 95.16462632,  99.9
146,  27, 29.44619445, 95.16755173,  99.9
147,  27, 29.44090424, 95.17054615,  99.9
148,  27, 29.43553914, 95.17361018,  99.9
149,  27, 29.43009803, 95.17674444,  99.9
150,  27, 29.42457976, 95.17994957,  99.9
151,  27, 29.41898320, 95.18322622,  99.9
152,  27, 29.41330716, 95.18657504,  99.9
153,  27, 29.40755046, 95.18999671,  99.9
154,  27, 29.40171189, 95.19349193,  99.9
155,  27, 29.39579024, 95.19706141,  99.9
156,  27, 29.38978427, 95.20070585,  99.9
157,  27, 29.38369271, 95.20442601,  99.9
158,  27, 29.37751430, 95.20822262,  99.9
159,  27, 29.37124775, 95.21209647,  99.9
160,  27, 29.36489174, 95.21604832,  99.9
161,  27, 29.35844494, 95.22007898,  99.9
162,  27, 29.35190600, 95.22418925,  99.9
163,  27, 29.34527357, 95.22837998,  99.9
164,  27, 29.33854623, 95.23265200,  99.9
165,  27, 29.33172260, 95.23700617,  99.9
166,  27, 29.32480124, 95.24144338,  99.9
167,  27, 29.31778071, 95.24596451,  99.9
168,  27, 29.31065953, 95.25057048,  99.9
169,  27, 29.30343621, 95.25526221,  99.9
170,  27, 29.29610924, 95.26004065,  10.2
171,  27, 29.28867708, 95.26490676,  10.3
172,  27, 29.28113819, 95.26986151,  99.9
173,  27, 29.27349097, 95.27490591,  99.9
174,  27, 29.26573384, 95.28004096,  99.9
175,  27, 29.25786516, 95.28526770,  99.9
176,  27, 29.24988329, 95.29058718,  99.9
177,  27, 29.24178655, 95.29600047,  99.9
178,  27, 29.23357324, 95.30150865,  99.9
179,  27, 29.22524165, 95.30711282,  99.9
180,  27, 29.21679004, 95.31281411,  99.9
181,  27, 29.20821662, 95.31861367,  99.9
182,  27, 29.19951960, 95.32451265,  99.9
183,  27, 29.19069717, 95.33051224,  99.9
184,  27, 29.18174746, 95.33661363,  99.9
185,  27, 29.17266860, 95.34281804,  99.9
186,  27, 29.16345869, 95.34912673,  99.9
187,  27, 29.15411580, 95.35554094,  99.9
188,  27, 29.14463797, 95.36206195,  10.8
189,  27, 29.13502321, 95.36869108,  11.2
190,  27, 29.12526950, 95.37542965,  11.2
191,  27, 29.11537480, 95.38227898,  11.4
192,  27, 29.10533703, 95.38924047,  11.4
193,  27, 29.09515408, 95.39631548,  11.5
194,  27, 29.08482383, 95.40350542,  11.6
195,  27, 29.07434408, 95.41081174,  99.9
196,  27, 29.06371266, 95.41823588,  99.9
197,  27, 29.05292733, 95.42577932,  10.0
198,  27, 29.04198582, 95.43344355,  10.0
199,  27, 29.03088583, 95.44123010,  99.9
200,  27, 29.01962504, 95.44914051,   6.1
201,  27, 29.00820108, 95.45717636,   6.3
202,  27, 28.99661154, 95.46533923,  99.9
203,  27, 28.98485400, 95.47363075,  99.9
204,  27, 28.97292599, 95.48205254,  99.9
205,  27, 28.96082499, 95.49060629,   8.2
206,  27, 28.94854847, 95.49929367,   8.5
207,  27, 28.93609384, 95.50811641,   8.6
208,  27, 28.92345848, 95.51707625,   8.7
209,  27, 28.91063975, 95.52617495,   8.8
210,  27, 28.89763494, 95.53541432,   8.9
211,  27, 28.88444132, 95.54479616,   8.9
212,  27, 28.87105611, 95.55432233,   8.9
213,  27, 28.85747650, 95.56399470,   8.9
214,  27, 28.84369963, 95.57381517,   8.9
215,  27, 28.82972261, 95.58378567,   8.8
216,  27, 28.81554249, 95.59390815,   8.6
217,  27, 28.80115628, 95.60418461,   8.5
218,  27, 28.78656096, 95.61461706,   8.4
219,  27, 28.77175346, 95.62520753,   8.4
220,  27, 28.75673066, 95.63595811,   8.3
221,  27, 28.74148940, 95.64687089,   8.1
222,  27, 28.72602646, 95.65794800,   8.0
223,  27, 28.71033858, 95.66919161,   7.9
224,  27, 28.69442247, 95.68060390,   7.7
225,  27, 28.67827477, 95.69218711,   7.4
226,  27, 28.66189208, 95.70394348,   7.2
227,  27, 28.64527094, 95.71587530,   7.0
228,  27, 28.62840785, 95.72798489,   6.7
229,  27, 28.61129925, 95.74027461,   6.4
230,  27, 28.59394154, 95.75274682,   6.1
231,  27, 28.57633106, 95.76540396,   5.9
232,  27, 28.55846409, 95.77824846,   5.5
233,  27, 28.54033686, 95.79128282,   5.2
234,  27, 28.52194555, 95.80450954,   4.9
235,  27, 28.50328627, 95.81793119,   4.5
236,  27, 28.48435510, 95.83155035,   4.2
237,  27, 28.46514803, 95.84536964,   3.7
238,  27, 28.44566100, 95.85939172,   3.4
239,  27, 28.42588991, 95.87361928,   2.6
240,  27, 28.40583058, 95.88805505,   2.1
241,  27, 28.38547876, 95.90270181,   1.8
  1,  28, 29.80217204, 95.38487861,  99.9
  2,  28, 29.80086409, 95.37791738,  99.9
  3,  28, 29.79955573, 95.37106965,  99.9
  4,  28, 29.79824670, 95.36433400,  99.9
  5,  28, 29.79693675, 95.35770902,  99.9
  6,  28, 29.79562562, 95.35119332,  99.9
  7,  28, 29.79431305, 95.34478555,  99.9
  8,  28, 29.79299879, 95.33848438,  99.9
  9,  28, 29.79168258, 95.33228848,  99.9
 10,  28, 29.79036416, 95.32619656,  99.9
 11,  28, 29.78904326, 95.32020735,  99.9
 12,  28, 29.78771964, 95.31431961,  99.9
 13,  28, 29.78639301, 95.30853209,  99.9
 14,  28, 29.78506314, 95.30284361,  99.9
 15,  28, 29.78372973, 95.29725296,  99.9
 16,  28, 29.78239255, 95.29175898,  99.9
 17,  28, 29.78105131, 95.28636053,  99.9
 18,  28, 29.77970575, 95.28105648,  99.9
 19,  28, 29.77835560, 95.27584572,  99.9
 20,  28, 29.77700059, 95.27072716,  99.9
 21,  28, 29.77564045, 95.26569974,  99.9
 22,  28, 29.77427490, 95.26076241,  99.9
 23,  28, 29.77290368, 95.25591414,  99.9
 24,  28, 29.77152651, 95.25115391,  99.9
 25,  28, 29.77014310, 95.24648074,  99.9
 26,  28, 29.76875319, 95.24189364,  99.9
 27,  28, 29.76735648, 95.23739166,  99.9
 28,  28, 29.76595271, 95.23297387,  99.9
 29,  28, 29.76454158, 95.22863933,  99.9
 30,  28, 29.76312280, 95.22438715,  99.9
 31,  28, 29.76169610, 95.22021643,  99.9
 32,  28, 29.76026118, 95.21612632,  99.9
 33,  28, 29.75881776, 95.21211594,  99.9
 34,  28, 29.75736553, 95.20818447,  99.9
 35,  28, 29.75590420, 95.20433109,  99.9
 36,  28, 29.75443348, 95.20055499,  99.9
 37,  28, 29.75295306, 95.19685538,  99.9
 38,  28, 29.75146265, 95.19323150,  99.9
 39,  28, 29.74996194, 95.18968258,  99.9
 40,  28, 29.74845063, 95.18620789,  99.9
 41,  28, 29.74692839, 95.18280669,   6.0
 42,  28, 29.74539493, 95.17947828,   6.0
 43,  28, 29.74384994, 95.17622197,  99.9
 44,  28, 29.74229308, 95.17303708,  99.9
 45,  28, 29.74072406, 95.16992293,  99.9
 46,  28, 29.73914253, 95.16687888,  99.9
 47,  28, 29.73754818, 95.16390430,  99.9
 48,  28, 29.73594069, 95.16099856,  99.9
 49,  28, 29.73431972, 95.15816106,  99.9
 50,  28, 29.73268494, 95.15539120,  99.9
 51,  28, 29.73103601, 95.15268841,  99.9
 52,  28, 29.72937259, 95.15005211,  99.9
 53,  28, 29.72769435, 95.14748177,  99.9
 54,  28, 29.72600093, 95.14497684,  99.9
 55,  28, 29.72429199, 95.14253680,  99.9
 56,  28, 29.72256718, 95.14016113,  99.9
 57,  28, 29.72082614, 95.13784935,  99.9
 58,  28, 29.71906850, 95.13560098,  99.9
 59,  28, 29.71729392, 95.13341553,  99.9
 60,  28, 29.71550202, 95.13129255,  99.9
 61,  28, 29.71369243, 95.12923160,  99.9
 62,  28, 29.71186478, 95.12723225,  99.9
 63,  28, 29.71001869, 95.12529408,  99.9
 64,  28, 29.70815377, 95.12341669,  99.9
 65,  28, 29.70626966, 95.12159967,  99.9
 66,  28, 29.70436595, 95.11984266,  99.9
 67,  28, 29.70244224, 95.11814527,  99.9
 68,  28, 29.70049816, 95.11650717,  99.9
 69,  28, 29.69853328, 95.11492800,  99.9
 70,  28, 29.69654720, 95.11340743,  99.9
 71,  28, 29.69453952, 95.11194514,  99.9
 72,  28, 29.69250981, 95.11054083,  99.9
 73,  28, 29.69045766, 95.10919420,  99.9
 74,  28, 29.68838263, 95.10790498,  99.9
 75,  28, 29.68628431, 95.10667288,  99.9
 76,  28, 29.68416225, 95.10549765,  99.9
 77,  28, 29.68201602, 95.10437904,  99.9
 78,  28, 29.67984517, 95.10331681,  99.9
 79,  28, 29.67764924, 95.10231076,  99.9
 80,  28, 29.67542779, 95.10136065,  99.9
 81,  28, 29.67318035, 95.10046629,  99.9
 82,  28, 29.67090646, 95.09962749,  99.9
 83,  28, 29.66860564, 95.09884407,  99.9
 84,  28, 29.66627742, 95.09811587,  99.9
 85,  28, 29.66392131, 95.09744273,  99.9
 86,  28, 29.66153682, 95.09682451,  99.9
 87,  28, 29.65912345, 95.09626108,  99.9
 88,  28, 29.65668072, 95.09575232,  99.9
 89,  28, 29.65420810, 95.09529811,  99.9
 90,  28, 29.65170508, 95.09489836,  99.9
 91,  28, 29.64917115, 95.09455298,  99.9
 92,  28, 29.64660577, 95.09426189,  99.9
 93,  28, 29.64400842, 95.09402504,  99.9
 94,  28, 29.64137855, 95.09384237,  99.9
 95,  28, 29.63871561, 95.09371383,  99.9
 96,  28, 29.63601906, 95.09363940,  99.9
 97,  28, 29.63328832, 95.09361905,  99.9
 98,  28, 29.63052284, 95.09365278,  99.9
 99,  28, 29.62772204, 95.09374060,  99.9
100,  28, 29.62488532, 95.09388250,  99.9
101,  28, 29.62201211, 95.09407852,  99.9
102,  28, 29.61910181, 95.09432870,   7.0
103,  28, 29.61615380, 95.09463308,  99.9
104,  28, 29.61316748, 95.09499172,  99.9
105,  28, 29.61014222, 95.09540469,   7.2
106,  28, 29.60707740, 95.09587207,   7.2
107,  28, 29.60397237, 95.09639395,  99.9
108,  28, 29.60082648, 95.09697043,  99.9
109,  28, 29.59763909, 95.09760163,  99.9
110,  28, 29.59440952, 95.09828768,  99.9
111,  28, 29.59113712, 95.09902871,  99.9
112,  28, 29.58782118, 95.09982487,  99.9
113,  28, 29.58446102, 95.10067632,  99.9
114,  28, 29.58105595, 95.10158322,  99.9
115,  28, 29.57760525, 95.10254577,  99.9
116,  28, 29.57410820, 95.10356414,  99.9
117,  28, 29.57056407, 95.10463856,  99.9
118,  28, 29.56697213, 95.10576924,  99.9
119,  28, 29.56333162, 95.10695639,  99.9
120,  28, 29.55964179, 95.10820027,  99.9
121,  28, 29.55590187, 95.10950112,  99.9
122,  28, 29.55211107, 95.11085921,   7.5
123,  28, 29.54826861, 95.11227481,  99.9
124,  28, 29.54437368, 95.11374820,  99.9
125,  28, 29.54042547, 95.11527969,  99.9
126,  28, 29.53642317, 95.11686957,  99.9
127,  28, 29.53236592, 95.11851819,  99.9
128,  28, 29.52825289, 95.12022586,  99.9
129,  28, 29.52408322, 95.12199293,  99.9
130,  28, 29.51985604, 95.12381976,  99.9
131,  28, 29.51557046, 95.12570673,  99.9
132,  28, 29.51122560, 95.12765420,   6.9
133,  28, 29.50682053, 95.12966259,   6.9
134,  28, 29.50235436, 95.13173228,  99.9
135,  28, 29.49782613, 95.13386371,  99.9
136,  28, 29.49323492, 95.13605730,  99.9
137,  28, 29.48857975, 95.13831349,  99.9
138,  28, 29.48385965, 95.14063275,  99.9
139,  28, 29.47907365, 95.14301554,  99.9
140,  28, 29.47422074, 95.14546235,  99.9
141,  28, 29.46929991, 95.14797367,  99.9
142,  28, 29.46431012, 95.15055000,  99.9
143,  28, 29.45925035, 95.15319188,  99.9
144,  28, 29.45411952, 95.15589983,  99.9
145,  28, 29.44891658, 95.15867441,  99.9
146,  28, 29.44364042, 95.16151616,  99.9
147,  28, 29.43828996, 95.16442568,  99.9
148,  28, 29.43286406, 95.16740354,  99.9
149,  28, 29.42736161, 95.17045035,  99.9
150,  28, 29.42178144, 95.17356673,  99.9
151,  28, 29.41612239, 95.17675330,  99.9
152,  28, 29.41038328, 95.18001072,  99.9
153,  28, 29.40456291, 95.18333962,  99.9
154,  28, 29.39866006, 95.18674070,  99.9
155,  28, 29.39267350, 95.19021464,  99.9
156,  28, 29.38660198, 95.19376213,  99.9
157,  28, 29.38044422, 95.19738390,  99.9
158,  28, 29.37419895, 95.20108068,  99.9
159,  28, 29.36786484, 95.20485321,  99.9
160,  28, 29.36144059, 95.20870225,  99.9
161,  28, 29.35492484, 95.21262858,  99.9
162,  28, 29.34831623, 95.21663299,  99.9
163,  28, 29.34161338, 95.22071629,  99.9
164,  28, 29.33481489, 95.22487930,  99.9
165,  28, 29.32791934, 95.22912286,  99.9
166,  28, 29.32092527, 95.23344783,  99.9
167,  28, 29.31383124, 95.23785507,  99.9
168,  28, 29.30663575, 95.24234547,  99.9
169,  28, 29.29933729, 95.24691994,  99.9
170,  28, 29.29193435, 95.25157940,  99.9
171,  28, 29.28442537, 95.25632478,  10.3
172,  28, 29.27680878, 95.26115704,  99.9
173,  28, 29.26908298, 95.26607715,  99.9
174,  28, 29.26124636, 95.27108609,  99.9
175,  28, 29.25329728, 95.27618487,  99.9
176,  28, 29.24523406, 95.28137453,  99.9
177,  28, 29.23705503, 95.28665608,  99.9
178,  28, 29.22875847, 95.29203061,  99.9
179,  28, 29.22034264, 95.29749917,  99.9
180,  28, 29.21180578, 95.30306288,  99.9
181,  28, 29.20314610, 95.30872284,  99.9
182,  28, 29.19436179, 95.31448019,   9.2
183,  28, 29.18545100, 95.32033608,  10.1
184,  28, 29.17641187, 95.32629168,  10.7
185,  28, 29.16724250, 95.33234817,  10.7
186,  28, 29.15794097, 95.33850678,  10.8
187,  28, 29.14850534, 95.34476874,  10.8
188,  28, 29.13893361, 95.35113528,  10.9
189,  28, 29.12922380, 95.35760769,  11.0
190,  28, 29.11937385, 95.36418725,  11.1
191,  28, 29.10938171, 95.37087527,  11.2
192,  28, 29.09924528, 95.37767310,  11.3
193,  28, 29.08896243, 95.38458207,  11.5
194,  28, 29.07853101, 95.39160357,  11.6
195,  28, 29.06794883, 95.39873900,  99.9
196,  28, 29.05721366, 95.40598976,  99.9
197,  28, 29.04632325, 95.41335731,  10.2
198,  28, 29.03527533, 95.42084310,  99.9
199,  28, 29.02406757, 95.42844863,  99.9
200,  28, 29.01269761, 95.43617539,  99.9
201,  28, 29.00116307, 95.44402492,   6.5
202,  28, 28.98946154, 95.45199878,  99.9
203,  28, 28.97759054, 95.46009855,  99.9
204,  28, 28.96554760, 95.46832582,  99.9
205,  28, 28.95333017, 95.47668223,   8.4
206,  28, 28.94093570, 95.48516942,   8.5
207,  28, 28.92836157, 95.49378907,   8.5
208,  28, 28.91560516, 95.50254288,   8.6
209,  28, 28.90266377, 95.51143258,   8.7
210,  28, 28.88953469, 95.52045992,   8.7
211,  28, 28.87621515, 95.52962668,   8.8
212,  28, 28.86270237, 95.53893465,   8.8
213,  28, 28.84899349, 95.54838568,   8.7
214,  28, 28.83508564, 95.55798161,   8.7
215,  28, 28.82097588, 95.56772434,   8.6
216,  28, 28.80666126, 95.57761577,   8.5
217,  28, 28.79213877, 95.58765783,   8.4
218,  28, 28.77740533, 95.59785251,   8.4
219,  28, 28.76245787, 95.60820178,   8.3
220,  28, 28.74729323, 95.61870769,   8.2
221,  28, 28.73190822, 95.62937227,   8.1
222,  28, 28.71629960, 95.64019761,   7.9
223,  28, 28.70046409, 95.65118583,   7.6
224,  28, 28.68439835, 95.66233905,   7.4
225,  28, 28.66809900, 95.67365946,   7.2
226,  28, 28.65156261, 95.68514926,   7.0
227,  28, 28.63478569, 95.69681067,   6.7
228,  28, 28.61776472, 95.70864597,   6.5
229,  28, 28.60049609, 95.72065745,   6.2
230,  28, 28.58297619, 95.73284744,   5.9
231,  28, 28.56520131, 95.74521829,   5.6
232,  28, 28.54716770, 95.75777240,   5.3
233,  28, 28.52887157, 95.77051219,   5.0
234,  28, 28.51030906, 95.78344013,   4.6
235,  28, 28.49147625, 95.79655871,   4.3
236,  28, 28.47236918, 95.80987045,   3.8
237,  28, 28.45298380, 95.82337791,   3.5
238,  28, 28.43331604, 95.83708370,   2.9
239,  28, 28.41336175, 95.85099044,   2.4
240,  28, 28.39311670, 95.86510079,   2.0
241,  28, 28.37257664, 95.87941748,   1.8
  1,  29, 29.80829334, 95.38332176,  99.9
  2,  29, 29.80688597, 95.37636094,  99.9
  3,  29, 29.80547945, 95.36951333,  99.9
  4,  29, 29.80407350, 95.36277749,  99.9
  5,  29, 29.80266783, 95.35615201,  99.9
  6,  29, 29.80126218, 95.34963552,  99.9
  7,  29, 29.79985627, 95.34322665,  99.9
  8,  29, 29.79844982, 95.33692406,  99.9
  9,  29, 29.79704255, 95.33072644,  99.9
 10,  29, 29.79563419, 95.32463249,  99.9
 11,  29, 29.79422445, 95.31864095,  99.9
 12,  29, 29.79281306, 95.31275055,  99.9
 13,  29, 29.79139974, 95.30696008,  99.9
 14,  29, 29.78998420, 95.30126833,  99.9
 15,  29, 29.78856617, 95.29567409,  99.9
 16,  29, 29.78714535, 95.29017622,  99.9
 17,  29, 29.78572147, 95.28477355,  99.9
 18,  29, 29.78429425, 95.27946497,  99.9
 19,  29, 29.78286339, 95.27424936,  99.9
 20,  29, 29.78142861, 95.26912563,  99.9
 21,  29, 29.77998962, 95.26409272,  99.9
 22,  29, 29.77854613, 95.25914958,  99.9
 23,  29, 29.77709786, 95.25429517,  99.9
 24,  29, 29.77564450, 95.24952848,  99.9
 25,  29, 29.77418577, 95.24484851,  99.9
 26,  29, 29.77272138, 95.24025429,  99.9
 27,  29, 29.77125102, 95.23574487,  99.9
 28,  29, 29.76977440, 95.23131929,  99.9
 29,  29, 29.76829122, 95.22697663,  99.9
 30,  29, 29.76680118, 95.22271600,  99.9
 31,  29, 29.76530398, 95.21853649,  99.9
 32,  29, 29.76379931, 95.21443724,  99.9
 33,  29, 29.76228687, 95.21041739,  99.9
 34,  29, 29.76076635, 95.20647610,  99.9
 35,  29, 29.75923744, 95.20261255,  99.9
 36,  29, 29.75769983, 95.19882593,  99.9
 37,  29, 29.75615320, 95.19511545,  99.9
 38,  29, 29.75459725, 95.19148035,  99.9
 39,  29, 29.75303165, 95.18791985,  99.9
 40,  29, 29.75145608, 95.18443321,  99.9
 41,  29, 29.74987022, 95.18101971,  99.9
 42,  29, 29.74827375, 95.17767864,   6.0
 43,  29, 29.74666634, 95.17440929,   5.9
 44,  29, 29.74504766, 95.17121099,   5.9
 45,  29, 29.74341737, 95.16808306,  99.9
 46,  29, 29.74177516, 95.16502486,   5.9
 47,  29, 29.74012066, 95.16203574,  99.9
 48,  29, 29.73845356, 95.15911508,   5.9
 49,  29, 29.73677350, 95.15626228,   5.9
 50,  29, 29.73508015, 95.15347672,   5.9
 51,  29, 29.73337314, 95.15075784,  99.9
 52,  29, 29.73165214, 95.14810506,  99.9
 53,  29, 29.72991678, 95.14551784,  99.9
 54,  29, 29.72816671, 95.14299562,  99.9
 55,  29, 29.72640157, 95.14053788,  99.9
 56,  29, 29.72462099, 95.13814412,  99.9
 57,  29, 29.72282461, 95.13581382,  99.9
 58,  29, 29.72101206, 95.13354650,  99.9
 59,  29, 29.71918296, 95.13134169,  99.9
 60,  29, 29.71733694, 95.12919892,  99.9
 61,  29, 29.71547361, 95.12711775,  99.9
 62,  29, 29.71359259, 95.12509775,  99.9
 63,  29, 29.71169350, 95.12313848,  99.9
 64,  29, 29.70977593, 95.12123955,  99.9
 65,  29, 29.70783949, 95.11940054,  99.9
 66,  29, 29.70588378, 95.11762108,  99.9
 67,  29, 29.70390841, 95.11590080,  99.9
 68,  29, 29.70191294, 95.11423933,  99.9
 69,  29, 29.69989699, 95.11263632,  99.9
 70,  29, 29.69786012, 95.11109145,  99.9
 71,  29, 29.69580192, 95.10960438,  99.9
 72,  29, 29.69372195, 95.10817480,  99.9
 73,  29, 29.69161980, 95.10680242,  99.9
 74,  29, 29.68949501, 95.10548694,  99.9
 75,  29, 29.68734716, 95.10422809,  99.9
 76,  29, 29.68517580, 95.10302561,  99.9
 77,  29, 29.68298047, 95.10187923,  99.9
 78,  29, 29.68076072, 95.10078873,  99.9
 79,  29, 29.67851609, 95.09975386,  99.9
 80,  29, 29.67624612, 95.09877442,  99.9
 81,  29, 29.67395033, 95.09785019,  99.9
 82,  29, 29.67162824, 95.09698098,  99.9
 83,  29, 29.66927938, 95.09616661,  99.9
 84,  29, 29.66690326, 95.09540690,  99.9
 85,  29, 29.66449938, 95.09470169,  99.9
 86,  29, 29.66206724, 95.09405083,  99.9
 87,  29, 29.65960635, 95.09345418,  99.9
 88,  29, 29.65711617, 95.09291162,  99.9
 89,  29, 29.65459621, 95.09242303,  99.9
 90,  29, 29.65204593, 95.09198830,  99.9
 91,  29, 29.64946481, 95.09160734,  99.9
 92,  29, 29.64685231, 95.09128007,  99.9
 93,  29, 29.64420788, 95.09100641,  99.9
 94,  29, 29.64153098, 95.09078631,  99.9
 95,  29, 29.63882104, 95.09061971,  99.9
 96,  29, 29.63607751, 95.09050657,  99.9
 97,  29, 29.63329981, 95.09044687,  99.9
 98,  29, 29.63048737, 95.09044059,  99.9
 99,  29, 29.62763960, 95.09048773,  99.9
100,  29, 29.62475590, 95.09058828,  99.9
101,  29, 29.62183569, 95.09074227,  99.9
102,  29, 29.61887834, 95.09094973,  99.9
103,  29, 29.61588324, 95.09121069,  99.9
104,  29, 29.61284978, 95.09152519,  99.9
105,  29, 29.60977732, 95.09189331,  99.9
106,  29, 29.60666521, 95.09231512,   7.3
107,  29, 29.60351281, 95.09279068,   7.3
108,  29, 29.60031947, 95.09332011,  99.9
109,  29, 29.59708451, 95.09390350,  99.9
110,  29, 29.59380727, 95.09454096,  99.9
111,  29, 29.59048706, 95.09523264,  99.9
112,  29, 29.58712319, 95.09597865,  99.9
113,  29, 29.58371496, 95.09677916,  99.9
114,  29, 29.58026166, 95.09763432,  99.9
115,  29, 29.57676256, 95.09854430,  99.9
116,  29, 29.57321695, 95.09950928,  99.9
117,  29, 29.56962407, 95.10052947,  99.9
118,  29, 29.56598319, 95.10160506,  99.9
119,  29, 29.56229354, 95.10273627,  99.9
120,  29, 29.55855435, 95.10392333,  99.9
121,  29, 29.55476485, 95.10516648,  99.9
122,  29, 29.55092423, 95.10646596,   7.5
123,  29, 29.54703171, 95.10782205,  99.9
124,  29, 29.54308647, 95.10923501,  99.9
125,  29, 29.53908769, 95.11070512,  99.9
126,  29, 29.53503452, 95.11223270,  99.9
127,  29, 29.53092614, 95.11381804,  99.9
128,  29, 29.52676168, 95.11546146,  99.9
129,  29, 29.52254027, 95.11716330,  99.9
130,  29, 29.51826102, 95.11892390,  99.9
131,  29, 29.51392306, 95.12074362,  99.9
132,  29, 29.50952547, 95.12262282,   6.9
133,  29, 29.50506733, 95.12456189,  99.9
134,  29, 29.50054772, 95.12656121,  99.9
135,  29, 29.49596569, 95.12862120,  99.9
136,  29, 29.49132028, 95.13074226,  99.9
137,  29, 29.48661053, 95.13292484,  99.9
138,  29, 29.48183545, 95.13516936,  99.9
139,  29, 29.47699404, 95.13747628,  99.9
140,  29, 29.47208530, 95.13984607,  99.9
141,  29, 29.46710819, 95.14227922,  99.9
142,  29, 29.46206169, 95.14477620,  99.9
143,  29, 29.45694473, 95.14733753,  99.9
144,  29, 29.45175625, 95.14996372,  99.9
145,  29, 29.44649516, 95.15265531,  99.9
146,  29, 29.44116036, 95.15541284,  99.9
147,  29, 29.43575075, 95.15823686,  99.9
148,  29, 29.43026518, 95.16112796,  99.9
149,  29, 29.42470252, 95.16408670,  99.9
150,  29, 29.41906160, 95.16711370,  99.9
151,  29, 29.41334124, 95.17020955,  99.9
152,  29, 29.40754025, 95.17337490,  99.9
153,  29, 29.40165741, 95.17661037,  99.9
154,  29, 29.39569150, 95.17991662,  99.9
155,  29, 29.38964127, 95.18329432,  99.9
156,  29, 29.38350545, 95.18674414,  99.9
157,  29, 29.37728277, 95.19026680,  99.9
158,  29, 29.37097191, 95.19386299,  99.9
159,  29, 29.36457157, 95.19753344,  99.9
160,  29, 29.35808040, 95.20127889,  99.9
161,  29, 29.35149705, 95.20510010,  99.9
162,  29, 29.34482013, 95.20899784,  99.9
163,  29, 29.33804826, 95.21297289,  99.9
164,  29, 29.33118001, 95.21702605,  99.9
165,  29, 29.32421395, 95.22115815,  99.9
166,  29, 29.31714863, 95.22537000,  99.9
167,  29, 29.30998256, 95.22966246,  99.9
168,  29, 29.30271425, 95.23403640,  99.9
169,  29, 29.29534217, 95.23849269,  99.9
170,  29, 29.28786479, 95.24303223,  99.9
171,  29, 29.28028053, 95.24765593,  10.4
172,  29, 29.27258781, 95.25236472,  10.4
173,  29, 29.26478502, 95.25715955,  99.9
174,  29, 29.25687053, 95.26204138,  99.9
175,  29, 29.24884269, 95.26701118,  99.9
176,  29, 29.24069980, 95.27206996,  99.9
177,  29, 29.23244016, 95.27721873,  99.9
178,  29, 29.22406206, 95.28245853,  99.9
179,  29, 29.21556372, 95.28779039,  99.9
180,  29, 29.20694338, 95.29321540,  99.9
181,  29, 29.19819922, 95.29873463,  99.9
182,  29, 29.18932942, 95.30434919,  99.9
183,  29, 29.18033211, 95.31006021,  99.9
184,  29, 29.17120542, 95.31586883,  10.7
185,  29, 29.16194743, 95.32177620,  10.7
186,  29, 29.15255620, 95.32778351,  10.7
187,  29, 29.14302976, 95.33389195,  10.8
188,  29, 29.13336612, 95.34010275,  10.8
189,  29, 29.12356325, 95.34641714,  10.9
190,  29, 29.11361909, 95.35283639,  11.0
191,  29, 29.10353157, 95.35936177,  11.1
192,  29, 29.09329857, 95.36599458,  11.1
193,  29, 29.08291793, 95.37273614,  11.4
194,  29, 29.07238749, 95.37958780,  11.4
195,  29, 29.06170504, 95.38655091,  11.4
196,  29, 29.05086833, 95.39362686,  99.9
197,  29, 29.03987510, 95.40081706,  10.6
198,  29, 29.02872303, 95.40812293,  99.9
199,  29, 29.01740980, 95.41554592,  99.9
200,  29, 29.00593301, 95.42308750,  99.9
201,  29, 28.99429027, 95.43074916,   6.6
202,  29, 28.98247914, 95.43853243,  99.9
203,  29, 28.97049713, 95.44643885,  99.9
204,  29, 28.95834172, 95.45446997,  99.9
205,  29, 28.94601038, 95.46262738,   8.4
206,  29, 28.93350050, 95.47091271,   8.4
207,  29, 28.92080946, 95.47932757,   8.5
208,  29, 28.90793460, 95.48787363,   8.5
209,  29, 28.89487321, 95.49655257,   8.6
210,  29, 28.88162255, 95.50536611,   8.7
211,  29, 28.86817984, 95.51431598,   8.7
212,  29, 28.85454225, 95.52340393,   8.7
213,  29, 28.84070691, 95.53263176,   8.7
214,  29, 28.82667092, 95.54200128,   8.6
215,  29, 28.81243133, 95.55151431,   8.5
216,  29, 28.79798515, 95.56117274,   8.4
217,  29, 28.78332933, 95.57097845,   8.4
218,  29, 28.76846080, 95.58093336,   8.3
219,  29, 28.75337644, 95.59103941,   8.2
220,  29, 28.73807306, 95.60129859,   8.1
221,  29, 28.72254745, 95.61171290,   7.9
222,  29, 28.70679635, 95.62228436,   7.7
223,  29, 28.69081644, 95.63301504,   7.4
224,  29, 28.67460435, 95.64390702,   7.2
225,  29, 28.65815669, 95.65496244,   7.0
226,  29, 28.64146998, 95.66618343,   6.8
227,  29, 28.62454072, 95.67757217,   6.6
228,  29, 28.60736533, 95.68913088,   6.3
229,  29, 28.58994021, 95.70086180,   6.0
230,  29, 28.57226168, 95.71276719,   5.8
231,  29, 28.55432603, 95.72484936,   5.5
232,  29, 28.53612947, 95.73711066,   5.2
233,  29, 28.51766817, 95.74955343,   4.8
234,  29, 28.49893824, 95.76218009,   4.5
235,  29, 28.47993574, 95.77499307,   4.1
236,  29, 28.46065666, 95.78799483,   3.7
237,  29, 28.44109693, 95.80118787,   3.2
238,  29, 28.42125244, 95.81457473,   2.8
239,  29, 28.40111900, 95.82815798,   2.3
240,  29, 28.38069237, 95.84194022,   2.0
241,  29, 28.35996823, 95.85592408,   1.8
  1,  30, 29.81441312, 95.38165025,  99.9
  2,  30, 29.81290663, 95.37469131,  99.9
  3,  30, 29.81140223, 95.36784524,  99.9
  4,  30, 29.80989964, 95.36111062,  99.9
  5,  30, 29.80839855, 95.35448603,  99.9
  6,  30, 29.80689867, 95.34797010,  99.9
  7,  30, 29.80539970, 95.34156146,  99.9
  8,  30, 29.80390134, 95.33525877,  99.9
  9,  30, 29.80240331, 95.32906073,  99.9
 10,  30, 29.80090529, 95.32296603,  99.9
 11,  30, 29.79940700, 95.31697339,  99.9
 12,  30, 29.79790814, 95.31108158,  99.9
 13,  30, 29.79640841, 95.30528936,  99.9
 14,  30, 29.79490750, 95.29959552,  99.9
 15,  30, 29.79340512, 95.29399887,  99.9
 16,  30, 29.79190097, 95.28849825,  99.9
 17,  30, 29.79039475, 95.28309249,  99.9
 18,  30, 29.78888615, 95.27778049,  99.9
 19,  30, 29.78737488, 95.27256111,  99.9
 20,  30, 29.78586062, 95.26743329,  99.9
 21,  30, 29.78434308, 95.26239594,  99.9
 22,  30, 29.78282194, 95.25744801,  99.9
 23,  30, 29.78129691, 95.25258848,  99.9
 24,  30, 29.77976768, 95.24781632,  99.9
 25,  30, 29.77823393, 95.24313054,  99.9
 26,  30, 29.77669535, 95.23853016,  99.9
 27,  30, 29.77515164, 95.23401423,  99.9
 28,  30, 29.77360248, 95.22958179,  99.9
 29,  30, 29.77204756, 95.22523192,  99.9
 30,  30, 29.77048656, 95.22096372,  99.9
 31,  30, 29.76891916, 95.21677629,  99.9
 32,  30, 29.76734506, 95.21266876,  99.9
 33,  30, 29.76576391, 95.20864028,  99.9
 34,  30, 29.76417541, 95.20468999,  99.9
 35,  30, 29.76257924, 95.20081708,  99.9
 36,  30, 29.76097505, 95.19702073,  99.9
 37,  30, 29.75936254, 95.19330016,   5.9
 38,  30, 29.75774136, 95.18965459,   5.9
 39,  30, 29.75611120, 95.18608325,  99.9
 40,  30, 29.75447170, 95.18258540,  99.9
 41,  30, 29.75282255, 95.17916031,  99.9
 42,  30, 29.75116339, 95.17580727,  99.9
 43,  30, 29.74949390, 95.17252557,  99.9
 44,  30, 29.74781373, 95.16931453,   5.9
 45,  30, 29.74612253, 95.16617348,   5.9
 46,  30, 29.74441996, 95.16310176,   5.9
 47,  30, 29.74270566, 95.16009873,   5.9
 48,  30, 29.74097930, 95.15716376,   5.9
 49,  30, 29.73924050, 95.15429624,   5.9
 50,  30, 29.73748892, 95.15149558,   5.9
 51,  30, 29.73572419, 95.14876117,   5.9
 52,  30, 29.73394595, 95.14609247,   5.9
 53,  30, 29.73215383, 95.14348890,  99.9
 54,  30, 29.73034747, 95.14094992,  99.9
 55,  30, 29.72852650, 95.13847500,  99.9
 56,  30, 29.72669053, 95.13606363,  99.9
 57,  30, 29.72483919, 95.13371530,  99.9
 58,  30, 29.72297209, 95.13142952,  99.9
 59,  30, 29.72108886, 95.12920580,  99.9
 60,  30, 29.71918910, 95.12704370,  99.9
 61,  30, 29.71727242, 95.12494274,  99.9
 62,  30, 29.71533842, 95.12290251,  99.9
 63,  30, 29.71338671, 95.12092255,  99.9
 64,  30, 29.71141688, 95.11900247,  99.9
 65,  30, 29.70942853, 95.11714186,  99.9
 66,  30, 29.70742123, 95.11534034,  99.9
 67,  30, 29.70539459, 95.11359751,  99.9
 68,  30, 29.70334817, 95.11191303,  99.9
 69,  30, 29.70128155, 95.11028653,  99.9
 70,  30, 29.69919431, 95.10871767,  99.9
 71,  30, 29.69708602, 95.10720613,  99.9
 72,  30, 29.69495623, 95.10575158,  99.9
 73,  30, 29.69280450, 95.10435373,  99.9
 74,  30, 29.69063040, 95.10301228,  99.9
 75,  30, 29.68843346, 95.10172695,  99.9
 76,  30, 29.68621324, 95.10049746,  99.9
 77,  30, 29.68396927, 95.09932356,  99.9
 78,  30, 29.68170109, 95.09820500,  99.9
 79,  30, 29.67940822, 95.09714155,  99.9
 80,  30, 29.67709020, 95.09613298,  99.9
 81,  30, 29.67474653, 95.09517908,  99.9
 82,  30, 29.67237674, 95.09427964,  99.9
 83,  30, 29.66998033, 95.09343448,  99.9
 84,  30, 29.66755680, 95.09264342,  99.9
 85,  30, 29.66510565, 95.09190629,  99.9
 86,  30, 29.66262637, 95.09122293,  99.9
 87,  30, 29.66011845, 95.09059320,  99.9
 88,  30, 29.65758136, 95.09001696,  99.9
 89,  30, 29.65501457, 95.08949409,  99.9
 90,  30, 29.65241756, 95.08902448,  99.9
 91,  30, 29.64978979, 95.08860803,  99.9
 92,  30, 29.64713070, 95.08824464,  99.9
 93,  30, 29.64443974, 95.08793423,  99.9
 94,  30, 29.64171636, 95.08767674,  99.9
 95,  30, 29.63895999, 95.08747212,  99.9
 96,  30, 29.63617005, 95.08732030,  99.9
 97,  30, 29.63334596, 95.08722127,  99.9
 98,  30, 29.63048714, 95.08717498,  99.9
 99,  30, 29.62759300, 95.08718144,  99.9
100,  30, 29.62466292, 95.08724063,  99.9
101,  30, 29.62169630, 95.08735256,  99.9
102,  30, 29.61869252, 95.08751726,  99.9
103,  30, 29.61565096, 95.08773474,  99.9
104,  30, 29.61257099, 95.08800506,  99.9
105,  30, 29.60945195, 95.08832826,  99.9
106,  30, 29.60629321, 95.08870440,  99.9
107,  30, 29.60309410, 95.08913356,   7.3
108,  30, 29.59985396, 95.08961582,   7.3
109,  30, 29.59657211, 95.09015128,   7.3
110,  30, 29.59324787, 95.09074004,   7.3
111,  30, 29.58988055, 95.09138222,  99.9
112,  30, 29.58646945, 95.09207794,  99.9
113,  30, 29.58301385, 95.09282735,  99.9
114,  30, 29.57951303, 95.09363059,   7.2
115,  30, 29.57596627, 95.09448782,  99.9
116,  30, 29.57237282, 95.09539922,  99.9
117,  30, 29.56873195, 95.09636497,  99.9
118,  30, 29.56504287, 95.09738526,  99.9
119,  30, 29.56130484, 95.09846030,  99.9
120,  30, 29.55751707, 95.09959030,  99.9
121,  30, 29.55367877, 95.10077549,  99.9
122,  30, 29.54978914, 95.10201612,   7.5
123,  30, 29.54584736, 95.10331241,   7.5
124,  30, 29.54185263, 95.10466466,  99.9
125,  30, 29.53780409, 95.10607311,  99.9
126,  30, 29.53370092, 95.10753806,  99.9
127,  30, 29.52954225, 95.10905980,  99.9
128,  30, 29.52532721, 95.11063865,  99.9
129,  30, 29.52105493, 95.11227491,  99.9
130,  30, 29.51672452, 95.11396892,  99.9
131,  30, 29.51233507, 95.11572102,   6.9
132,  30, 29.50788566, 95.11753157,   6.9
133,  30, 29.50337537, 95.11940093,  99.9
134,  30, 29.49880326, 95.12132948,  99.9
135,  30, 29.49416837, 95.12331761,  99.9
136,  30, 29.48946974, 95.12536573,  99.9
137,  30, 29.48470637, 95.12747423,  99.9
138,  30, 29.47987729, 95.12964356,  99.9
139,  30, 29.47498149, 95.13187415,  99.9
140,  30, 29.47001793, 95.13416645,  99.9
141,  30, 29.46498558, 95.13652092,  99.9
142,  30, 29.45988340, 95.13893805,  99.9
143,  30, 29.45471032, 95.14141831,  99.9
144,  30, 29.44946525, 95.14396222,  99.9
145,  30, 29.44414711, 95.14657028,  99.9
146,  30, 29.43875477, 95.14924302,  99.9
147,  30, 29.43328713, 95.15198098,  99.9
148,  30, 29.42774302, 95.15478472,  99.9
149,  30, 29.42212131, 95.15765480,  99.9
150,  30, 29.41642080, 95.16059180,  99.9
151,  30, 29.41064031, 95.16359632,  99.9
152,  30, 29.40477864, 95.16666895,  99.9
153,  30, 29.39883456, 95.16981033,  99.9
154,  30, 29.39280682, 95.17302109,  99.9
155,  30, 29.38669417, 95.17630187,  99.9
156,  30, 29.38049532, 95.17965333,  99.9
157,  30, 29.37420900, 95.18307616,  99.9
158,  30, 29.36783387, 95.18657103,  99.9
159,  30, 29.36136861, 95.19013867,  99.9
160,  30, 29.35481186, 95.19377978,  99.9
161,  30, 29.34816226, 95.19749510,  99.9
162,  30, 29.34141842, 95.20128538,  99.9
163,  30, 29.33457892, 95.20515138,  99.9
164,  30, 29.32764234, 95.20909388,  99.9
165,  30, 29.32060722, 95.21311367,  99.9
166,  30, 29.31347209, 95.21721157,  99.9
167,  30, 29.30623547, 95.22138839,  99.9
168,  30, 29.29889584, 95.22564498,  99.9
169,  30, 29.29145165, 95.22998220,  99.9
170,  30, 29.28390137, 95.23440091,  99.9
171,  30, 29.27624340, 95.23890200,  99.9
172,  30, 29.26847614, 95.24348638,  10.9
173,  30, 29.26059798, 95.24815496,  99.9
174,  30, 29.25260725, 95.25290869,  99.9
175,  30, 29.24450229, 95.25774852,  99.9
176,  30, 29.23628141, 95.26267541,  99.9
177,  30, 29.22794288, 95.26769036,  99.9
178,  30, 29.21948495, 95.27279438,  99.9
179,  30, 29.21090586, 95.27798847,  99.9
180,  30, 29.20220381, 95.28327369,  99.9
181,  30, 29.19337698, 95.28865109,  99.9
182,  30, 29.18442352, 95.29412175,  99.9
183,  30, 29.17534155, 95.29968675,  99.9
184,  30, 29.16612918, 95.30534722,  10.3
185,  30, 29.15678447, 95.31110429,  10.6
186,  30, 29.14730547, 95.31695909,  10.4
187,  30, 29.13769019, 95.32291281,  10.5
188,  30, 29.12793662, 95.32896663,  10.6
189,  30, 29.11804271, 95.33512175,  10.8
190,  30, 29.10800639, 95.34137940,  10.8
191,  30, 29.09782557, 95.34774084,  10.9
192,  30, 29.08749809, 95.35420732,  10.9
193,  30, 29.07702181, 95.36078013,  11.0
194,  30, 29.06639452, 95.36746058,  11.0
195,  30, 29.05561399, 95.37425000,  10.9
196,  30, 29.04467798, 95.38114973,  10.7
197,  30, 29.03358417, 95.38816114,  10.7
198,  30, 29.02233026, 95.39528564,  99.9
199,  30, 29.01091387, 95.40252462,  99.9
200,  30, 28.99933262, 95.40987952,  99.9
201,  30, 28.98758407, 95.41735180,   6.8
202,  30, 28.97566576, 95.42494294,  99.9
203,  30, 28.96357520, 95.43265444,   7.9
204,  30, 28.95130983, 95.44048783,  99.9
205,  30, 28.93886710, 95.44844464,   8.3
206,  30, 28.92624438, 95.45652646,   8.3
207,  30, 28.91343903, 95.46473487,   8.4
208,  30, 28.90044837, 95.47307150,   8.5
209,  30, 28.88726966, 95.48153798,   8.6
210,  30, 28.87390014, 95.49013598,   8.6
211,  30, 28.86033701, 95.49886720,   8.6
212,  30, 28.84657740, 95.50773335,   8.6
213,  30, 28.83261844, 95.51673616,   8.6
214,  30, 28.81845719, 95.52587742,   8.5
215,  30, 28.80409068, 95.53515891,   8.4
216,  30, 28.78951589, 95.54458244,   8.4
217,  30, 28.77472976, 95.55414987,   8.3
218,  30, 28.75972918, 95.56386307,   8.2
219,  30, 28.74451099, 95.57372393,   8.0
220,  30, 28.72907201, 95.58373438,   7.9
221,  30, 28.71340898, 95.59389637,   7.7
222,  30, 28.69751862, 95.60421189,   7.4
223,  30, 28.68139757, 95.61468295,   7.2
224,  30, 28.66504246, 95.62531157,   7.1
225,  30, 28.64844984, 95.63609984,   6.8
226,  30, 28.63161622, 95.64704984,   6.6
227,  30, 28.61453806, 95.65816371,   6.4
228,  30, 28.59721178, 95.66944359,   6.1
229,  30, 28.57963371, 95.68089167,   5.9
230,  30, 28.56180017, 95.69251017,   5.6
231,  30, 28.54370741, 95.70430133,   5.3
232,  30, 28.52535160, 95.71626744,   5.0
233,  30, 28.50672890, 95.72841079,   4.7
234,  30, 28.48783537, 95.74073374,   4.3
235,  30, 28.46866705, 95.75323865,   3.9
236,  30, 28.44921988, 95.76592793,   3.5
237,  30, 28.42948979, 95.77880402,   3.1
238,  30, 28.40947261, 95.79186939,   2.6
239,  30, 28.38916412, 95.80512654,   2.2
240,  30, 28.36856005, 95.81857802,   2.0
241,  30, 28.34765606, 95.83222639,   1.8
  1,  31, 29.82053011, 95.37986442,  99.9
  2,  31, 29.81892480, 95.37290880,  99.9
  3,  31, 29.81732284, 95.36606571,  99.9
  4,  31, 29.81572391, 95.35933371,  99.9
  5,  31, 29.81412770, 95.35271140,  99.9
  6,  31, 29.81253390, 95.34619739,  99.9
  7,  31, 29.81094217, 95.33979032,  99.9
  8,  31, 29.80935222, 95.33348885,  99.9
  9,  31, 29.80776373, 95.32729168,  99.9
 10,  31, 29.80617637, 95.32119749,  99.9
 11,  31, 29.80458984, 95.31520503,  99.9
 12,  31, 29.80300381, 95.30931303,  99.9
 13,  31, 29.80141797, 95.30352027,  99.9
 14,  31, 29.79983200, 95.29782553,  99.9
 15,  31, 29.79824559, 95.29222763,  99.9
 16,  31, 29.79665841, 95.28672540,  99.9
 17,  31, 29.79507015, 95.28131769,  99.9
 18,  31, 29.79348049, 95.27600337,  99.9
 19,  31, 29.79188911, 95.27078133,  99.9
 20,  31, 29.79029569, 95.26565047,  99.9
 21,  31, 29.78869991, 95.26060973,  99.9
 22,  31, 29.78710145, 95.25565806,  99.9
 23,  31, 29.78549997, 95.25079441,  99.9
 24,  31, 29.78389517, 95.24601778,  99.9
 25,  31, 29.78228671, 95.24132717,  99.9
 26,  31, 29.78067428, 95.23672159,  99.9
 27,  31, 29.77905753, 95.23220009,  99.9
 28,  31, 29.77743615, 95.22776172,  99.9
 29,  31, 29.77580981, 95.22340555,  99.9
 30,  31, 29.77417817, 95.21913067,  99.9
 31,  31, 29.77254091, 95.21493620,  99.9
 32,  31, 29.77089768, 95.21082125,  99.9
 33,  31, 29.76924817, 95.20678497,  99.9
 34,  31, 29.76759202, 95.20282651,  99.9
 35,  31, 29.76592890, 95.19894504,  99.9
 36,  31, 29.76425848, 95.19513976,  99.9
 37,  31, 29.76258041, 95.19140987,   5.9
 38,  31, 29.76089435, 95.18775459,   5.9
 39,  31, 29.75919995, 95.18417316,   5.9
 40,  31, 29.75749687, 95.18066483,   5.9
 41,  31, 29.75578476, 95.17722887,   5.9
 42,  31, 29.75406326, 95.17386456,   5.9
 43,  31, 29.75233203, 95.17057119,   5.9
 44,  31, 29.75059072, 95.16734808,   5.9
 45,  31, 29.74883895, 95.16419456,  99.9
 46,  31, 29.74707638, 95.16110996,  99.9
 47,  31, 29.74530264, 95.15809365,  99.9
 48,  31, 29.74351736, 95.15514499,  99.9
 49,  31, 29.74172019, 95.15226336,  99.9
 50,  31, 29.73991074, 95.14944817,  99.9
 51,  31, 29.73808866, 95.14669882,   5.9
 52,  31, 29.73625355, 95.14401474,   5.9
 53,  31, 29.73440505, 95.14139537,   5.9
 54,  31, 29.73254278, 95.13884016,  99.9
 55,  31, 29.73066634, 95.13634858,  99.9
 56,  31, 29.72877536, 95.13392011,  99.9
 57,  31, 29.72686944, 95.13155423,  99.9
 58,  31, 29.72494819, 95.12925046,  99.9
 59,  31, 29.72301121, 95.12700832,  99.9
 60,  31, 29.72105811, 95.12482732,  99.9
 61,  31, 29.71908847, 95.12270702,  99.9
 62,  31, 29.71710190, 95.12064698,  99.9
 63,  31, 29.71509798, 95.11864675,  99.9
 64,  31, 29.71307630, 95.11670593,  99.9
 65,  31, 29.71103643, 95.11482411,  99.9
 66,  31, 29.70897797, 95.11300089,  99.9
 67,  31, 29.70690047, 95.11123589,  99.9
 68,  31, 29.70480352, 95.10952874,  99.9
 69,  31, 29.70268667, 95.10787908,  99.9
 70,  31, 29.70054950, 95.10628658,  99.9
 71,  31, 29.69839155, 95.10475088,  99.9
 72,  31, 29.69621237, 95.10327167,  99.9
 73,  31, 29.69401153, 95.10184865,  99.9
 74,  31, 29.69178856, 95.10048151,  99.9
 75,  31, 29.68954299, 95.09916996,  99.9
 76,  31, 29.68727437, 95.09791373,  99.9
 77,  31, 29.68498223, 95.09671255,  99.9
 78,  31, 29.68266608, 95.09556618,  99.9
 79,  31, 29.68032545, 95.09447436,  99.9
 80,  31, 29.67795986, 95.09343687,  99.9
 81,  31, 29.67556880, 95.09245350,  99.9
 82,  31, 29.67315179, 95.09152403,  99.9
 83,  31, 29.67070832, 95.09064826,  99.9
 84,  31, 29.66823789, 95.08982602,  99.9
 85,  31, 29.66573998, 95.08905712,  99.9
 86,  31, 29.66321407, 95.08834141,  99.9
 87,  31, 29.66065964, 95.08767873,  99.9
 88,  31, 29.65807616, 95.08706893,  99.9
 89,  31, 29.65546309, 95.08651190,  99.9
 90,  31, 29.65281989, 95.08600751,  99.9
 91,  31, 29.65014600, 95.08555565,  99.9
 92,  31, 29.64744088, 95.08515622,  99.9
 93,  31, 29.64470395, 95.08480914,  99.9
 94,  31, 29.64193466, 95.08451432,  99.9
 95,  31, 29.63913242, 95.08427172,  99.9
 96,  31, 29.63629665, 95.08408126,  99.9
 97,  31, 29.63342677, 95.08394291,  99.9
 98,  31, 29.63052216, 95.08385664,  99.9
 99,  31, 29.62758224, 95.08382242,  99.9
100,  31, 29.62460639, 95.08384023,  99.9
101,  31, 29.62159398, 95.08391009,  99.9
102,  31, 29.61854440, 95.08403199,   7.3
103,  31, 29.61545700, 95.08420597,   7.3
104,  31, 29.61233115, 95.08443204,   7.3
105,  31, 29.60916619, 95.08471026,   7.3
106,  31, 29.60596147, 95.08504067,   7.3
107,  31, 29.60271631, 95.08542334,   7.3
108,  31, 29.59943004, 95.08585835,  99.9
109,  31, 29.59610199, 95.08634577,  99.9
110,  31, 29.59273144, 95.08688570,   7.3
111,  31, 29.58931771, 95.08747826,   7.3
112,  31, 29.58586007, 95.08812355,   7.3
113,  31, 29.58235782, 95.08882171,   7.3
114,  31, 29.57881021, 95.08957287,   7.1
115,  31, 29.57521652, 95.09037719,  99.9
116,  31, 29.57157599, 95.09123482,  99.9
117,  31, 29.56788786, 95.09214594,  99.9
118,  31, 29.56415137, 95.09311072,  99.9
119,  31, 29.56036574, 95.09412937,  99.9
120,  31, 29.55653017, 95.09520209,  99.9
121,  31, 29.55264386, 95.09632908,  99.9
122,  31, 29.54870602, 95.09751059,  99.9
123,  31, 29.54471581, 95.09874684,   7.5
124,  31, 29.54067240, 95.10003809,   7.4
125,  31, 29.53657496, 95.10138460,  99.9
126,  31, 29.53242262, 95.10278663,  99.9
127,  31, 29.52821452, 95.10424447,  99.9
128,  31, 29.52394979, 95.10575841,  99.9
129,  31, 29.51962753, 95.10732877,  99.9
130,  31, 29.51524684, 95.10895585,   7.0
131,  31, 29.51080681, 95.11063999,   7.0
132,  31, 29.50630651, 95.11238152,  99.9
133,  31, 29.50174500, 95.11418079,  99.9
134,  31, 29.49712134, 95.11603818,  99.9
135,  31, 29.49243455, 95.11795405,  99.9
136,  31, 29.48768366, 95.11992879,  99.9
137,  31, 29.48286767, 95.12196281,  99.9
138,  31, 29.47798559, 95.12405651,  99.9
139,  31, 29.47303640, 95.12621031,  99.9
140,  31, 29.46801905, 95.12842465,  99.9
141,  31, 29.46293250, 95.13069998,  99.9
142,  31, 29.45777570, 95.13303676,  99.9
143,  31, 29.45254756, 95.13543546,  99.9
144,  31, 29.44724700, 95.13789656,  99.9
145,  31, 29.44187290, 95.14042056,  99.9
146,  31, 29.43642415, 95.14300798,  99.9
147,  31, 29.43089960, 95.14565933,  99.9
148,  31, 29.42529811, 95.14837514,  99.9
149,  31, 29.41961850, 95.15115598,  99.9
150,  31, 29.41385958, 95.15400239,  99.9
151,  31, 29.40802017, 95.15691496,  99.9
152,  31, 29.40209902, 95.15989427,  99.9
153,  31, 29.39609492, 95.16294093,  99.9
154,  31, 29.39000660, 95.16605554,  99.9
155,  31, 29.38383279, 95.16923873,  99.9
156,  31, 29.37757220, 95.17249116,  99.9
157,  31, 29.37122353, 95.17581346,  99.9
158,  31, 29.36478544, 95.17920633,  99.9
159,  31, 29.35825660, 95.18267042,  99.9
160,  31, 29.35163564, 95.18620646,  99.9
161,  31, 29.34492117, 95.18981514,  99.9
162,  31, 29.33811179, 95.19349720,  99.9
163,  31, 29.33120608, 95.19725337,  99.9
164,  31, 29.32420259, 95.20108441,  99.9
165,  31, 29.31709986, 95.20499109,  99.9
166,  31, 29.30989641, 95.20897421,  99.9
167,  31, 29.30259072, 95.21303455,  99.9
168,  31, 29.29518128, 95.21717294,  99.9
169,  31, 29.28766653, 95.22139021,  99.9
170,  31, 29.28004491, 95.22568720,  99.9
171,  31, 29.27231480, 95.23006478,  99.9
172,  31, 29.26447461, 95.23452382,  11.0
173,  31, 29.25652269, 95.23906523,  99.9
174,  31, 29.24845738, 95.24368991,  99.9
175,  31, 29.24027699, 95.24839879,  99.9
176,  31, 29.23197980, 95.25319281,  99.9
177,  31, 29.22356409, 95.25807294,  99.9
178,  31, 29.21502809, 95.26304015,  99.9
179,  31, 29.20637001, 95.26809543,  99.9
180,  31, 29.19758805, 95.27323981,  99.9
181,  31, 29.18868036, 95.27847430,  99.9
182,  31, 29.17964508, 95.28379995,  99.9
183,  31, 29.17048033, 95.28921784,  10.0
184,  31, 29.16118417, 95.29472903,  10.1
185,  31, 29.15175467, 95.30033464,  10.3
186,  31, 29.14218985, 95.30603577,  10.1
187,  31, 29.13248771, 95.31183357,  10.3
188,  31, 29.12264622, 95.31772920,  10.5
189,  31, 29.11266331, 95.32372382,  10.7
190,  31, 29.10253690, 95.32981864,  10.8
191,  31, 29.09226486, 95.33601486,  10.9
192,  31, 29.08184504, 95.34231372,  10.8
193,  31, 29.07127526, 95.34871648,  10.9
194,  31, 29.06055330, 95.35522439,  10.9
195,  31, 29.04967693, 95.36183877,   9.4
196,  31, 29.03864385, 95.36856091,  10.6
197,  31, 29.02745176, 95.37539215,  10.7
198,  31, 29.01609830, 95.38233386,  99.9
199,  31, 29.00458111, 95.38938740,  99.9
200,  31, 28.99289777, 95.39655417,  99.9
201,  31, 28.98104583, 95.40383559,   6.9
202,  31, 28.96902279, 95.41123310,   8.0
203,  31, 28.95682615, 95.41874816,   8.3
204,  31, 28.94445334, 95.42638226,   8.3
205,  31, 28.93190177, 95.43413690,   8.3
206,  31, 28.91916881, 95.44201362,   8.4
207,  31, 28.90625178, 95.45001396,   8.4
208,  31, 28.89314798, 95.45813951,   8.5
209,  31, 28.87985465, 95.46639186,   8.5
210,  31, 28.86636901, 95.47477264,   8.6
211,  31, 28.85268823, 95.48328349,   8.6
212,  31, 28.83880944, 95.49192609,   8.5
213,  31, 28.82472971, 95.50070213,   8.5
214,  31, 28.81044611, 95.50961334,   8.5
215,  31, 28.79595562, 95.51866145,   8.4
216,  31, 28.78125520, 95.52784825,   8.3
217,  31, 28.76634178, 95.53717553,   8.1
218,  31, 28.75121221, 95.54664512,   8.0
219,  31, 28.73586333, 95.55625885,   7.8
220,  31, 28.72029190, 95.56601862,   7.6
221,  31, 28.70449465, 95.57592633,   7.4
222,  31, 28.68846827, 95.58598390,   7.2
223,  31, 28.67220939, 95.59619329,   7.1
224,  31, 28.65571459, 95.60655649,   6.9
225,  31, 28.63898040, 95.61707551,   6.7
226,  31, 28.62200331, 95.62775241,   6.4
227,  31, 28.60477975, 95.63858923,   6.2
228,  31, 28.58730610, 95.64958810,   5.9
229,  31, 28.56957868, 95.66075113,   5.7
230,  31, 28.55159376, 95.67208049,   5.4
231,  31, 28.53334757, 95.68357836,   5.1
232,  31, 28.51483626, 95.69524697,   4.8
233,  31, 28.49605595, 95.70708856,   4.5
234,  31, 28.47700267, 95.71910542,   4.1
235,  31, 28.45767243, 95.73129986,   3.7
236,  31, 28.43806115, 95.74367423,   3.4
237,  31, 28.41816470, 95.75623089,   3.0
238,  31, 28.39797890, 95.76897226,   2.5
239,  31, 28.37749950, 95.78190078,   2.2
240,  31, 28.35672219, 95.79501893,   2.0
241,  31, 28.33564258, 95.80832921,   1.9
  1,  32, 29.82664303, 95.37796462,  99.9
  2,  32, 29.82493923, 95.37101378,  99.9
  3,  32, 29.82324003, 95.36417509,  99.9
  4,  32, 29.82154510, 95.35744712,  99.9
  5,  32, 29.81985410, 95.35082847,  99.9
  6,  32, 29.81816669, 95.34431774,  99.9
  7,  32, 29.81648255, 95.33791358,  99.9
  8,  32, 29.81480133, 95.33161465,  99.9
  9,  32, 29.81312270, 95.32541964,  99.9
 10,  32, 29.81144632, 95.31932724,  99.9
 11,  32, 29.80977187, 95.31333619,  99.9
 12,  32, 29.80809900, 95.30744524,  99.9
 13,  32, 29.80642738, 95.30165315,  99.9
 14,  32, 29.80475668, 95.29595871,  99.9
 15,  32, 29.80308655, 95.29036073,  99.9
 16,  32, 29.80141668, 95.28485805,  99.9
 17,  32, 29.79974671, 95.27944951,  99.9
 18,  32, 29.79807632, 95.27413398,  99.9
 19,  32, 29.79640516, 95.26891036,  99.9
 20,  32, 29.79473291, 95.26377754,  99.9
 21,  32, 29.79305921, 95.25873447,  99.9
 22,  32, 29.79138374, 95.25378008,  99.9
 23,  32, 29.78970616, 95.24891334,  99.9
 24,  32, 29.78802612, 95.24413323,  99.9
 25,  32, 29.78634329, 95.23943876,  99.9
 26,  32, 29.78465732, 95.23482895,  99.9
 27,  32, 29.78296788, 95.23030282,  99.9
 28,  32, 29.78127461, 95.22585944,  99.9
 29,  32, 29.77957719, 95.22149788,  99.9
 30,  32, 29.77787525, 95.21721723,  99.9
 31,  32, 29.77616845, 95.21301658,  99.9
 32,  32, 29.77445645, 95.20889507,  99.9
 33,  32, 29.77273890, 95.20485184,  99.9
 34,  32, 29.77101544, 95.20088603,  99.9
 35,  32, 29.76928573, 95.19699682,  99.9
 36,  32, 29.76754942, 95.19318340,  99.9
 37,  32, 29.76580614, 95.18944497,   5.9
 38,  32, 29.76405554, 95.18578076,  99.9
 39,  32, 29.76229726, 95.18218998,  99.9
 40,  32, 29.76053094, 95.17867190,  99.9
 41,  32, 29.75875623, 95.17522578,  99.9
 42,  32, 29.75697275, 95.17185090,  99.9
 43,  32, 29.75518014, 95.16854656,  99.9
 44,  32, 29.75337804, 95.16531206,  99.9
 45,  32, 29.75156607, 95.16214672,  99.9
 46,  32, 29.74974386, 95.15904989,  99.9
 47,  32, 29.74791104, 95.15602092,  99.9
 48,  32, 29.74606723, 95.15305918,  99.9
 49,  32, 29.74421205, 95.15016405,  99.9
 50,  32, 29.74234512, 95.14733491,  99.9
 51,  32, 29.74046605, 95.14457119,  99.9
 52,  32, 29.73857446, 95.14187230,   5.9
 53,  32, 29.73666996, 95.13923768,   5.9
 54,  32, 29.73475215, 95.13666678,   5.9
 55,  32, 29.73282065, 95.13415906,   5.9
 56,  32, 29.73087505, 95.13171399,   5.9
 57,  32, 29.72891494, 95.12933107,  99.9
 58,  32, 29.72693993, 95.12700979,  99.9
 59,  32, 29.72494961, 95.12474968,  99.9
 60,  32, 29.72294357, 95.12255025,  99.9
 61,  32, 29.72092139, 95.12041105,  99.9
 62,  32, 29.71888265, 95.11833163,  99.9
 63,  32, 29.71682694, 95.11631155,  99.9
 64,  32, 29.71475382, 95.11435040,  99.9
 65,  32, 29.71266287, 95.11244776,  99.9
 66,  32, 29.71055366, 95.11060322,  99.9
 67,  32, 29.70842575, 95.10881642,  99.9
 68,  32, 29.70627870, 95.10708696,  99.9
 69,  32, 29.70411206, 95.10541450,  99.9
 70,  32, 29.70192539, 95.10379867,  99.9
 71,  32, 29.69971823, 95.10223914,  99.9
 72,  32, 29.69749013, 95.10073559,  99.9
 73,  32, 29.69524062, 95.09928769,  99.9
 74,  32, 29.69296924, 95.09789514,  99.9
 75,  32, 29.69067551, 95.09655765,  99.9
 76,  32, 29.68835897, 95.09527494,  99.9
 77,  32, 29.68601912, 95.09404674,  99.9
 78,  32, 29.68365549, 95.09287279,  99.9
 79,  32, 29.68126759, 95.09175284,  99.9
 80,  32, 29.67885491, 95.09068666,  99.9
 81,  32, 29.67641696, 95.08967402,  99.9
 82,  32, 29.67395324, 95.08871471,  99.9
 83,  32, 29.67146322, 95.08780852,  99.9
 84,  32, 29.66894639, 95.08695527,  99.9
 85,  32, 29.66640224, 95.08615477,  99.9
 86,  32, 29.66383023, 95.08540686,  99.9
 87,  32, 29.66122982, 95.08471136,  99.9
 88,  32, 29.65860049, 95.08406815,  99.9
 89,  32, 29.65594167, 95.08347707,  99.9
 90,  32, 29.65325282, 95.08293800,  99.9
 91,  32, 29.65053338, 95.08245083,  99.9
 92,  32, 29.64778278, 95.08201545,  99.9
 93,  32, 29.64500046, 95.08163177,  99.9
 94,  32, 29.64218583, 95.08129970,  99.9
 95,  32, 29.63933830, 95.08101917,  99.9
 96,  32, 29.63645729, 95.08079012,  99.9
 97,  32, 29.63354220, 95.08061249,  99.9
 98,  32, 29.63059242, 95.08048625,  99.9
 99,  32, 29.62760733, 95.08041136,  99.9
100,  32, 29.62458632, 95.08038780,   7.3
101,  32, 29.62152875, 95.08041557,   7.3
102,  32, 29.61843399, 95.08049466,   7.3
103,  32, 29.61530140, 95.08062509,  99.9
104,  32, 29.61213032, 95.08080688,  99.9
105,  32, 29.60892010, 95.08104007,  99.9
106,  32, 29.60567005, 95.08132468,  99.9
107,  32, 29.60237952, 95.08166079,  99.9
108,  32, 29.59904781, 95.08204845,  99.9
109,  32, 29.59567423, 95.08248774,  99.9
110,  32, 29.59225808, 95.08297875,   7.3
111,  32, 29.58879864, 95.08352156,   7.3
112,  32, 29.58529519, 95.08411630,  99.9
113,  32, 29.58174701, 95.08476307,  99.9
114,  32, 29.57815335, 95.08546200,  99.9
115,  32, 29.57451347, 95.08621324,  99.9
116,  32, 29.57082661, 95.08701693,  99.9
117,  32, 29.56709200, 95.08787323,  99.9
118,  32, 29.56330886, 95.08878232,  99.9
119,  32, 29.55947640, 95.08974438,  99.9
120,  32, 29.55559383, 95.09075959,  99.9
121,  32, 29.55166033, 95.09182817,  99.9
122,  32, 29.54767509, 95.09295032,  99.9
123,  32, 29.54363727, 95.09412628,  99.9
124,  32, 29.53954604, 95.09535628,   7.4
125,  32, 29.53540053, 95.09664056,   7.4
126,  32, 29.53119989, 95.09797939,   7.4
127,  32, 29.52694324, 95.09937304,  99.9
128,  32, 29.52262969, 95.10082178,   7.2
129,  32, 29.51825834, 95.10232591,   7.2
130,  32, 29.51382828, 95.10388573,   7.1
131,  32, 29.50933859, 95.10550155,   7.0
132,  32, 29.50478833, 95.10717371,  99.9
133,  32, 29.50017655, 95.10890254,  99.9
134,  32, 29.49550229, 95.11068839,  99.9
135,  32, 29.49076457, 95.11253162,  99.9
136,  32, 29.48596241, 95.11443259,  99.9
137,  32, 29.48109480, 95.11639171,  99.9
138,  32, 29.47616073, 95.11840935,  99.9
139,  32, 29.47115917, 95.12048593,  99.9
140,  32, 29.46608907, 95.12262187,  99.9
141,  32, 29.46094938, 95.12481760,  99.9
142,  32, 29.45573902, 95.12707355,  99.9
143,  32, 29.45045691, 95.12939020,  99.9
144,  32, 29.44510195, 95.13176800,  99.9
145,  32, 29.43967301, 95.13420744,  99.9
146,  32, 29.43416896, 95.13670901,  99.9
147,  32, 29.42858865, 95.13927320,  99.9
148,  32, 29.42293093, 95.14190055,  99.9
149,  32, 29.41719460, 95.14459158,  99.9
150,  32, 29.41137847, 95.14734684,  99.9
151,  32, 29.40548133, 95.15016687,  99.9
152,  32, 29.39950194, 95.15305225,  99.9
153,  32, 29.39343906, 95.15600356,  99.9
154,  32, 29.38729141, 95.15902140,  99.9
155,  32, 29.38105772, 95.16210637,  99.9
156,  32, 29.37473669, 95.16525910,  99.9
157,  32, 29.36832698, 95.16848022,  99.9
158,  32, 29.36182727, 95.17177038,  99.9
159,  32, 29.35523619, 95.17513025,  99.9
160,  32, 29.34855238, 95.17856049,  99.9
161,  32, 29.34177442, 95.18206181,  99.9
162,  32, 29.33490091, 95.18563490,  99.9
163,  32, 29.32793042, 95.18928049,  99.9
164,  32, 29.32086147, 95.19299930,  99.9
165,  32, 29.31369260, 95.19679209,  99.9
166,  32, 29.30642231, 95.20065962,  99.9
167,  32, 29.29904907, 95.20460267,  99.9
168,  32, 29.29157135, 95.20862203,  99.9
169,  32, 29.28398759, 95.21271850,  99.9
170,  32, 29.27629619, 95.21689291,  99.9
171,  32, 29.26849555, 95.22114609,  99.9
172,  32, 29.26058404, 95.22547891,  10.5
173,  32, 29.25256001, 95.22989223,  10.7
174,  32, 29.24442177, 95.23438693,  10.1
175,  32, 29.23616762, 95.23896392,  10.2
176,  32, 29.22779585, 95.24362411,  10.5
177,  32, 29.21930469, 95.24836843,  99.9
178,  32, 29.21069237, 95.25319784,  99.9
179,  32, 29.20195709, 95.25811331,  99.9
180,  32, 29.19309703, 95.26311581,  99.9
181,  32, 29.18411032, 95.26820634,  99.9
182,  32, 29.17499509, 95.27338593,  99.9
183,  32, 29.16574943, 95.27865561,  10.0
184,  32, 29.15637141, 95.28401643,  10.1
185,  32, 29.14685906, 95.28946946,  10.1
186,  32, 29.13721039, 95.29501579,  10.0
187,  32, 29.12742339, 95.30065652,  10.1
188,  32, 29.11749600, 95.30639278,  10.4
189,  32, 29.10742614, 95.31222571,  10.5
190,  32, 29.09721172, 95.31815648,  10.6
191,  32, 29.08685058, 95.32418625,  10.7
192,  32, 29.07634056, 95.33031624,  10.7
193,  32, 29.06567946, 95.33654766,  10.7
194,  32, 29.05486504, 95.34288175,  99.9
195,  32, 29.04389504, 95.34931977,  99.9
196,  32, 29.03276717, 95.35586299,  10.6
197,  32, 29.02147909, 95.36251271,  10.8
198,  32, 29.01002843, 95.36927025,  99.9
199,  32, 28.99841281, 95.37613695,  99.9
200,  32, 28.98662977, 95.38311417,  99.9
201,  32, 28.97467686, 95.39020329,   7.1
202,  32, 28.96255157, 95.39740570,   8.1
203,  32, 28.95025136, 95.40472284,   8.3
204,  32, 28.93777365, 95.41215615,   8.3
205,  32, 28.92511582, 95.41970709,   8.3
206,  32, 28.91227522, 95.42737716,   8.4
207,  32, 28.89924916, 95.43516786,   8.5
208,  32, 28.88603491, 95.44308073,   8.5
209,  32, 28.87262969, 95.45111733,   8.5
210,  32, 28.85903069, 95.45927923,   8.5
211,  32, 28.84523507, 95.46756804,   8.5
212,  32, 28.83123992, 95.47598540,   8.5
213,  32, 28.81704232, 95.48453294,   8.4
214,  32, 28.80263928, 95.49321235,   8.3
215,  32, 28.78802778, 95.50202532,   8.2
216,  32, 28.77320475, 95.51097359,   8.1
217,  32, 28.75816709, 95.52005889,   7.9
218,  32, 28.74291163, 95.52928301,   7.8
219,  32, 28.72743518, 95.53864775,   7.6
220,  32, 28.71173449, 95.54815494,   7.4
221,  32, 28.69580625, 95.55780642,   7.3
222,  32, 28.67964713, 95.56760408,   7.1
223,  32, 28.66325373, 95.57754982,   6.9
224,  32, 28.64662261, 95.58764559,   6.7
225,  32, 28.62975028, 95.59789333,   6.5
226,  32, 28.61263318, 95.60829503,   6.3
227,  32, 28.59526773, 95.61885273,   6.0
228,  32, 28.57765028, 95.62956845,   5.8
229,  32, 28.55977712, 95.64044427,   5.5
230,  32, 28.54164449, 95.65148230,   5.2
231,  32, 28.52324860, 95.66268466,   5.0
232,  32, 28.50458556, 95.67405352,   4.7
233,  32, 28.48565146, 95.68559108,   4.3
234,  32, 28.46644232, 95.69729954,   4.0
235,  32, 28.44695409, 95.70918116,   3.6
236,  32, 28.42718268, 95.72123823,   3.3
237,  32, 28.40712393, 95.73347306,   2.9
238,  32, 28.38677362, 95.74588799,   2.4
239,  32, 28.36612746, 95.75848541,   2.1
240,  32, 28.34518113, 95.77126771,   2.0
241,  32, 28.32393020, 95.78423735,   1.9
  1,  33, 29.83275061, 95.37595122,  99.9
  2,  33, 29.83094866, 95.36900661,  99.9
  3,  33, 29.82915257, 95.36217376,  99.9
  4,  33, 29.82736198, 95.35545122,  99.9
  5,  33, 29.82557654, 95.34883761,  99.9
  6,  33, 29.82379588, 95.34233152,  99.9
  7,  33, 29.82201965, 95.33593161,  99.9
  8,  33, 29.82024751, 95.32963654,  99.9
  9,  33, 29.81847909, 95.32344498,  99.9
 10,  33, 29.81671404, 95.31735565,  99.9
 11,  33, 29.81495201, 95.31136727,  99.9
 12,  33, 29.81319264, 95.30547859,  99.9
 13,  33, 29.81143559, 95.29968838,  99.9
 14,  33, 29.80968050, 95.29399542,  99.9
 15,  33, 29.80792701, 95.28839854,  99.9
 16,  33, 29.80617478, 95.28289655,  99.9
 17,  33, 29.80442345, 95.27748831,  99.9
 18,  33, 29.80267266, 95.27217269,  99.9
 19,  33, 29.80092208, 95.26694858,  99.9
 20,  33, 29.79917133, 95.26181488,  99.9
 21,  33, 29.79742007, 95.25677052,  99.9
 22,  33, 29.79566794, 95.25181445,  99.9
 23,  33, 29.79391459, 95.24694564,  99.9
 24,  33, 29.79215967, 95.24216305,  99.9
 25,  33, 29.79040281, 95.23746571,  99.9
 26,  33, 29.78864366, 95.23285262,  99.9
 27,  33, 29.78688186, 95.22832282,  99.9
 28,  33, 29.78511706, 95.22387536,  99.9
 29,  33, 29.78334890, 95.21950931,  99.9
 30,  33, 29.78157701, 95.21522377,   5.5
 31,  33, 29.77980103, 95.21101783,   5.6
 32,  33, 29.77802061, 95.20689062,   5.7
 33,  33, 29.77623538, 95.20284128,   5.7
 34,  33, 29.77444498, 95.19886895,   5.7
 35,  33, 29.77264903, 95.19497282,   5.8
 36,  33, 29.77084718, 95.19115206,   5.8
 37,  33, 29.76903905, 95.18740587,   5.8
 38,  33, 29.76722427, 95.18373348,  99.9
 39,  33, 29.76540248, 95.18013411,  99.9
 40,  33, 29.76357329, 95.17660702,  99.9
 41,  33, 29.76173634, 95.17315146,  99.9
 42,  33, 29.75989125, 95.16976672,  99.9
 43,  33, 29.75803764, 95.16645208,  99.9
 44,  33, 29.75617512, 95.16320686,  99.9
 45,  33, 29.75430333, 95.16003038,  99.9
 46,  33, 29.75242186, 95.15692196,  99.9
 47,  33, 29.75053034, 95.15388097,  99.9
 48,  33, 29.74862837, 95.15090677,  99.9
 49,  33, 29.74671557, 95.14799873,  99.9
 50,  33, 29.74479153, 95.14515625,  99.9
 51,  33, 29.74285587, 95.14237873,  99.9
 52,  33, 29.74090819, 95.13966560,  99.9
 53,  33, 29.73894808, 95.13701628,  99.9
 54,  33, 29.73697515, 95.13443022,   5.9
 55,  33, 29.73498897, 95.13190688,   5.9
 56,  33, 29.73298915, 95.12944573,   5.9
 57,  33, 29.73097527, 95.12704626,  99.9
 58,  33, 29.72894691, 95.12470796,  99.9
 59,  33, 29.72690366, 95.12243035,  99.9
 60,  33, 29.72484509, 95.12021295,  99.9
 61,  33, 29.72277078, 95.11805530,  99.9
 62,  33, 29.72068031, 95.11595694,  99.9
 63,  33, 29.71857322, 95.11391743,  99.9
 64,  33, 29.71644910, 95.11193636,  99.9
 65,  33, 29.71430751, 95.11001329,  99.9
 66,  33, 29.71214799, 95.10814783,  99.9
 67,  33, 29.70997010, 95.10633960,  99.9
 68,  33, 29.70777340, 95.10458820,  99.9
 69,  33, 29.70555742, 95.10289328,  99.9
 70,  33, 29.70332170, 95.10125447,  99.9
 71,  33, 29.70106579, 95.09967144,  99.9
 72,  33, 29.69878922, 95.09814384,  99.9
 73,  33, 29.69649152, 95.09667137,  99.9
 74,  33, 29.69417220, 95.09525371,  99.9
 75,  33, 29.69183078, 95.09389057,  99.9
 76,  33, 29.68946679, 95.09258165,  99.9
 77,  33, 29.68707973, 95.09132668,  99.9
 78,  33, 29.68466911, 95.09012540,  99.9
 79,  33, 29.68223442, 95.08897756,  99.9
 80,  33, 29.67977517, 95.08788291,  99.9
 81,  33, 29.67729083, 95.08684122,  99.9
 82,  33, 29.67478090, 95.08585227,  99.9
 83,  33, 29.67224485, 95.08491585,  99.9
 84,  33, 29.66968216, 95.08403177,  99.9
 85,  33, 29.66709229, 95.08319984,  99.9
 86,  33, 29.66447470, 95.08241988,  99.9
 87,  33, 29.66182886, 95.08169173,  99.9
 88,  33, 29.65915422, 95.08101523,  99.9
 89,  33, 29.65645020, 95.08039023,  99.9
 90,  33, 29.65371627, 95.07981661,  99.9
 91,  33, 29.65095184, 95.07929423,  99.9
 92,  33, 29.64815634, 95.07882300,  99.9
 93,  33, 29.64532919, 95.07840280,  99.9
 94,  33, 29.64246980, 95.07803354,  99.9
 95,  33, 29.63957758, 95.07771515,  99.9
 96,  33, 29.63665193, 95.07744755,  99.9
 97,  33, 29.63369224, 95.07723068,  99.9
 98,  33, 29.63069788, 95.07706450,  99.9
 99,  33, 29.62766825, 95.07694897,   7.2
100,  33, 29.62460270, 95.07688405,   7.2
101,  33, 29.62150061, 95.07686973,  99.9
102,  33, 29.61836132, 95.07690600,  99.9
103,  33, 29.61518418, 95.07699286,  99.9
104,  33, 29.61196853, 95.07713034,  99.9
105,  33, 29.60871371, 95.07731844,  99.9
106,  33, 29.60541902, 95.07755721,  99.9
107,  33, 29.60208380, 95.07784669,  99.9
108,  33, 29.59870734, 95.07818693,  99.9
109,  33, 29.59528893, 95.07857800,  99.9
110,  33, 29.59182788, 95.07901998,   7.3
111,  33, 29.58832345, 95.07951295,   7.3
112,  33, 29.58477492, 95.08005701,   7.3
113,  33, 29.58118154, 95.08065226,  99.9
114,  33, 29.57754258, 95.08129883,  99.9
115,  33, 29.57385727, 95.08199684,  99.9
116,  33, 29.57012484, 95.08274643,  99.9
117,  33, 29.56634452, 95.08354775,  99.9
118,  33, 29.56251551, 95.08440096,  99.9
119,  33, 29.55863703, 95.08530622,  99.9
120,  33, 29.55470826, 95.08626373,  99.9
121,  33, 29.55072838, 95.08727368,  99.9
122,  33, 29.54669657, 95.08833625,  99.9
123,  33, 29.54261198, 95.08945168,  99.9
124,  33, 29.53847376, 95.09062018,  99.9
125,  33, 29.53428105, 95.09184198,   7.4
126,  33, 29.53003297, 95.09311734,   7.3
127,  33, 29.52572865, 95.09444651,   7.3
128,  33, 29.52136718, 95.09582975,   7.2
129,  33, 29.51694765, 95.09726735,   7.2
130,  33, 29.51246914, 95.09875960,  99.9
131,  33, 29.50793072, 95.10030679,  99.9
132,  33, 29.50333144, 95.10190924,  99.9
133,  33, 29.49867034, 95.10356728,  99.9
134,  33, 29.49394645, 95.10528122,  99.9
135,  33, 29.48915879, 95.10705143,  99.9
136,  33, 29.48430635, 95.10887826,  99.9
137,  33, 29.47938812, 95.11076207,  99.9
138,  33, 29.47440308, 95.11270326,  99.9
139,  33, 29.46935019, 95.11470220,  99.9
140,  33, 29.46422839, 95.11675930,  99.9
141,  33, 29.45903662, 95.11887498,  99.9
142,  33, 29.45377379, 95.12104966,  99.9
143,  33, 29.44843879, 95.12328379,  99.9
144,  33, 29.44303053, 95.12557781,  99.9
145,  33, 29.43754787, 95.12793219,  99.9
146,  33, 29.43198967, 95.13034740,   7.3
147,  33, 29.42635476, 95.13282393,  99.9
148,  33, 29.42064197, 95.13536228,  99.9
149,  33, 29.41485011, 95.13796296,  99.9
150,  33, 29.40897797, 95.14062650,  99.9
151,  33, 29.40302432, 95.14335343,  99.9
152,  33, 29.39698793, 95.14614430,  99.9
153,  33, 29.39086752, 95.14899968,  99.9
154,  33, 29.38466182, 95.15192013,  99.9
155,  33, 29.37836954, 95.15490626,  99.9
156,  33, 29.37198935, 95.15795866,  99.9
157,  33, 29.36551994, 95.16107794,  99.9
158,  33, 29.35895995, 95.16426474,  99.9
159,  33, 29.35230800, 95.16751969,  99.9
160,  33, 29.34556271, 95.17084346,  99.9
161,  33, 29.33872267, 95.17423671,  99.9
162,  33, 29.33178646, 95.17770011,  99.9
163,  33, 29.32475261, 95.18123438,  99.9
164,  33, 29.31761966, 95.18484022,  99.9
165,  33, 29.31038613, 95.18851836,  99.9
166,  33, 29.30305050, 95.19226953,  99.9
167,  33, 29.29561123, 95.19609448,  99.9
168,  33, 29.28806678, 95.19999400,  99.9
169,  33, 29.28041556, 95.20396885,  99.9
170,  33, 29.27265598, 95.20801984,  99.9
171,  33, 29.26478641, 95.21214778,  99.9
172,  33, 29.25680522, 95.21635350,  99.9
173,  33, 29.24871072, 95.22063785,  99.9
174,  33, 29.24050124, 95.22500167,  10.2
175,  33, 29.23217505, 95.22944585,  10.3
176,  33, 29.22373041, 95.23397127,  10.3
177,  33, 29.21516555, 95.23857884,  99.9
178,  33, 29.20647869, 95.24326949,  99.9
179,  33, 29.19766801, 95.24804415,  99.9
180,  33, 29.18873167, 95.25290378,  99.9
181,  33, 29.17966779, 95.25784934,  99.9
182,  33, 29.17047449, 95.26288183,  10.0
183,  33, 29.16114983, 95.26800225,  10.2
184,  33, 29.15169187, 95.27321162,  10.2
185,  33, 29.14209863, 95.27851098,  10.3
186,  33, 29.13236810, 95.28390140,  10.1
187,  33, 29.12249824, 95.28938394,  10.1
188,  33, 29.11248700, 95.29495969,  10.2
189,  33, 29.10233227, 95.30062977,  10.4
190,  33, 29.09203193, 95.30639530,  10.5
191,  33, 29.08158382, 95.31225743,  10.6
192,  33, 29.07098576, 95.31821734,  10.7
193,  33, 29.06023553, 95.32427619,  10.7
194,  33, 29.04933088, 95.33043519,  10.6
195,  33, 29.03826952, 95.33669557,  10.5
196,  33, 29.02704914, 95.34305857,  10.5
197,  33, 29.01566739, 95.34952545,  10.7
198,  33, 29.00412188, 95.35609749,  99.9
199,  33, 28.99241020, 95.36277599,  99.9
200,  33, 28.98052989, 95.36956228,  99.9
201,  33, 28.96847847, 95.37645769,   7.1
202,  33, 28.95625342, 95.38346359,   7.4
203,  33, 28.94385216, 95.39058136,   7.6
204,  33, 28.93127210, 95.39781241,   8.3
205,  33, 28.91851061, 95.40515816,   8.4
206,  33, 28.90556501, 95.41262006,   8.5
207,  33, 28.89243258, 95.42019959,   8.6
208,  33, 28.87911059, 95.42789822,   8.6
209,  33, 28.86559622, 95.43571749,   8.5
210,  33, 28.85188666, 95.44365891,   8.5
211,  33, 28.83797902, 95.45172406,   8.5
212,  33, 28.82387039, 95.45991452,   8.4
213,  33, 28.80955781, 95.46823189,   8.3
214,  33, 28.79503829, 95.47667780,   8.2
215,  33, 28.78030876, 95.48525390,   8.0
216,  33, 28.76536616, 95.49396188,   7.9
217,  33, 28.75020733, 95.50280344,   7.7
218,  33, 28.73482911, 95.51178030,   7.6
219,  33, 28.71922826, 95.52089421,   7.4
220,  33, 28.70340151, 95.53014696,   7.2
221,  33, 28.68734554, 95.53954034,   7.1
222,  33, 28.67105698, 95.54907619,   6.9
223,  33, 28.65453241, 95.55875635,   6.7
224,  33, 28.63776837, 95.56858271,   6.5
225,  33, 28.62076133, 95.57855718,   6.3
226,  33, 28.60350772, 95.58868168,   6.1
227,  33, 28.58600392, 95.59895819,   5.8
228,  33, 28.56824626, 95.60938870,   5.6
229,  33, 28.55023100, 95.61997521,   5.3
230,  33, 28.53195437, 95.63071977,   5.1
231,  33, 28.51341251, 95.64162447,   4.8
232,  33, 28.49460155, 95.65269139,   4.5
233,  33, 28.47551752, 95.66392268,   4.2
234,  33, 28.45615642, 95.67532049,   3.9
235,  33, 28.43651417, 95.68688702,   3.5
236,  33, 28.41658665, 95.69862448,   3.2
237,  33, 28.39636968, 95.71053513,   2.8
238,  33, 28.37585899, 95.72262125,   2.4
239,  33, 28.35505028, 95.73488514,   2.1
240,  33, 28.33393918, 95.74732917,   2.0
241,  33, 28.31252124, 95.75995569,   1.9
  1,  34, 29.83885156, 95.37382462,  99.9
  2,  34, 29.83695184, 95.36688770,  99.9
  3,  34, 29.83505923, 95.36006210,  99.9
  4,  34, 29.83317335, 95.35334641,  99.9
  5,  34, 29.83129383, 95.34673922,  99.9
  6,  34, 29.82942028, 95.34023914,  99.9
  7,  34, 29.82755234, 95.33384482,  99.9
  8,  34, 29.82568964, 95.32755491,  99.9
  9,  34, 29.82383179, 95.32136811,  99.9
 10,  34, 29.82197843, 95.31528311,  99.9
 11,  34, 29.82012919, 95.30929865,  99.9
 12,  34, 29.81828369, 95.30341348,  99.9
 13,  34, 29.81644156, 95.29762635,  99.9
 14,  34, 29.81460244, 95.29193607,  99.9
 15,  34, 29.81276595, 95.28634145,  99.9
 16,  34, 29.81093172, 95.28084131,  99.9
 17,  34, 29.80909939, 95.27543450,  99.9
 18,  34, 29.80726857, 95.27011990,  99.9
 19,  34, 29.80543891, 95.26489638,  99.9
 20,  34, 29.80361003, 95.25976287,  99.9
 21,  34, 29.80178157, 95.25471829,  99.9
 22,  34, 29.79995314, 95.24976157,  99.9
 23,  34, 29.79812439, 95.24489170,  99.9
 24,  34, 29.79629494, 95.24010764,  99.9
 25,  34, 29.79446442, 95.23540840,  99.9
 26,  34, 29.79263245, 95.23079300,  99.9
 27,  34, 29.79079867, 95.22626047,  99.9
 28,  34, 29.78896269, 95.22180986,  99.9
 29,  34, 29.78712416, 95.21744025,  99.9
 30,  34, 29.78528269, 95.21315071,   5.4
 31,  34, 29.78343790, 95.20894036,  99.9
 32,  34, 29.78158943, 95.20480832,  99.9
 33,  34, 29.77973688, 95.20075371,  99.9
 34,  34, 29.77787990, 95.19677569,  99.9
 35,  34, 29.77601809, 95.19287344,  99.9
 36,  34, 29.77415107, 95.18904614,  99.9
 37,  34, 29.77227846, 95.18529297,  99.9
 38,  34, 29.77039989, 95.18161317,  99.9
 39,  34, 29.76851496, 95.17800596,  99.9
 40,  34, 29.76662328, 95.17447059,  99.9
 41,  34, 29.76472448, 95.17100632,  99.9
 42,  34, 29.76281815, 95.16761243,  99.9
 43,  34, 29.76090392, 95.16428819,  99.9
 44,  34, 29.75898137, 95.16103293,  99.9
 45,  34, 29.75705013, 95.15784596,  99.9
 46,  34, 29.75510980, 95.15472661,  99.9
 47,  34, 29.75315997, 95.15167424,  99.9
 48,  34, 29.75120024, 95.14868820,  99.9
 49,  34, 29.74923021, 95.14576786,  99.9
 50,  34, 29.74724948, 95.14291263,  99.9
 51,  34, 29.74525763, 95.14012190,  99.9
 52,  34, 29.74325425, 95.13739508,  99.9
 53,  34, 29.74123895, 95.13473161,  99.9
 54,  34, 29.73921128, 95.13213094,  99.9
 55,  34, 29.73717085, 95.12959251,   5.9
 56,  34, 29.73511722, 95.12711579,   5.9
 57,  34, 29.73304998, 95.12470027,   5.9
 58,  34, 29.73096870, 95.12234545,  99.9
 59,  34, 29.72887294, 95.12005082,  99.9
 60,  34, 29.72676228, 95.11781591,  99.9
 61,  34, 29.72463627, 95.11564026,  99.9
 62,  34, 29.72249448, 95.11352340,  99.9
 63,  34, 29.72033647, 95.11146489,  99.9
 64,  34, 29.71816179, 95.10946430,  99.9
 65,  34, 29.71596999, 95.10752122,  99.9
 66,  34, 29.71376061, 95.10563523,  99.9
 67,  34, 29.71153320, 95.10380594,  99.9
 68,  34, 29.70928729, 95.10203297,  99.9
 69,  34, 29.70702243, 95.10031594,  99.9
 70,  34, 29.70473814, 95.09865450,  99.9
 71,  34, 29.70243395, 95.09704829,  99.9
 72,  34, 29.70010938, 95.09549698,  99.9
 73,  34, 29.69776395, 95.09400025,  99.9
 74,  34, 29.69539718, 95.09255778,  99.9
 75,  34, 29.69300856, 95.09116926,  99.9
 76,  34, 29.69059762, 95.08983441,  99.9
 77,  34, 29.68816384, 95.08855294,  99.9
 78,  34, 29.68570672, 95.08732458,  99.9
 79,  34, 29.68322576, 95.08614908,  99.9
 80,  34, 29.68072043, 95.08502619,  99.9
 81,  34, 29.67819022, 95.08395567,  99.9
 82,  34, 29.67563461, 95.08293729,  99.9
 83,  34, 29.67305305, 95.08197085,  99.9
 84,  34, 29.67044502, 95.08105613,  99.9
 85,  34, 29.66780997, 95.08019294,  99.9
 86,  34, 29.66514736, 95.07938110,  99.9
 87,  34, 29.66245664, 95.07862044,  99.9
 88,  34, 29.65973723, 95.07791080,  99.9
 89,  34, 29.65698859, 95.07725202,  99.9
 90,  34, 29.65421013, 95.07664396,  99.9
 91,  34, 29.65140128, 95.07608649,  99.9
 92,  34, 29.64856146, 95.07557950,  99.9
 93,  34, 29.64569007, 95.07512288,  99.9
 94,  34, 29.64278653, 95.07471652,  99.9
 95,  34, 29.63985021, 95.07436033,  99.9
 96,  34, 29.63688052, 95.07405425,  99.9
 97,  34, 29.63387684, 95.07379819,  99.9
 98,  34, 29.63083854, 95.07359211,   7.2
 99,  34, 29.62776499, 95.07343596,   7.2
100,  34, 29.62465555, 95.07332969,  99.9
101,  34, 29.62150957, 95.07327329,  99.9
102,  34, 29.61832640, 95.07326674,  99.9
103,  34, 29.61510537, 95.07331003,  99.9
104,  34, 29.61184582, 95.07340316,  99.9
105,  34, 29.60854707, 95.07354615,  99.9
106,  34, 29.60520842, 95.07373902,  99.9
107,  34, 29.60182920, 95.07398182,  99.9
108,  34, 29.59840868, 95.07427458,  99.9
109,  34, 29.59494616, 95.07461736,  99.9
110,  34, 29.59144093, 95.07501022,  99.9
111,  34, 29.58789223, 95.07545325,   7.3
112,  34, 29.58429935, 95.07594653,   7.3
113,  34, 29.58066153, 95.07649015,  99.9
114,  34, 29.57697802, 95.07708422,  99.9
115,  34, 29.57324804, 95.07772886,  99.9
116,  34, 29.56947082, 95.07842420,  99.9
117,  34, 29.56564557, 95.07917037,  99.9
118,  34, 29.56177149, 95.07996753,  99.9
119,  34, 29.55784779, 95.08081583,  99.9
120,  34, 29.55387363, 95.08171544,  99.9
121,  34, 29.54984820, 95.08266655,   7.4
122,  34, 29.54577064, 95.08366934,   7.4
123,  34, 29.54164013, 95.08472400,   7.4
124,  34, 29.53745578, 95.08583077,   7.4
125,  34, 29.53321674, 95.08698985,   7.4
126,  34, 29.52892211, 95.08820148,  99.9
127,  34, 29.52457101, 95.08946590,   7.2
128,  34, 29.52016251, 95.09078337,   7.2
129,  34, 29.51569572, 95.09215416,  99.9
130,  34, 29.51116969, 95.09357853,  99.9
131,  34, 29.50658348, 95.09505678,  99.9
132,  34, 29.50193613, 95.09658920,  99.9
133,  34, 29.49722668, 95.09817610,  99.9
134,  34, 29.49245414, 95.09981780,  99.9
135,  34, 29.48761752, 95.10151463,  99.9
136,  34, 29.48271580, 95.10326694,  99.9
137,  34, 29.47774798, 95.10507508,  99.9
138,  34, 29.47271300, 95.10693941,  99.9
139,  34, 29.46760983, 95.10886030,  99.9
140,  34, 29.46243739, 95.11083815,  99.9
141,  34, 29.45719460, 95.11287336,  99.9
142,  34, 29.45188038, 95.11496633,  99.9
143,  34, 29.44649362, 95.11711749,  99.9
144,  34, 29.44103318, 95.11932727,  99.9
145,  34, 29.43549793, 95.12159611,  99.9
146,  34, 29.42988672, 95.12392448,   7.3
147,  34, 29.42419838, 95.12631285,  99.9
148,  34, 29.41843171, 95.12876168,  99.9
149,  34, 29.41258552, 95.13127149,  99.9
150,  34, 29.40665858, 95.13384277,  99.9
151,  34, 29.40064965, 95.13647605,  99.9
152,  34, 29.39455749, 95.13917185,  99.9
153,  34, 29.38838082, 95.14193071,  99.9
154,  34, 29.38211835, 95.14475320,  99.9
155,  34, 29.37576878, 95.14763988,  99.9
156,  34, 29.36933077, 95.15059133,  99.9
157,  34, 29.36280298, 95.15360815,  99.9
158,  34, 29.35618406, 95.15669094,  99.9
159,  34, 29.34947262, 95.15984033,  99.9
160,  34, 29.34266725, 95.16305695,  99.9
161,  34, 29.33576654, 95.16634144,  99.9
162,  34, 29.32876905, 95.16969447,  99.9
163,  34, 29.32167330, 95.17311671,  99.9
164,  34, 29.31447783, 95.17660885,  99.9
165,  34, 29.30718113, 95.18017159,  99.9
166,  34, 29.29978167, 95.18380564,  99.9
167,  34, 29.29227791, 95.18751174,  99.9
168,  34, 29.28466828, 95.19129063,  99.9
169,  34, 29.27695118, 95.19514307,  99.9
170,  34, 29.26912502, 95.19906983,  99.9
171,  34, 29.26118815, 95.20307170,  99.9
172,  34, 29.25313891, 95.20714948,  99.9
173,  34, 29.24497563, 95.21130398,  99.9
174,  34, 29.23669659, 95.21553605,  10.2
175,  34, 29.22830006, 95.21984653,  10.2
176,  34, 29.21978430, 95.22423628,  10.3
177,  34, 29.21114752, 95.22870618,  10.3
178,  34, 29.20238791, 95.23325713,  10.3
179,  34, 29.19350364, 95.23789003,  10.6
180,  34, 29.18449286, 95.24260581,  99.9
181,  34, 29.17535368, 95.24740541,  10.0
182,  34, 29.16608419, 95.25228979,  10.1
183,  34, 29.15668246, 95.25725993,  10.1
184,  34, 29.14714651, 95.26231682,  10.3
185,  34, 29.13747435, 95.26746147,  10.3
186,  34, 29.12766396, 95.27269489,  10.2
187,  34, 29.11771328, 95.27801814,  10.1
188,  34, 29.10762024, 95.28343228,  10.1
189,  34, 29.09738273, 95.28893837,  10.2
190,  34, 29.08699859, 95.29453753,  10.3
191,  34, 29.07646567, 95.30023085,  10.4
192,  34, 29.06578175, 95.30601948,  10.5
193,  34, 29.05494459, 95.31190456,  10.5
194,  34, 29.04395194, 95.31788726,  10.5
195,  34, 29.03280149, 95.32396876,  10.4
196,  34, 29.02149091, 95.33015028,  10.4
197,  34, 29.01001782, 95.33643303,  10.4
198,  34, 28.99837984, 95.34281827,  99.9
199,  34, 28.98657451, 95.34930725,  99.9
200,  34, 28.97459937, 95.35590127,  99.9
201,  34, 28.96245192, 95.36260161,  10.1
202,  34, 28.95012960, 95.36940961,  99.9
203,  34, 28.93762984, 95.37632661,   7.9
204,  34, 28.92495001, 95.38335397,   8.3
205,  34, 28.91208748, 95.39049308,   8.7
206,  34, 28.89903953, 95.39774535,   8.6
207,  34, 28.88580343, 95.40511221,   8.6
208,  34, 28.87237642, 95.41259509,   8.6
209,  34, 28.85875568, 95.42019548,   8.5
210,  34, 28.84493836, 95.42791487,   8.5
211,  34, 28.83092155, 95.43575478,   8.4
212,  34, 28.81670233, 95.44371673,   8.3
213,  34, 28.80227771, 95.45180229,   8.1
214,  34, 28.78764467, 95.46001305,   8.0
215,  34, 28.77280014, 95.46835062,   7.9
216,  34, 28.75774100, 95.47681661,   7.7
217,  34, 28.74246412, 95.48541269,   7.6
218,  34, 28.72696627, 95.49414053,   7.4
219,  34, 28.71124420, 95.50300185,   7.2
220,  34, 28.69529463, 95.51199835,   7.1
221,  34, 28.67911421, 95.52113180,   6.9
222,  34, 28.66269954, 95.53040398,   6.7
223,  34, 28.64604718, 95.53981668,   6.5
224,  34, 28.62915363, 95.54937173,   6.4
225,  34, 28.61201535, 95.55907099,   6.1
226,  34, 28.59462875, 95.56891634,   5.9
227,  34, 28.57699018, 95.57890968,   5.7
228,  34, 28.55909593, 95.58905294,   5.4
229,  34, 28.54094224, 95.59934810,   5.2
230,  34, 28.52252532, 95.60979713,   4.9
231,  34, 28.50384129, 95.62040205,   4.6
232,  34, 28.48488623, 95.63116491,   4.3
233,  34, 28.46565615, 95.64208777,   4.0
234,  34, 28.44614703, 95.65317274,   3.7
235,  34, 28.42635476, 95.66442195,   3.4
236,  34, 28.40627519, 95.67583755,   3.0
237,  34, 28.38590410, 95.68742174,   2.7
238,  34, 28.36523720, 95.69917672,   2.3
239,  34, 28.34427017, 95.71110476,   2.1
240,  34, 28.32299859, 95.72320812,   2.0
241,  34, 28.30141799, 95.73548913,   1.9
  1,  35, 29.84494461, 95.37158524,  99.9
  2,  35, 29.84294751, 95.36465745,  99.9
  3,  35, 29.84095877, 95.35784055,  99.9
  4,  35, 29.83897799, 95.35113311,  99.9
  5,  35, 29.83700477, 95.34453372,  99.9
  6,  35, 29.83503872, 95.33804101,  99.9
  7,  35, 29.83307945, 95.33165361,  99.9
  8,  35, 29.83112657, 95.32537018,  99.9
  9,  35, 29.82917968, 95.31918943,  99.9
 10,  35, 29.82723839, 95.31311004,  99.9
 11,  35, 29.82530231, 95.30713075,  99.9
 12,  35, 29.82337106, 95.30125031,  99.9
 13,  35, 29.82144424, 95.29546749,  99.9
 14,  35, 29.81952147, 95.28978107,  99.9
 15,  35, 29.81760235, 95.28418988,  99.9
 16,  35, 29.81568651, 95.27869273,  99.9
 17,  35, 29.81377354, 95.27328849,  99.9
 18,  35, 29.81186308, 95.26797601,  99.9
 19,  35, 29.80995473, 95.26275419,  99.9
 20,  35, 29.80804809, 95.25762194,  99.9
 21,  35, 29.80614280, 95.25257818,  99.9
 22,  35, 29.80423846, 95.24762186,  99.9
 23,  35, 29.80233468, 95.24275195,  99.9
 24,  35, 29.80043108, 95.23796741,  99.9
 25,  35, 29.79852727, 95.23326726,  99.9
 26,  35, 29.79662286, 95.22865051,  99.9
 27,  35, 29.79471747, 95.22411620,  99.9
 28,  35, 29.79281070, 95.21966337,  99.9
 29,  35, 29.79090218, 95.21529110,  99.9
 30,  35, 29.78899150, 95.21099847,   5.3
 31,  35, 29.78707829, 95.20678459,  99.9
 32,  35, 29.78516214, 95.20264857,  99.9
 33,  35, 29.78324267, 95.19858955,  99.9
 34,  35, 29.78131949, 95.19460668,  99.9
 35,  35, 29.77939220, 95.19069912,  99.9
 36,  35, 29.77746040, 95.18686607,  99.9
 37,  35, 29.77552371, 95.18310672,  99.9
 38,  35, 29.77358172, 95.17942028,  99.9
 39,  35, 29.77163404, 95.17580598,  99.9
 40,  35, 29.76968027, 95.17226307,  99.9
 41,  35, 29.76772000, 95.16879081,  99.9
 42,  35, 29.76575284, 95.16538847,  99.9
 43,  35, 29.76377838, 95.16205534,  99.9
 44,  35, 29.76179621, 95.15879072,  99.9
 45,  35, 29.75980593, 95.15559393,  99.9
 46,  35, 29.75780712, 95.15246430,  99.9
 47,  35, 29.75579939, 95.14940117,  99.9
 48,  35, 29.75378230, 95.14640392,  99.9
 49,  35, 29.75175546, 95.14347190,  99.9
 50,  35, 29.74971843, 95.14060451,  99.9
 51,  35, 29.74767080, 95.13780114,  99.9
 52,  35, 29.74561216, 95.13506122,  99.9
 53,  35, 29.74354206, 95.13238416,  99.9
 54,  35, 29.74146010, 95.12976941,  99.9
 55,  35, 29.73936583, 95.12721642,  99.9
 56,  35, 29.73725883, 95.12472466,   5.9
 57,  35, 29.73513865, 95.12229360,   5.9
 58,  35, 29.73300487, 95.11992274,  99.9
 59,  35, 29.73085704, 95.11761157,  99.9
 60,  35, 29.72869472, 95.11535963,  99.9
 61,  35, 29.72651746, 95.11316642,  99.9
 62,  35, 29.72432481, 95.11103150,  99.9
 63,  35, 29.72211631, 95.10895442,  99.9
 64,  35, 29.71989152, 95.10693475,  99.9
 65,  35, 29.71764996, 95.10497205,  99.9
 66,  35, 29.71539118, 95.10306592,  99.9
 67,  35, 29.71311471, 95.10121597,  99.9
 68,  35, 29.71082007, 95.09942179,  99.9
 69,  35, 29.70850680, 95.09768302,  99.9
 70,  35, 29.70617440, 95.09599929,  99.9
 71,  35, 29.70382241, 95.09437025,  99.9
 72,  35, 29.70145033, 95.09279555,  99.9
 73,  35, 29.69905766, 95.09127487,  99.9
 74,  35, 29.69664392, 95.08980789,  99.9
 75,  35, 29.69420860, 95.08839429,  99.9
 76,  35, 29.69175120, 95.08703378,  99.9
 77,  35, 29.68927121, 95.08572608,  99.9
 78,  35, 29.68676811, 95.08447091,  99.9
 79,  35, 29.68424138, 95.08326800,  99.9
 80,  35, 29.68169051, 95.08211711,  99.9
 81,  35, 29.67911495, 95.08101798,  99.9
 82,  35, 29.67651418, 95.07997039,  99.9
 83,  35, 29.67388765, 95.07897412,  99.9
 84,  35, 29.67123483, 95.07802895,  99.9
 85,  35, 29.66855515, 95.07713469,  99.9
 86,  35, 29.66584806, 95.07629115,  99.9
 87,  35, 29.66311301, 95.07549815,  99.9
 88,  35, 29.66034941, 95.07475551,  99.9
 89,  35, 29.65755670, 95.07406308,  99.9
 90,  35, 29.65473430, 95.07342072,  99.9
 91,  35, 29.65188162, 95.07282829,  99.9
 92,  35, 29.64899806, 95.07228565,  99.9
 93,  35, 29.64608303, 95.07179269,  99.9
 94,  35, 29.64313593, 95.07134932,  99.9
 95,  35, 29.64015613, 95.07095542,  99.9
 96,  35, 29.63714302, 95.07061092,   7.2
 97,  35, 29.63409597, 95.07031573,   7.2
 98,  35, 29.63101435, 95.07006980,   7.2
 99,  35, 29.62789752, 95.06987306,  99.9
100,  35, 29.62474482, 95.06972548,  99.9
101,  35, 29.62155561, 95.06962702,  99.9
102,  35, 29.61832922, 95.06957764,  99.9
103,  35, 29.61506498, 95.06957735,  99.9
104,  35, 29.61176220, 95.06962612,  99.9
105,  35, 29.60842021, 95.06972398,  99.9
106,  35, 29.60503829, 95.06987092,  99.9
107,  35, 29.60161577, 95.07006699,  99.9
108,  35, 29.59815191, 95.07031221,  99.9
109,  35, 29.59464599, 95.07060663,  99.9
110,  35, 29.59109730, 95.07095031,  99.9
111,  35, 29.58750508, 95.07134330,   7.3
112,  35, 29.58386859, 95.07178570,   7.3
113,  35, 29.58018708, 95.07227758,   7.3
114,  35, 29.57645978, 95.07281904,   7.3
115,  35, 29.57268590, 95.07341019,   7.3
116,  35, 29.56886467, 95.07405114,   7.3
117,  35, 29.56499528, 95.07474202,  99.9
118,  35, 29.56107694, 95.07548297,  99.9
119,  35, 29.55710883, 95.07627413,   7.4
120,  35, 29.55309011, 95.07711567,   7.4
121,  35, 29.54901995, 95.07800774,   7.4
122,  35, 29.54489751, 95.07895054,   7.4
123,  35, 29.54072192, 95.07994424,   7.4
124,  35, 29.53649232, 95.08098905,   7.4
125,  35, 29.53220782, 95.08208517,   7.4
126,  35, 29.52786753, 95.08323283,  99.9
127,  35, 29.52347054, 95.08443225,  99.9
128,  35, 29.51901594, 95.08568369,  99.9
129,  35, 29.51450281, 95.08698738,  99.9
130,  35, 29.50993019, 95.08834358,  99.9
131,  35, 29.50529714, 95.08975259,  99.9
132,  35, 29.50060269, 95.09121467,  99.9
133,  35, 29.49584585, 95.09273012,  99.9
134,  35, 29.49102565, 95.09429924,  99.9
135,  35, 29.48614108, 95.09592236,  99.9
136,  35, 29.48119111, 95.09759980,  99.9
137,  35, 29.47617471, 95.09933189,  99.9
138,  35, 29.47109084, 95.10111899,  99.9
139,  35, 29.46593843, 95.10296146,  99.9
140,  35, 29.46071642, 95.10485966,  99.9
141,  35, 29.45542372, 95.10681398,  99.9
142,  35, 29.45005921, 95.10882482,  99.9
143,  35, 29.44462178, 95.11089257,  99.9
144,  35, 29.43911030, 95.11301766,  99.9
145,  35, 29.43352361, 95.11520051,  99.9
146,  35, 29.42786055, 95.11744157,   7.2
147,  35, 29.42211994, 95.11974129,  99.9
148,  35, 29.41630059, 95.12210012,  99.9
149,  35, 29.41040127, 95.12451855,  99.9
150,  35, 29.40442075, 95.12699706,  99.9
151,  35, 29.39835780, 95.12953614,  99.9
152,  35, 29.39221113, 95.13213633,  99.9
153,  35, 29.38597948, 95.13479813,  99.9
154,  35, 29.37966153, 95.13752208,  99.9
155,  35, 29.37325597, 95.14030873,  99.9
156,  35, 29.36676147, 95.14315864,  99.9
157,  35, 29.36017666, 95.14607239,  99.9
158,  35, 29.35350018, 95.14905055,  99.9
159,  35, 29.34673063, 95.15209374,  99.9
160,  35, 29.33986659, 95.15520256,   7.6
161,  35, 29.33290663, 95.15837764,   7.6
162,  35, 29.32584930, 95.16161962,   7.6
163,  35, 29.31869313, 95.16492914,  99.9
164,  35, 29.31143661, 95.16830688,  99.9
165,  35, 29.30407824, 95.17175350,  99.9
166,  35, 29.29661649, 95.17526971,  99.9
167,  35, 29.28904978, 95.17885621,  99.9
168,  35, 29.28137654, 95.18251372,  99.9
169,  35, 29.27359516, 95.18624297,  99.9
170,  35, 29.26570403, 95.19004471,  99.9
171,  35, 29.25770149, 95.19391970,  99.9
172,  35, 29.24958588, 95.19786872,  99.9
173,  35, 29.24135548, 95.20189257,  99.9
174,  35, 29.23300860, 95.20599203,  10.0
175,  35, 29.22454347, 95.21016795,  10.1
176,  35, 29.21595834, 95.21442115,  10.2
177,  35, 29.20725140, 95.21875248,  10.3
178,  35, 29.19842085, 95.22316281,  10.3
179,  35, 29.18946482, 95.22765303,  10.3
180,  35, 29.18038146, 95.23222402,  10.3
181,  35, 29.17116886, 95.23687670,  10.3
182,  35, 29.16182510, 95.24161201,  10.1
183,  35, 29.15234822, 95.24643088,  10.0
184,  35, 29.14273624, 95.25133427,  10.0
185,  35, 29.13298715, 95.25632317,  10.1
186,  35, 29.12309892, 95.26139856,  10.1
187,  35, 29.11306948, 95.26656147,  10.0
188,  35, 29.10289672, 95.27181290,  10.0
189,  35, 29.09257852, 95.27715392,  10.1
190,  35, 29.08211273, 95.28258559,  10.1
191,  35, 29.07149715, 95.28810897,  10.2
192,  35, 29.06072956, 95.29372517,  10.3
193,  35, 29.04980772, 95.29943531,  10.2
194,  35, 29.03872933, 95.30524052,  10.2
195,  35, 29.02749208, 95.31114194,  10.2
196,  35, 29.01609361, 95.31714075,  10.2
197,  35, 29.00453155, 95.32323814,  10.3
198,  35, 28.99280347, 95.32943531,  99.9
199,  35, 28.98090692, 95.33573349,  99.9
200,  35, 28.96883941, 95.34213392,  99.9
201,  35, 28.95659841, 95.34863787,   9.8
202,  35, 28.94418136, 95.35524663,  99.9
203,  35, 28.93158566, 95.36196149,  99.9
204,  35, 28.91880867, 95.36878378,  99.9
205,  35, 28.90584772, 95.37571485,   8.7
206,  35, 28.89270010, 95.38275606,   8.7
207,  35, 28.87936305, 95.38990880,   8.7
208,  35, 28.86583377, 95.39717446,   8.6
209,  35, 28.85210945, 95.40455449,   8.5
210,  35, 28.83818719, 95.41205033,   8.4
211,  35, 28.82406409, 95.41966344,   8.3
212,  35, 28.80973718, 95.42739533,   8.1
213,  35, 28.79520347, 95.43524751,   8.0
214,  35, 28.78045991, 95.44322151,   7.8
215,  35, 28.76550340, 95.45131890,   7.7
216,  35, 28.75033083, 95.45954125,   7.5
217,  35, 28.73493900, 95.46789018,   7.4
218,  35, 28.71932469, 95.47636731,   7.2
219,  35, 28.70348463, 95.48497429,   7.1
220,  35, 28.68741550, 95.49371280,   6.9
221,  35, 28.67111392, 95.50258455,   6.7
222,  35, 28.65457649, 95.51159125,   6.6
223,  35, 28.63779973, 95.52073466,   6.4
224,  35, 28.62078013, 95.53001655,   6.2
225,  35, 28.60351411, 95.53943872,   6.0
226,  35, 28.58599806, 95.54900300,   5.7
227,  35, 28.56822831, 95.55871123,   5.5
228,  35, 28.55020112, 95.56856531,   5.3
229,  35, 28.53191271, 95.57856712,   5.0
230,  35, 28.51335925, 95.58871860,   4.8
231,  35, 28.49453684, 95.59902170,   4.5
232,  35, 28.47544154, 95.60947842,   4.2
233,  35, 28.45606933, 95.62009076,   3.9
234,  35, 28.43641616, 95.63086076,   3.6
235,  35, 28.41647789, 95.64179049,   3.3
236,  35, 28.39625035, 95.65288204,   3.0
237,  35, 28.37572928, 95.66413755,   2.6
238,  35, 28.35491038, 95.67555916,   2.3
239,  35, 28.33378927, 95.68714905,   2.1
240,  35, 28.31236153, 95.69890945,   2.0
241,  35, 28.29062265, 95.71084259,   1.9
  1,  36, 29.85102850, 95.36923353,  99.9
  2,  36, 29.84893442, 95.36231633,  99.9
  3,  36, 29.84684995, 95.35550955,  99.9
  4,  36, 29.84477468, 95.34881176,  99.9
  5,  36, 29.84270817, 95.34222155,  99.9
  6,  36, 29.84065003, 95.33573756,  99.9
  7,  36, 29.83859983, 95.32935842,  99.9
  8,  36, 29.83655717, 95.32308280,  99.9
  9,  36, 29.83452164, 95.31690938,  99.9
 10,  36, 29.83249282, 95.31083687,  99.9
 11,  36, 29.83047031, 95.30486401,  99.9
 12,  36, 29.82845370, 95.29898953,  99.9
 13,  36, 29.82644258, 95.29321222,  99.9
 14,  36, 29.82443656, 95.28753086,  99.9
 15,  36, 29.82243521, 95.28194426,  99.9
 16,  36, 29.82043814, 95.27645126,  99.9
 17,  36, 29.81844495, 95.27105071,  99.9
 18,  36, 29.81645523, 95.26574147,  99.9
 19,  36, 29.81446857, 95.26052244,  99.9
 20,  36, 29.81248458, 95.25539252,  99.9
 21,  36, 29.81050285, 95.25035065,  99.9
 22,  36, 29.80852298, 95.24539576,  99.9
 23,  36, 29.80654457, 95.24052681,  99.9
 24,  36, 29.80456721, 95.23574280,  99.9
 25,  36, 29.80259051, 95.23104273,  99.9
 26,  36, 29.80061406, 95.22642559,  99.9
 27,  36, 29.79863745, 95.22189045,  99.9
 28,  36, 29.79666029, 95.21743633,  99.9
 29,  36, 29.79468217, 95.21306232,  99.9
 30,  36, 29.79270268, 95.20876749,   5.2
 31,  36, 29.79072143, 95.20455095,   5.1
 32,  36, 29.78873801, 95.20041182,  99.9
 33,  36, 29.78675201, 95.19634924,  99.9
 34,  36, 29.78476303, 95.19236234,  99.9
 35,  36, 29.78277066, 95.18845031,  99.9
 36,  36, 29.78077449, 95.18461231,  99.9
 37,  36, 29.77877411, 95.18084755,  99.9
 38,  36, 29.77676911, 95.17715525,  99.9
 39,  36, 29.77475908, 95.17353462,  99.9
 40,  36, 29.77274362, 95.16998491,  99.9
 41,  36, 29.77072229, 95.16650538,  99.9
 42,  36, 29.76869470, 95.16309531,  99.9
 43,  36, 29.76666042, 95.15975397,  99.9
 44,  36, 29.76461903, 95.15648067,  99.9
 45,  36, 29.76257012, 95.15327473,  99.9
 46,  36, 29.76051327, 95.15013547,  99.9
 47,  36, 29.75844804, 95.14706224,  99.9
 48,  36, 29.75637402, 95.14405440,  99.9
 49,  36, 29.75429077, 95.14111131,  99.9
 50,  36, 29.75219788, 95.13823236,  99.9
 51,  36, 29.75009490, 95.13541695,  99.9
 52,  36, 29.74798141, 95.13266449,  99.9
 53,  36, 29.74585696, 95.12997441,  99.9
 54,  36, 29.74372112, 95.12734613,  99.9
 55,  36, 29.74157345, 95.12477912,  99.9
 56,  36, 29.73941351, 95.12227283,  99.9
 57,  36, 29.73724084, 95.11982673,   5.9
 58,  36, 29.73505501, 95.11744033,  99.9
 59,  36, 29.73285555, 95.11511311,  99.9
 60,  36, 29.73064202, 95.11284459,  99.9
 61,  36, 29.72841395, 95.11063430,  99.9
 62,  36, 29.72617089, 95.10848178,  99.9
 63,  36, 29.72391237, 95.10638656,  99.9
 64,  36, 29.72163792, 95.10434822,  99.9
 65,  36, 29.71934708, 95.10236632,  99.9
 66,  36, 29.71703937, 95.10044045,  99.9
 67,  36, 29.71471431, 95.09857021,  99.9
 68,  36, 29.71237141, 95.09675521,  99.9
 69,  36, 29.71001021, 95.09499506,  99.9
 70,  36, 29.70763019, 95.09328940,  99.9
 71,  36, 29.70523088, 95.09163786,  99.9
 72,  36, 29.70281178, 95.09004010,  99.9
 73,  36, 29.70037237, 95.08849580,  99.9
 74,  36, 29.69791217, 95.08700461,  99.9
 75,  36, 29.69543065, 95.08556623,  99.9
 76,  36, 29.69292730, 95.08418035,  99.9
 77,  36, 29.69040161, 95.08284670,  99.9
 78,  36, 29.68785305, 95.08156497,  99.9
 79,  36, 29.68528108, 95.08033491,  99.9
 80,  36, 29.68268519, 95.07915625,  99.9
 81,  36, 29.68006482, 95.07802876,  99.9
 82,  36, 29.67741943, 95.07695218,  99.9
 83,  36, 29.67474848, 95.07592629,  99.9
 84,  36, 29.67205140, 95.07495088,  99.9
 85,  36, 29.66932765, 95.07402573,  99.9
 86,  36, 29.66657665, 95.07315066,  99.9
 87,  36, 29.66379783, 95.07232548,  99.9
 88,  36, 29.66099062, 95.07155001,  99.9
 89,  36, 29.65815443, 95.07082409,  99.9
 90,  36, 29.65528866, 95.07014756,  99.9
 91,  36, 29.65239274, 95.06952028,  99.9
 92,  36, 29.64946605, 95.06894211,  99.9
 93,  36, 29.64650798, 95.06841294,  99.9
 94,  36, 29.64351793, 95.06793264,  99.9
 95,  36, 29.64049526, 95.06750111,  99.9
 96,  36, 29.63743936, 95.06711827,  99.9
 97,  36, 29.63434958, 95.06678402,  99.9
 98,  36, 29.63122528, 95.06649829,  99.9
 99,  36, 29.62806581, 95.06626102,  99.9
100,  36, 29.62487052, 95.06607215,  99.9
101,  36, 29.62163874, 95.06593165,  99.9
102,  36, 29.61836979, 95.06583947,  99.9
103,  36, 29.61506301, 95.06579560,  99.9
104,  36, 29.61171769, 95.06580001,  99.9
105,  36, 29.60833314, 95.06585271,  99.9
106,  36, 29.60490867, 95.06595371,  99.9
107,  36, 29.60144355, 95.06610301,   7.1
108,  36, 29.59793706, 95.06630064,  99.9
109,  36, 29.59438848, 95.06654665,  99.9
110,  36, 29.59079706, 95.06684107,  99.9
111,  36, 29.58716206, 95.06718396,  99.9
112,  36, 29.58348273, 95.06757539,   7.3
113,  36, 29.57975828, 95.06801544,   7.3
114,  36, 29.57598796, 95.06850418,   7.3
115,  36, 29.57217097, 95.06904171,   7.3
116,  36, 29.56830652, 95.06962815,   7.3
117,  36, 29.56439380, 95.07026360,   7.3
118,  36, 29.56043200, 95.07094819,   7.3
119,  36, 29.55642030, 95.07168206,   7.3
120,  36, 29.55235785, 95.07246535,   7.3
121,  36, 29.54824382, 95.07329822,   7.3
122,  36, 29.54407734, 95.07418083,   7.4
123,  36, 29.53985755, 95.07511337,   7.4
124,  36, 29.53558356, 95.07609601,   7.4
125,  36, 29.53125449, 95.07712896,   7.4
126,  36, 29.52686943, 95.07821242,  99.9
127,  36, 29.52242748, 95.07934660,  99.9
128,  36, 29.51792770, 95.08053174,  99.9
129,  36, 29.51336915, 95.08176807,  99.9
130,  36, 29.50875090, 95.08305585,  99.9
131,  36, 29.50407196, 95.08439532,  99.9
132,  36, 29.49933138, 95.08578677,  99.9
133,  36, 29.49452815, 95.08723046,  99.9
134,  36, 29.48966129, 95.08872670,  99.9
135,  36, 29.48472977, 95.09027577,  99.9
136,  36, 29.47973256, 95.09187800,  99.9
137,  36, 29.47466863, 95.09353370,  99.9
138,  36, 29.46953692, 95.09524321,  99.9
139,  36, 29.46433635, 95.09700687,  99.9
140,  36, 29.45906585, 95.09882504,  99.9
141,  36, 29.45372431, 95.10069809,  99.9
142,  36, 29.44831063, 95.10262638,  99.9
143,  36, 29.44282366, 95.10461032,  99.9
144,  36, 29.43726227, 95.10665029,  99.9
145,  36, 29.43162530, 95.10874671,   7.2
146,  36, 29.42591157, 95.11090001,   7.2
147,  36, 29.42011988, 95.11311061,  99.9
148,  36, 29.41424904, 95.11537896,  99.9
149,  36, 29.40829781, 95.11770552,  99.9
150,  36, 29.40226496, 95.12009076,  99.9
151,  36, 29.39614922, 95.12253515,  99.9
152,  36, 29.38994933, 95.12503919,  99.9
153,  36, 29.38366398, 95.12760339,  99.9
154,  36, 29.37729186, 95.13022825,  99.9
155,  36, 29.37083164, 95.13291431,  99.9
156,  36, 29.36428198, 95.13566211,  99.9
157,  36, 29.35764152, 95.13847220,  99.9
158,  36, 29.35090885, 95.14134515,  99.9
159,  36, 29.34408258, 95.14428152,  99.9
160,  36, 29.33716128, 95.14728192,  99.9
161,  36, 29.33014352, 95.15034695,  99.9
162,  36, 29.32302781, 95.15347722,   7.8
163,  36, 29.31581268, 95.15667336,   8.1
164,  36, 29.30849663, 95.15993602,   8.7
165,  36, 29.30107811, 95.16326584,  99.9
166,  36, 29.29355559, 95.16666350,  99.9
167,  36, 29.28592750, 95.17012967,  99.9
168,  36, 29.27819223, 95.17366507,  99.9
169,  36, 29.27034818, 95.17727038,  99.9
170,  36, 29.26239371, 95.18094634,  99.9
171,  36, 29.25432716, 95.18469368,  99.9
172,  36, 29.24614683, 95.18851315,  99.9
173,  36, 29.23785103, 95.19240552,  99.9
174,  36, 29.22943801, 95.19637157,  10.0
175,  36, 29.22090603, 95.20041209,  10.0
176,  36, 29.21225329, 95.20452789,  10.1
177,  36, 29.20347800, 95.20871978,  10.2
178,  36, 29.19457832, 95.21298862,  10.3
179,  36, 29.18555238, 95.21733525,  10.3
180,  36, 29.17639831, 95.22176054,  10.3
181,  36, 29.16711419, 95.22626538,  10.2
182,  36, 29.15769807, 95.23085066,  10.1
183,  36, 29.14814800, 95.23551729,  10.0
184,  36, 29.13846197, 95.24026622,   9.9
185,  36, 29.12863796, 95.24509838,   9.9
186,  36, 29.11867392, 95.25001473,   9.9
187,  36, 29.10856777, 95.25501626,   9.9
188,  36, 29.09831738, 95.26010396,   9.9
189,  36, 29.08792063, 95.26527884,   9.9
190,  36, 29.07737533, 95.27054193,  10.0
191,  36, 29.06667928, 95.27589427,  10.1
192,  36, 29.05583024, 95.28133694,  10.0
193,  36, 29.04482594, 95.28687100,  10.0
194,  36, 29.03366409, 95.29249756,  10.0
195,  36, 29.02234235, 95.29821774,  10.0
196,  36, 29.01085835, 95.30403265,  10.0
197,  36, 28.99920968, 95.30994346,  10.1
198,  36, 28.98739392, 95.31595134,  99.9
199,  36, 28.97540858, 95.32205747,  99.9
200,  36, 28.96325117, 95.32826306,  99.9
201,  36, 28.95091914, 95.33456934,   9.4
202,  36, 28.93840990, 95.34097755,  99.9
203,  36, 28.92572084, 95.34748895,   9.0
204,  36, 28.91284931, 95.35410483,   8.9
205,  36, 28.89979261, 95.36082648,   8.8
206,  36, 28.88654801, 95.36765525,   8.8
207,  36, 28.87311273, 95.37459246,   8.7
208,  36, 28.85948397, 95.38163948,   8.6
209,  36, 28.84565886, 95.38879769,   8.5
210,  36, 28.83163452, 95.39606850,   8.3
211,  36, 28.81740802, 95.40345334,   8.1
212,  36, 28.80297636, 95.41095365,   8.0
213,  36, 28.78833653, 95.41857091,   7.8
214,  36, 28.77348546, 95.42630659,   7.7
215,  36, 28.75842004, 95.43416222,   7.5
216,  36, 28.74313712, 95.44213933,   7.4
217,  36, 28.72763350, 95.45023947,   7.2
218,  36, 28.71190592, 95.45846423,   7.1
219,  36, 28.69595110, 95.46681520,   6.9
220,  36, 28.67976568, 95.47529402,   6.8
221,  36, 28.66334629, 95.48390234,   6.6
222,  36, 28.64668947, 95.49264182,   6.4
223,  36, 28.62979174, 95.50151416,   6.2
224,  36, 28.61264955, 95.51052109,   6.0
225,  36, 28.59525932, 95.51966435,   5.8
226,  36, 28.57761739, 95.52894571,   5.6
227,  36, 28.55972007, 95.53836696,   5.4
228,  36, 28.54156361, 95.54792993,   5.1
229,  36, 28.52314421, 95.55763647,   4.9
230,  36, 28.50445798, 95.56748844,   4.6
231,  36, 28.48550103, 95.57748775,   4.3
232,  36, 28.46626938, 95.58763631,   4.1
233,  36, 28.44675898, 95.59793609,   3.8
234,  36, 28.42696575, 95.60838905,   3.5
235,  36, 28.40688554, 95.61899720,   3.2
236,  36, 28.38651413, 95.62976259,   2.9
237,  36, 28.36584726, 95.64068726,   2.5
238,  36, 28.34488057, 95.65177331,   2.2
239,  36, 28.32360969, 95.66302285,   2.1
240,  36, 28.30203013, 95.67443804,   2.0
241,  36, 28.28013738, 95.68602104,   2.0
  1,  37, 29.85710194, 95.36676996,  99.9
  2,  37, 29.85491132, 95.35986480,  99.9
  3,  37, 29.85273155, 95.35306956,  99.9
  4,  37, 29.85056221, 95.34638282,  99.9
  5,  37, 29.84840284, 95.33980318,  99.9
  6,  37, 29.84625303, 95.33332927,  99.9
  7,  37, 29.84411233, 95.32695972,  99.9
  8,  37, 29.84198031, 95.32069321,  99.9
  9,  37, 29.83985655, 95.31452842,  99.9
 10,  37, 29.83774062, 95.30846407,  99.9
 11,  37, 29.83563210, 95.30249887,  99.9
 12,  37, 29.83353055, 95.29663160,  99.9
 13,  37, 29.83143555, 95.29086100,  99.9
 14,  37, 29.82934668, 95.28518588,  99.9
 15,  37, 29.82726352, 95.27960506,  99.9
 16,  37, 29.82518564, 95.27411735,  99.9
 17,  37, 29.82311262, 95.26872162,  99.9
 18,  37, 29.82104405, 95.26341673,  99.9
 19,  37, 29.81897951, 95.25820158,  99.9
 20,  37, 29.81691857, 95.25307507,  99.9
 21,  37, 29.81486081, 95.24803613,  99.9
 22,  37, 29.81280583, 95.24308370,  99.9
 23,  37, 29.81075319, 95.23821675,  99.9
 24,  37, 29.80870249, 95.23343427,  99.9
 25,  37, 29.80665330, 95.22873524,  99.9
 26,  37, 29.80460521, 95.22411870,  99.9
 27,  37, 29.80255779, 95.21958366,  99.9
 28,  37, 29.80051064, 95.21512919,  99.9
 29,  37, 29.79846334, 95.21075435,  99.9
 30,  37, 29.79641545, 95.20645822,   5.0
 31,  37, 29.79436658, 95.20223991,  99.9
 32,  37, 29.79231629, 95.19809854,  99.9
 33,  37, 29.79026417, 95.19403324,  99.9
 34,  37, 29.78820980, 95.19004315,  99.9
 35,  37, 29.78615276, 95.18612745,  99.9
 36,  37, 29.78409263, 95.18228532,  99.9
 37,  37, 29.78202897, 95.17851594,  99.9
 38,  37, 29.77996138, 95.17481854,  99.9
 39,  37, 29.77788943, 95.17119233,  99.9
 40,  37, 29.77581268, 95.16763657,  99.9
 41,  37, 29.77373072, 95.16415051,  99.9
 42,  37, 29.77164312, 95.16073341,  99.9
 43,  37, 29.76954944, 95.15738457,  99.9
 44,  37, 29.76744926, 95.15410328,  99.9
 45,  37, 29.76534215, 95.15088885,  99.9
 46,  37, 29.76322766, 95.14774062,  99.9
 47,  37, 29.76110538, 95.14465793,  99.9
 48,  37, 29.75897485, 95.14164013,  99.9
 49,  37, 29.75683564, 95.13868658,  99.9
 50,  37, 29.75468731, 95.13579668,  99.9
 51,  37, 29.75252941, 95.13296982,  99.9
 52,  37, 29.75036151, 95.13020540,  99.9
 53,  37, 29.74818314, 95.12750284,  99.9
 54,  37, 29.74599388, 95.12486159,  99.9
 55,  37, 29.74379325, 95.12228109,  99.9
 56,  37, 29.74158082, 95.11976079,  99.9
 57,  37, 29.73935611, 95.11730018,   5.9
 58,  37, 29.73711867, 95.11489873,  99.9
 59,  37, 29.73486805, 95.11255595,  99.9
 60,  37, 29.73260376, 95.11027134,  99.9
 61,  37, 29.73032535, 95.10804442,  99.9
 62,  37, 29.72803235, 95.10587474,  99.9
 63,  37, 29.72572427, 95.10376182,  99.9
 64,  37, 29.72340064, 95.10170524,  99.9
 65,  37, 29.72106099, 95.09970456,  99.9
 66,  37, 29.71870482, 95.09775936,  99.9
 67,  37, 29.71633165, 95.09586923,  99.9
 68,  37, 29.71394099, 95.09403378,  99.9
 69,  37, 29.71153234, 95.09225262,  99.9
 70,  37, 29.70910520, 95.09052538,  99.9
 71,  37, 29.70665907, 95.08885169,  99.9
 72,  37, 29.70419344, 95.08723121,  99.9
 73,  37, 29.70170781, 95.08566360,  99.9
 74,  37, 29.69920165, 95.08414852,  99.9
 75,  37, 29.69667444, 95.08268566,  99.9
 76,  37, 29.69412567, 95.08127471,  99.9
 77,  37, 29.69155480, 95.07991538,  99.9
 78,  37, 29.68896130, 95.07860737,  99.9
 79,  37, 29.68634464, 95.07735041,  99.9
 80,  37, 29.68370426, 95.07614425,  99.9
 81,  37, 29.68103962, 95.07498861,  99.9
 82,  37, 29.67835016, 95.07388327,  99.9
 83,  37, 29.67563534, 95.07282798,  99.9
 84,  37, 29.67289458, 95.07182253,  99.9
 85,  37, 29.67012732, 95.07086670,  99.9
 86,  37, 29.66733297, 95.06996029,  99.9
 87,  37, 29.66451097, 95.06910310,  99.9
 88,  37, 29.66166072, 95.06829496,  99.9
 89,  37, 29.65878163, 95.06753570,  99.9
 90,  37, 29.65587311, 95.06682515,  99.9
 91,  37, 29.65293454, 95.06616316,  99.9
 92,  37, 29.64996532, 95.06554959,  99.9
 93,  37, 29.64696483, 95.06498431,  99.9
 94,  37, 29.64393245, 95.06446719,  99.9
 95,  37, 29.64086754, 95.06399813,  99.9
 96,  37, 29.63776948, 95.06357703,  99.9
 97,  37, 29.63463760, 95.06320378,  99.9
 98,  37, 29.63147127, 95.06287832,  99.9
 99,  37, 29.62826983, 95.06260057,  99.9
100,  37, 29.62503260, 95.06237046,  99.9
101,  37, 29.62175892, 95.06218795,  99.9
102,  37, 29.61844810, 95.06205300,  99.9
103,  37, 29.61509945, 95.06196556,  99.9
104,  37, 29.61171229, 95.06192562,  99.9
105,  37, 29.60828589, 95.06193316,  99.9
106,  37, 29.60481956, 95.06198818,  99.9
107,  37, 29.60131257, 95.06209069,   7.1
108,  37, 29.59776418, 95.06224071,   7.2
109,  37, 29.59417367, 95.06243825,  99.9
110,  37, 29.59054027, 95.06268336,  99.9
111,  37, 29.58686325, 95.06297609,  99.9
112,  37, 29.58314182, 95.06331647,  99.9
113,  37, 29.57937522, 95.06370459,  99.9
114,  37, 29.57556266, 95.06414052,  99.9
115,  37, 29.57170335, 95.06462434,  99.9
116,  37, 29.56779648, 95.06515614,  99.9
117,  37, 29.56384124, 95.06573604,   7.3
118,  37, 29.55983681, 95.06636414,   7.3
119,  37, 29.55578235, 95.06704056,   7.3
120,  37, 29.55167702, 95.06776545,   7.3
121,  37, 29.54751996, 95.06853895,   7.3
122,  37, 29.54331030, 95.06936121,  99.9
123,  37, 29.53904718, 95.07023239,  99.9
124,  37, 29.53472969, 95.07115267,  99.9
125,  37, 29.53035695, 95.07212224,  99.9
126,  37, 29.52592804, 95.07314127,  99.9
127,  37, 29.52144203, 95.07420999,  99.9
128,  37, 29.51689800, 95.07532860,  99.9
129,  37, 29.51229499, 95.07649733,  99.9
130,  37, 29.50763205, 95.07771642,  99.9
131,  37, 29.50290820, 95.07898609,  99.9
132,  37, 29.49812247, 95.08030662,  99.9
133,  37, 29.49327384, 95.08167827,  99.9
134,  37, 29.48836132, 95.08310131,  99.9
135,  37, 29.48338387, 95.08457603,  99.9
136,  37, 29.47834047, 95.08610273,  99.9
137,  37, 29.47323005, 95.08768170,  99.9
138,  37, 29.46805156, 95.08931328,  99.9
139,  37, 29.46280390, 95.09099778,  99.9
140,  37, 29.45748600, 95.09273556,  99.9
141,  37, 29.45209674, 95.09452694,  99.9
142,  37, 29.44663499, 95.09637231,  99.9
143,  37, 29.44109963, 95.09827202,  99.9
144,  37, 29.43548948, 95.10022647,  99.9
145,  37, 29.42980339, 95.10223604,   7.2
146,  37, 29.42404016, 95.10430114,  99.9
147,  37, 29.41819860, 95.10642218,  99.9
148,  37, 29.41227749, 95.10859960,  99.9
149,  37, 29.40627558, 95.11083382,  99.9
150,  37, 29.40019164, 95.11312531,  99.9
151,  37, 29.39402439, 95.11547451,  99.9
152,  37, 29.38777254, 95.11788191,  99.9
153,  37, 29.38143479, 95.12034799,  99.9
154,  37, 29.37500981, 95.12287324,  99.9
155,  37, 29.36849628, 95.12545817,  99.9
156,  37, 29.36189282, 95.12810330,  99.9
157,  37, 29.35519806, 95.13080916,  99.9
158,  37, 29.34841060, 95.13357631,  99.9
159,  37, 29.34152903, 95.13640528,  99.9
160,  37, 29.33455190, 95.13929666,  99.9
161,  37, 29.32747777, 95.14225102,  99.9
162,  37, 29.32030516, 95.14526896,  99.9
163,  37, 29.31303257, 95.14835107,  99.9
164,  37, 29.30565848, 95.15149799,   8.7
165,  37, 29.29818135, 95.15471034,   8.9
166,  37, 29.29059962, 95.15798877,  99.9
167,  37, 29.28291171, 95.16133393,  99.9
168,  37, 29.27511602, 95.16474649,  99.9
169,  37, 29.26721091, 95.16822715,  99.9
170,  37, 29.25919473, 95.17177659,  99.9
171,  37, 29.25106582, 95.17539552,  99.9
172,  37, 29.24282247, 95.17908468,   9.5
173,  37, 29.23446297, 95.18284480,  99.9
174,  37, 29.22598556, 95.18667664,   9.4
175,  37, 29.21738848, 95.19058095,   9.9
176,  37, 29.20866993, 95.19455852,  10.0
177,  37, 29.19982808, 95.19861015,  10.0
178,  37, 29.19086111, 95.20273664,  10.1
179,  37, 29.18176712, 95.20693882,  10.1
180,  37, 29.17254422, 95.21121753,  10.1
181,  37, 29.16319048, 95.21557362,  10.1
182,  37, 29.15370395, 95.22000796,  10.1
183,  37, 29.14408265, 95.22452143,  99.9
184,  37, 29.13432457, 95.22911493,   9.8
185,  37, 29.12442766, 95.23378939,   9.8
186,  37, 29.11438986, 95.23854572,   9.8
187,  37, 29.10420908, 95.24338488,   9.8
188,  37, 29.09388317, 95.24830783,   9.8
189,  37, 29.08340999, 95.25331554,   9.9
190,  37, 29.07278735, 95.25840901,   9.9
191,  37, 29.06201303, 95.26358926,   9.9
192,  37, 29.05108476, 95.26885731,   9.8
193,  37, 29.04000028, 95.27421420,   9.8
194,  37, 29.02875726, 95.27966100,   9.8
195,  37, 29.01735335, 95.28519879,   9.8
196,  37, 29.00578616, 95.29082866,   9.9
197,  37, 28.99405329, 95.29655173,   9.9
198,  37, 28.98215226, 95.30236912,  99.9
199,  37, 28.97008061, 95.30828200,  99.9
200,  37, 28.95783579, 95.31429152,  99.9
201,  37, 28.94541525, 95.32039888,   9.1
202,  37, 28.93281639, 95.32660527,   9.1
203,  37, 28.92003658, 95.33291193,   9.0
204,  37, 28.90707314, 95.33932009,   8.9
205,  37, 28.89392337, 95.34583102,   8.8
206,  37, 28.88058450, 95.35244599,   8.8
207,  37, 28.86705374, 95.35916631,   8.7
208,  37, 28.85332828, 95.36599330,   8.5
209,  37, 28.83940523, 95.37292829,   8.3
210,  37, 28.82528168, 95.37997266,   8.2
211,  37, 28.81095468, 95.38712777,   8.0
212,  37, 28.79642122, 95.39439504,   7.9
213,  37, 28.78167826, 95.40177587,   7.7
214,  37, 28.76672273, 95.40927173,   7.5
215,  37, 28.75155148, 95.41688407,   7.4
216,  37, 28.73616134, 95.42461437,   7.2
217,  37, 28.72054908, 95.43246415,   7.1
218,  37, 28.70471145, 95.44043493,   6.9
219,  37, 28.68864512, 95.44852828,   6.8
220,  37, 28.67234673, 95.45674576,   6.6
221,  37, 28.65581286, 95.46508897,   6.4
222,  37, 28.63904006, 95.47355953,   6.2
223,  37, 28.62202480, 95.48215908,   6.0
224,  37, 28.60476352, 95.49088930,   5.8
225,  37, 28.58725262, 95.49975188,   5.6
226,  37, 28.56948841, 95.50874852,   5.4
227,  37, 28.55146718, 95.51788098,   5.2
228,  37, 28.53318515, 95.52715100,   5.0
229,  37, 28.51463849, 95.53656039,   4.7
230,  37, 28.49582331, 95.54611096,   4.5
231,  37, 28.47673567, 95.55580454,   4.2
232,  37, 28.45737157, 95.56564300,   4.0
233,  37, 28.43772695, 95.57562823,   3.7
234,  37, 28.41779770, 95.58576215,   3.4
235,  37, 28.39757962, 95.59604670,   3.1
236,  37, 28.37706849, 95.60648385,   2.8
237,  37, 28.35626000, 95.61707560,   2.4
238,  37, 28.33514979, 95.62782397,   2.2
239,  37, 28.31373344, 95.63873102,   2.1
240,  37, 28.29200645, 95.64979882,   2.0
241,  37, 28.26996426, 95.66102948,   2.0
  1,  38, 29.86316366, 95.36419503,  99.9
  2,  38, 29.86087695, 95.35730334,  99.9
  3,  38, 29.85860234, 95.35052106,  99.9
  4,  38, 29.85633937, 95.34384678,  99.9
  5,  38, 29.85408759, 95.33727908,  99.9
  6,  38, 29.85184654, 95.33081661,  99.9
  7,  38, 29.84961578, 95.32445799,  99.9
  8,  38, 29.84739485, 95.31820191,  99.9
  9,  38, 29.84518330, 95.31204704,  99.9
 10,  38, 29.84298070, 95.30599210,  99.9
 11,  38, 29.84078659, 95.30003583,  99.9
 12,  38, 29.83860053, 95.29417698,  99.9
 13,  38, 29.83642209, 95.28841431,  99.9
 14,  38, 29.83425081, 95.28274662,  99.9
 15,  38, 29.83208626, 95.27717273,  99.9
 16,  38, 29.82992800, 95.27169147,  99.9
 17,  38, 29.82777559, 95.26630169,  99.9
 18,  38, 29.82562860, 95.26100226,  99.9
 19,  38, 29.82348659, 95.25579208,  99.9
 20,  38, 29.82134913, 95.25067004,  99.9
 21,  38, 29.81921577, 95.24563509,  99.9
 22,  38, 29.81708609, 95.24068617,  99.9
 23,  38, 29.81495966, 95.23582223,  99.9
 24,  38, 29.81283603, 95.23104227,   4.1
 25,  38, 29.81071478, 95.22634529,   4.3
 26,  38, 29.80859547, 95.22173029,   4.4
 27,  38, 29.80647768, 95.21719632,   4.5
 28,  38, 29.80436096, 95.21274242,   4.7
 29,  38, 29.80224489, 95.20836766,   4.8
 30,  38, 29.80012903, 95.20407114,   4.9
 31,  38, 29.79801296, 95.19985194,  99.9
 32,  38, 29.79589623, 95.19570919,  99.9
 33,  38, 29.79377842, 95.19164202,  99.9
 34,  38, 29.79165909, 95.18764958,  99.9
 35,  38, 29.78953780, 95.18373103,  99.9
 36,  38, 29.78741413, 95.17988556,  99.9
 37,  38, 29.78528763, 95.17611236,  99.9
 38,  38, 29.78315787, 95.17241063,  99.9
 39,  38, 29.78102442, 95.16877961,  99.9
 40,  38, 29.77888683, 95.16521854,  99.9
 41,  38, 29.77674466, 95.16172667,  99.9
 42,  38, 29.77459748, 95.15830326,   5.2
 43,  38, 29.77244484, 95.15494761,   5.4
 44,  38, 29.77028630, 95.15165902,  99.9
 45,  38, 29.76812142, 95.14843679,  99.9
 46,  38, 29.76594974, 95.14528024,  99.9
 47,  38, 29.76377083, 95.14218873,  99.9
 48,  38, 29.76158424, 95.13916160,  99.9
 49,  38, 29.75938951, 95.13619822,  99.9
 50,  38, 29.75718619, 95.13329797,  99.9
 51,  38, 29.75497382, 95.13046023,  99.9
 52,  38, 29.75275196, 95.12768443,  99.9
 53,  38, 29.75052013, 95.12496998,  99.9
 54,  38, 29.74827789, 95.12231630,  99.9
 55,  38, 29.74602477, 95.11972285,  99.9
 56,  38, 29.74376029, 95.11718908,  99.9
 57,  38, 29.74148401, 95.11471446,   5.9
 58,  38, 29.73919543, 95.11229848,   5.9
 59,  38, 29.73689410, 95.10994062,  99.9
 60,  38, 29.73457954, 95.10764039,  99.9
 61,  38, 29.73225126, 95.10539732,  99.9
 62,  38, 29.72990878, 95.10321093,  99.9
 63,  38, 29.72755163, 95.10108076,  99.9
 64,  38, 29.72517931, 95.09900636,  99.9
 65,  38, 29.72279133, 95.09698732,  99.9
 66,  38, 29.72038719, 95.09502319,  99.9
 67,  38, 29.71796641, 95.09311357,  99.9
 68,  38, 29.71552847, 95.09125805,  99.9
 69,  38, 29.71307287, 95.08945626,  99.9
 70,  38, 29.71059911, 95.08770780,  99.9
 71,  38, 29.70810667, 95.08601232,  99.9
 72,  38, 29.70559504, 95.08436946,  99.9
 73,  38, 29.70306368, 95.08277887,  99.9
 74,  38, 29.70051209, 95.08124022,  99.9
 75,  38, 29.69793973, 95.07975319,  99.9
 76,  38, 29.69534606, 95.07831746,  99.9
 77,  38, 29.69273055, 95.07693274,  99.9
 78,  38, 29.69009265, 95.07559872,  99.9
 79,  38, 29.68743182, 95.07431513,  99.9
 80,  38, 29.68474751, 95.07308171,  99.9
 81,  38, 29.68203915, 95.07189818,  99.9
 82,  38, 29.67930619, 95.07076431,  99.9
 83,  38, 29.67654806, 95.06967984,  99.9
 84,  38, 29.67376418, 95.06864456,  99.9
 85,  38, 29.67095398, 95.06765825,  99.9
 86,  38, 29.66811687, 95.06672069,  99.9
 87,  38, 29.66525227, 95.06583168,  99.9
 88,  38, 29.66235957, 95.06499105,  99.9
 89,  38, 29.65943819, 95.06419860,  99.9
 90,  38, 29.65648750, 95.06345418,  99.9
 91,  38, 29.65350690, 95.06275762,  99.9
 92,  38, 29.65049577, 95.06210878,  99.9
 93,  38, 29.64745348, 95.06150751,  99.9
 94,  38, 29.64437940, 95.06095369,  99.9
 95,  38, 29.64127289, 95.06044720,  99.9
 96,  38, 29.63813330, 95.05998792,  99.9
 97,  38, 29.63495998, 95.05957577,  99.9
 98,  38, 29.63175228, 95.05921065,  99.9
 99,  38, 29.62850952, 95.05889248,  99.9
100,  38, 29.62523102, 95.05862118,  99.9
101,  38, 29.62191612, 95.05839671,  99.9
102,  38, 29.61856411, 95.05821900,  99.9
103,  38, 29.61517431, 95.05808802,  99.9
104,  38, 29.61174600, 95.05800374,  99.9
105,  38, 29.60827847, 95.05796613,  99.9
106,  38, 29.60477100, 95.05797517,   7.1
107,  38, 29.60122286, 95.05803088,   7.1
108,  38, 29.59763331, 95.05813325,   7.1
109,  38, 29.59400160, 95.05828229,  99.9
110,  38, 29.59032699, 95.05847805,  99.9
111,  38, 29.58660869, 95.05872054,  99.9
112,  38, 29.58284595, 95.05900982,  99.9
113,  38, 29.57903797, 95.05934595,  99.9
114,  38, 29.57518396, 95.05972897,  99.9
115,  38, 29.57128313, 95.06015898,  99.9
116,  38, 29.56733465, 95.06063605,  99.9
117,  38, 29.56333771, 95.06116027,   7.3
118,  38, 29.55929147, 95.06173176,   7.3
119,  38, 29.55519510, 95.06235061,   7.3
120,  38, 29.55104773, 95.06301696,  99.9
121,  38, 29.54684850, 95.06373093,   7.3
122,  38, 29.54259654, 95.06449267,  99.9
123,  38, 29.53829097, 95.06530232,  99.9
124,  38, 29.53393088, 95.06616006,  99.9
125,  38, 29.52951537, 95.06706604,  99.9
126,  38, 29.52504352, 95.06802046,  99.9
127,  38, 29.52051439, 95.06902349,  99.9
128,  38, 29.51592705, 95.07007535,  99.9
129,  38, 29.51128053, 95.07117624,  99.9
130,  38, 29.50657387, 95.07232639,  99.9
131,  38, 29.50180609, 95.07352601,  99.9
132,  38, 29.49697620, 95.07477536,  99.9
133,  38, 29.49208317, 95.07607469,  99.9
134,  38, 29.48712601, 95.07742425,  99.9
135,  38, 29.48210367, 95.07882432,  99.9
136,  38, 29.47701511, 95.08027517,  99.9
137,  38, 29.47185926, 95.08177711,  99.9
138,  38, 29.46663506, 95.08333042,  99.9
139,  38, 29.46134141, 95.08493543,  99.9
140,  38, 29.45597720, 95.08659245,  99.9
141,  38, 29.45054133, 95.08830183,  99.9
142,  38, 29.44503266, 95.09006389,  99.9
143,  38, 29.43945003, 95.09187900,   7.2
144,  38, 29.43379229, 95.09374753,   7.2
145,  38, 29.42805825, 95.09566984,   7.2
146,  38, 29.42224672, 95.09764633,  99.9
147,  38, 29.41635649, 95.09967739,  99.9
148,  38, 29.41038633, 95.10176343,  99.9
149,  38, 29.40433499, 95.10390487,  99.9
150,  38, 29.39820121, 95.10610214,  99.9
151,  38, 29.39198372, 95.10835568,  99.9
152,  38, 29.38568121, 95.11066595,  99.9
153,  38, 29.37929237, 95.11303341,  99.9
154,  38, 29.37281587, 95.11545854,  99.9
155,  38, 29.36625035, 95.11794182,  99.9
156,  38, 29.35959445, 95.12048375,  99.9
157,  38, 29.35284678, 95.12308485,  99.9
158,  38, 29.34600593, 95.12574564,  99.9
159,  38, 29.33907048, 95.12846664,  99.9
160,  38, 29.33203897, 95.13124841,  99.9
161,  38, 29.32490994, 95.13409151,  99.9
162,  38, 29.31768190, 95.13699651,  99.9
163,  38, 29.31035334, 95.13996398,  99.9
164,  38, 29.30292274, 95.14299453,  99.9
165,  38, 29.29538853, 95.14608877,   8.8
166,  38, 29.28774916, 95.14924730,  99.9
167,  38, 29.28000303, 95.15247078,  99.9
168,  38, 29.27214851, 95.15575983,  99.9
169,  38, 29.26418397, 95.15911513,   9.1
170,  38, 29.25610775, 95.16253734,  99.9
171,  38, 29.24791816, 95.16602715,  99.9
172,  38, 29.23961349, 95.16958526,   9.6
173,  38, 29.23119200, 95.17321238,   9.9
174,  38, 29.22265195, 95.17690923,   9.8
175,  38, 29.21399154, 95.18067655,   9.8
176,  38, 29.20520896, 95.18451510,   9.8
177,  38, 29.19630239, 95.18842565,   9.9
178,  38, 29.18726996, 95.19240897,   9.9
179,  38, 29.17810979, 95.19646586,   9.9
180,  38, 29.16881997, 95.20059713,  10.0
181,  38, 29.15939854, 95.20480361,  10.0
182,  38, 29.14984355, 95.20908612,  10.0
183,  38, 29.14015300, 95.21344553,   9.9
184,  38, 29.13032487, 95.21788271,   9.8
185,  38, 29.12035710, 95.22239853,   9.8
186,  38, 29.11024761, 95.22699389,   9.7
187,  38, 29.09999428, 95.23166972,   9.7
188,  38, 29.08959498, 95.23642694,   9.7
189,  38, 29.07904753, 95.24126649,   9.7
190,  38, 29.06834974, 95.24618933,   9.7
191,  38, 29.05749935, 95.25119645,   9.7
192,  38, 29.04649411, 95.25628883,   9.7
193,  38, 29.03533171, 95.26146749,   9.7
194,  38, 29.02400983, 95.26673345,   9.7
195,  38, 29.01252609, 95.27208776,   9.7
196,  38, 29.00087810, 95.27753147,   9.6
197,  38, 28.98906342, 95.28306566,   9.6
198,  38, 28.97707958, 95.28869143,   9.5
199,  38, 28.96492407, 95.29440988,   9.4
200,  38, 28.95259436, 95.30022215,   9.3
201,  38, 28.94008787, 95.30612938,   9.1
202,  38, 28.92740197, 95.31213274,   9.0
203,  38, 28.91453402, 95.31823341,   9.0
204,  38, 28.90148133, 95.32443259,   8.9
205,  38, 28.88824117, 95.33073151,   8.8
206,  38, 28.87481077, 95.33713139,   8.7
207,  38, 28.86118731, 95.34363350,   8.5
208,  38, 28.84736796, 95.35023912,   8.4
209,  38, 28.83334981, 95.35694953,   8.2
210,  38, 28.81912994, 95.36376607,   8.1
211,  38, 28.80470537, 95.37069006,   7.9
212,  38, 28.79007309, 95.37772285,   7.7
213,  38, 28.77523002, 95.38486583,   7.6
214,  38, 28.76017307, 95.39212039,   7.4
215,  38, 28.74489909, 95.39948795,   7.3
216,  38, 28.72940487, 95.40696994,   7.1
217,  38, 28.71368718, 95.41456783,   6.9
218,  38, 28.69774273, 95.42228309,   6.8
219,  38, 28.68156818, 95.43011722,   6.6
220,  38, 28.66516013, 95.43807176,   6.4
221,  38, 28.64851517, 95.44614825,   6.2
222,  38, 28.63162979, 95.45434824,   6.1
223,  38, 28.61450048, 95.46267335,   5.9
224,  38, 28.59712364, 95.47112517,   5.7
225,  38, 28.57949563, 95.47970534,   5.5
226,  38, 28.56161276, 95.48841553,   5.3
227,  38, 28.54347128, 95.49725742,   5.1
228,  38, 28.52506740, 95.50623272,   4.8
229,  38, 28.50639727, 95.51534314,   4.6
230,  38, 28.48745696, 95.52459046,   4.4
231,  38, 28.46824252, 95.53397645,   4.1
232,  38, 28.44874991, 95.54350292,   3.8
233,  38, 28.42897506, 95.55317169,   3.6
234,  38, 28.40891382, 95.56298462,   3.3
235,  38, 28.38856199, 95.57294360,   3.0
236,  38, 28.36791530, 95.58305052,   2.7
237,  38, 28.34696943, 95.59330732,   2.4
238,  38, 28.32571998, 95.60371596,   2.1
239,  38, 28.30416250, 95.61427843,   2.0
240,  38, 28.28229248, 95.62499674,   2.0
241,  38, 28.26010532, 95.63587292,   2.0
  1,  39, 29.86921241, 95.36150924,  99.9
  2,  39, 29.86683008, 95.35463247,  99.9
  3,  39, 29.86446109, 95.34786459,  99.9
  4,  39, 29.86210496, 95.34120415,  99.9
  5,  39, 29.85976123, 95.33464978,  99.9
  6,  39, 29.85742941, 95.32820009,  99.9
  7,  39, 29.85510905, 95.32185373,  99.9
  8,  39, 29.85279966, 95.31560938,  99.9
  9,  39, 29.85050078, 95.30946573,  99.9
 10,  39, 29.84821196, 95.30342148,  99.9
 11,  39, 29.84593272, 95.29747538,  99.9
 12,  39, 29.84366260, 95.29162617,  99.9
 13,  39, 29.84140116, 95.28587264,  99.9
 14,  39, 29.83914792, 95.28021357,  99.9
 15,  39, 29.83690243, 95.27464778,  99.9
 16,  39, 29.83466423, 95.26917411,  99.9
 17,  39, 29.83243288, 95.26379141,  99.9
 18,  39, 29.83020791, 95.25849855,  99.9
 19,  39, 29.82798888, 95.25329442,  99.9
 20,  39, 29.82577533, 95.24817794,  99.9
 21,  39, 29.82356682, 95.24314803,  99.9
 22,  39, 29.82136289, 95.23820365,  99.9
 23,  39, 29.81916309, 95.23334374,  99.9
 24,  39, 29.81696698, 95.22856731,   3.9
 25,  39, 29.81477411, 95.22387334,  99.9
 26,  39, 29.81258402, 95.21926086,  99.9
 27,  39, 29.81039628, 95.21472890,   4.5
 28,  39, 29.80821044, 95.21027651,  99.9
 29,  39, 29.80602604, 95.20590276,  99.9
 30,  39, 29.80384265, 95.20160673,  99.9
 31,  39, 29.80165981, 95.19738753,  99.9
 32,  39, 29.79947708, 95.19324427,  99.9
 33,  39, 29.79729401, 95.18917608,  99.9
 34,  39, 29.79511016, 95.18518212,  99.9
 35,  39, 29.79292507, 95.18126155,  99.9
 36,  39, 29.79073830, 95.17741354,  99.9
 37,  39, 29.78854939, 95.17363730,  99.9
 38,  39, 29.78635791, 95.16993202,  99.9
 39,  39, 29.78416340, 95.16629695,  99.9
 40,  39, 29.78196540, 95.16273131,  99.9
 41,  39, 29.77976347, 95.15923436,  99.9
 42,  39, 29.77755716, 95.15580536,   5.0
 43,  39, 29.77534600, 95.15244361,   5.6
 44,  39, 29.77312955, 95.14914840,   5.7
 45,  39, 29.77090735, 95.14591903,   5.8
 46,  39, 29.76867894, 95.14275483,  99.9
 47,  39, 29.76644386, 95.13965515,  99.9
 48,  39, 29.76420165, 95.13661932,  99.9
 49,  39, 29.76195185, 95.13364672,  99.9
 50,  39, 29.75969400, 95.13073673,  99.9
 51,  39, 29.75742762, 95.12788873,  99.9
 52,  39, 29.75515226, 95.12510213,  99.9
 53,  39, 29.75286743, 95.12237634,  99.9
 54,  39, 29.75057268, 95.11971080,  99.9
 55,  39, 29.74826753, 95.11710494,  99.9
 56,  39, 29.74595149, 95.11455822,  99.9
 57,  39, 29.74362409, 95.11207012,  99.9
 58,  39, 29.74128486, 95.10964010,   5.9
 59,  39, 29.73893330, 95.10726766,   5.9
 60,  39, 29.73656893, 95.10495230,  99.9
 61,  39, 29.73419126, 95.10269353,  99.9
 62,  39, 29.73179981, 95.10049089,  99.9
 63,  39, 29.72939406, 95.09834391,  99.9
 64,  39, 29.72697354, 95.09625215,  99.9
 65,  39, 29.72453773, 95.09421516,  99.9
 66,  39, 29.72208612, 95.09223251,  99.9
 67,  39, 29.71961823, 95.09030380,  99.9
 68,  39, 29.71713352, 95.08842861,  99.9
 69,  39, 29.71463149, 95.08660656,  99.9
 70,  39, 29.71211162, 95.08483726,  99.9
 71,  39, 29.70957339, 95.08312034,  99.9
 72,  39, 29.70701626, 95.08145544,  99.9
 73,  39, 29.70443972, 95.07984221,  99.9
 74,  39, 29.70184322, 95.07828031,  99.9
 75,  39, 29.69922623, 95.07676942,  99.9
 76,  39, 29.69658820, 95.07530921,  99.9
 77,  39, 29.69392859, 95.07389938,  99.9
 78,  39, 29.69124684, 95.07253964,  99.9
 79,  39, 29.68854240, 95.07122969,  99.9
 80,  39, 29.68581471, 95.06996927,  99.9
 81,  39, 29.68306320, 95.06875810,  99.9
 82,  39, 29.68028730, 95.06759594,  99.9
 83,  39, 29.67748643, 95.06648252,  99.9
 84,  39, 29.67466001, 95.06541763,  99.9
 85,  39, 29.67180746, 95.06440104,  99.9
 86,  39, 29.66892817, 95.06343253,  99.9
 87,  39, 29.66602157, 95.06251189,  99.9
 88,  39, 29.66308703, 95.06163894,  99.9
 89,  39, 29.66012395, 95.06081348,  99.9
 90,  39, 29.65713171, 95.06003535,  99.9
 91,  39, 29.65410970, 95.05930437,  99.9
 92,  39, 29.65105728, 95.05862039,  99.9
 93,  39, 29.64797382, 95.05798327,  99.9
 94,  39, 29.64485867, 95.05739286,  99.9
 95,  39, 29.64171120, 95.05684904,  99.9
 96,  39, 29.63853075, 95.05635170,  99.9
 97,  39, 29.63531665, 95.05590073,  99.9
 98,  39, 29.63206823, 95.05549603,  99.9
 99,  39, 29.62878483, 95.05513751,  99.9
100,  39, 29.62546575, 95.05482509,  99.9
101,  39, 29.62211031, 95.05455870,   7.2
102,  39, 29.61871781, 95.05433829,   7.2
103,  39, 29.61528755, 95.05416380,  99.9
104,  39, 29.61181880, 95.05403519,  99.9
105,  39, 29.60831085, 95.05395243,   7.1
106,  39, 29.60476297, 95.05391551,   7.1
107,  39, 29.60117442, 95.05392440,   7.1
108,  39, 29.59754445, 95.05397910,   7.1
109,  39, 29.59387231, 95.05407963,   7.1
110,  39, 29.59015723, 95.05422599,  99.9
111,  39, 29.58639845, 95.05441822,  99.9
112,  39, 29.58259516, 95.05465634,  99.9
113,  39, 29.57874660, 95.05494040,  99.9
114,  39, 29.57485194, 95.05527045,  99.9
115,  39, 29.57091040, 95.05564656,   7.2
116,  39, 29.56692113, 95.05606880,   7.2
117,  39, 29.56288331, 95.05653725,   7.2
118,  39, 29.55879611, 95.05705201,   7.3
119,  39, 29.55465866, 95.05761316,   7.3
120,  39, 29.55047012, 95.05822083,  99.9
121,  39, 29.54622960, 95.05887514,  99.9
122,  39, 29.54193622, 95.05957620,  99.9
123,  39, 29.53758909, 95.06032417,  99.9
124,  39, 29.53318730, 95.06111919,  99.9
125,  39, 29.52872993, 95.06196142,  99.9
126,  39, 29.52421607, 95.06285102,  99.9
127,  39, 29.51964476, 95.06378817,  99.9
128,  39, 29.51501505, 95.06477307,  99.9
129,  39, 29.51032599, 95.06580590,  99.9
130,  39, 29.50557659, 95.06688687,  99.9
131,  39, 29.50076586, 95.06801621,  99.9
132,  39, 29.49589280, 95.06919413,  99.9
133,  39, 29.49095639, 95.07042087,  99.9
134,  39, 29.48595561, 95.07169669,  99.9
135,  39, 29.48088942, 95.07302182,  99.9
136,  39, 29.47575675, 95.07439654,  99.9
137,  39, 29.47055654, 95.07582113,  99.9
138,  39, 29.46528771, 95.07729587,  99.9
139,  39, 29.45994915, 95.07882106,  99.9
140,  39, 29.45453976, 95.08039700,  99.9
141,  39, 29.44905840, 95.08202402,  99.9
142,  39, 29.44350394, 95.08370243,   7.2
143,  39, 29.43787521, 95.08543257,   7.2
144,  39, 29.43217104, 95.08721480,  99.9
145,  39, 29.42639024, 95.08904947,  99.9
146,  39, 29.42053161, 95.09093694,  99.9
147,  39, 29.41459393, 95.09287761,  99.9
148,  39, 29.40857595, 95.09487186,  99.9
149,  39, 29.40247643, 95.09692008,  99.9
150,  39, 29.39629408, 95.09902270,  99.9
151,  39, 29.39002763, 95.10118013,  99.9
152,  39, 29.38367576, 95.10339280,  99.9
153,  39, 29.37723715, 95.10566117,  99.9
154,  39, 29.37071046, 95.10798569,  99.9
155,  39, 29.36409432, 95.11036682,  99.9
156,  39, 29.35738736, 95.11280505,  99.9
157,  39, 29.35058818, 95.11530086,  99.9
158,  39, 29.34369535, 95.11785475,  99.9
159,  39, 29.33670744, 95.12046724,  99.9
160,  39, 29.32962300, 95.12313885,  99.9
161,  39, 29.32244053, 95.12587011,  99.9
162,  39, 29.31515856, 95.12866159,  99.9
163,  39, 29.30777555, 95.13151382,  99.9
164,  39, 29.30028996, 95.13442740,  99.9
165,  39, 29.29270024, 95.13740289,   8.6
166,  39, 29.28500480, 95.14044091,   9.3
167,  39, 29.27720204, 95.14354205,  99.9
168,  39, 29.26929032, 95.14670693,   9.2
169,  39, 29.26126799, 95.14993620,   9.2
170,  39, 29.25313338, 95.15323050,   9.2
171,  39, 29.24488480, 95.15659048,   9.5
172,  39, 29.23652052, 95.16001683,   9.6
173,  39, 29.22803879, 95.16351021,   9.6
174,  39, 29.21943785, 95.16707135,   9.7
175,  39, 29.21071589, 95.17070093,   9.6
176,  39, 29.20187110, 95.17439970,   9.7
177,  39, 29.19290164, 95.17816838,   9.7
178,  39, 29.18380562, 95.18200774,   9.8
179,  39, 29.17458116, 95.18591853,   9.8
180,  39, 29.16522631, 95.18990154,   9.8
181,  39, 29.15573914, 95.19395755,   9.8
182,  39, 29.14611766, 95.19808739,   9.8
183,  39, 29.13635985, 95.20229187,   9.8
184,  39, 29.12646369, 95.20657183,   9.7
185,  39, 29.11642710, 95.21092812,   9.7
186,  39, 29.10624800, 95.21536161,   9.7
187,  39, 29.09592424, 95.21987317,   9.6
188,  39, 29.08545368, 95.22446371,   9.6
189,  39, 29.07483413, 95.22913414,   9.6
190,  39, 29.06406338, 95.23388538,   9.6
191,  39, 29.05313916, 95.23871838,   9.6
192,  39, 29.04205920, 95.24363409,   9.5
193,  39, 29.03082118, 95.24863349,   9.5
194,  39, 29.01942276, 95.25371757,   9.5
195,  39, 29.00786156, 95.25888733,   9.5
196,  39, 28.99613515, 95.26414381,   9.4
197,  39, 28.98424108, 95.26948803,   9.4
198,  39, 28.97217688, 95.27492105,   9.4
199,  39, 28.95994002, 95.28044395,   9.3
200,  39, 28.94752795, 95.28605782,   9.2
201,  39, 28.93493806, 95.29176376,   9.1
202,  39, 28.92216773, 95.29756290,   9.0
203,  39, 28.90921428, 95.30345638,   8.9
204,  39, 28.89607502, 95.30944537,   8.8
205,  39, 28.88274718, 95.31553103,   8.7
206,  39, 28.86922799, 95.32171456,   8.5
207,  39, 28.85551462, 95.32799719,   8.4
208,  39, 28.84160421, 95.33438014,   8.2
209,  39, 28.82749383, 95.34086466,   8.1
210,  39, 28.81318055, 95.34745203,   7.9
211,  39, 28.79866137, 95.35414353,   7.8
212,  39, 28.78393325, 95.36094048,   7.6
213,  39, 28.76899311, 95.36784421,   7.4
214,  39, 28.75383782, 95.37485606,   7.3
215,  39, 28.73846423, 95.38197740,   7.1
216,  39, 28.72286910, 95.38920962,   6.9
217,  39, 28.70704918, 95.39655413,   6.8
218,  39, 28.69100116, 95.40401237,   6.6
219,  39, 28.67472168, 95.41158577,   6.4
220,  39, 28.65820733, 95.41927582,   6.3
221,  39, 28.64145467, 95.42708402,   6.1
222,  39, 28.62446017, 95.43501186,   5.9
223,  39, 28.60722029, 95.44306090,   5.7
224,  39, 28.58973142, 95.45123268,   5.5
225,  39, 28.57198989, 95.45952880,   5.3
226,  39, 28.55399200, 95.46795085,   5.1
227,  39, 28.53573398, 95.47650047,   4.9
228,  39, 28.51721200, 95.48517930,   4.7
229,  39, 28.49842219, 95.49398901,   4.5
230,  39, 28.47936061, 95.50293130,   4.2
231,  39, 28.46002327, 95.51200790,   4.0
232,  39, 28.44040612, 95.52122054,   3.7
233,  39, 28.42050506, 95.53057100,   3.5
234,  39, 28.40031591, 95.54006106,   3.2
235,  39, 28.37983445, 95.54969255,   2.9
236,  39, 28.35905639, 95.55946731,   2.6
237,  39, 28.33797738, 95.56938721,   2.3
238,  39, 28.31659300, 95.57945413,   2.1
239,  39, 28.29489878, 95.58967001,   2.0
240,  39, 28.27289016, 95.60003678,   2.0
241,  39, 28.25056253, 95.61055642,   2.0
  1,  40, 29.87524691, 95.35871314,  99.9
  2,  40, 29.87276945, 95.35185274,  99.9
  3,  40, 29.87030657, 95.34510066,  99.9
  4,  40, 29.86785777, 95.33845547,  99.9
  5,  40, 29.86542257, 95.33191579,  99.9
  6,  40, 29.86300047, 95.32548024,  99.9
  7,  40, 29.86059097, 95.31914748,  99.9
  8,  40, 29.85819360, 95.31291617,  99.9
  9,  40, 29.85580787, 95.30678501,  99.9
 10,  40, 29.85343330, 95.30075272,  99.9
 11,  40, 29.85106940, 95.29481803,  99.9
 12,  40, 29.84871570, 95.28897970,  99.9
 13,  40, 29.84637172, 95.28323650,  99.9
 14,  40, 29.84403698, 95.27758724,  99.9
 15,  40, 29.84171101, 95.27203072,  99.9
 16,  40, 29.83939335, 95.26656578,  99.9
 17,  40, 29.83708351, 95.26119129,  99.9
 18,  40, 29.83478102, 95.25590610,  99.9
 19,  40, 29.83248543, 95.25070913,  99.9
 20,  40, 29.83019626, 95.24559927,  99.9
 21,  40, 29.82791304, 95.24057546,  99.9
 22,  40, 29.82563531, 95.23563664,  99.9
 23,  40, 29.82336261, 95.23078179,   3.6
 24,  40, 29.82109447, 95.22600988,   3.8
 25,  40, 29.81883043, 95.22131992,  99.9
 26,  40, 29.81657002, 95.21671091,  99.9
 27,  40, 29.81431279, 95.21218191,  99.9
 28,  40, 29.81205827, 95.20773196,  99.9
 29,  40, 29.80980600, 95.20336013,  99.9
 30,  40, 29.80755552, 95.19906550,  99.9
 31,  40, 29.80530637, 95.19484717,  99.9
 32,  40, 29.80305809, 95.19070427,  99.9
 33,  40, 29.80081022, 95.18663592,  99.9
 34,  40, 29.79856229, 95.18264127,  99.9
 35,  40, 29.79631385, 95.17871949,  99.9
 36,  40, 29.79406444, 95.17486976,  99.9
 37,  40, 29.79181358, 95.17109126,  99.9
 38,  40, 29.78956083, 95.16738322,  99.9
 39,  40, 29.78730571, 95.16374485,  99.9
 40,  40, 29.78504777, 95.16017539,  99.9
 41,  40, 29.78278653, 95.15667409,  99.9
 42,  40, 29.78052154, 95.15324022,  99.9
 43,  40, 29.77825233, 95.14987307,  99.9
 44,  40, 29.77597842, 95.14657193,  99.9
 45,  40, 29.77369936, 95.14333610,   5.9
 46,  40, 29.77141468, 95.14016492,   6.0
 47,  40, 29.76912389, 95.13705771,   6.1
 48,  40, 29.76682653, 95.13401382,   6.1
 49,  40, 29.76452213, 95.13103263,   6.1
 50,  40, 29.76221021, 95.12811350,   6.1
 51,  40, 29.75989030, 95.12525582,   6.1
 52,  40, 29.75756190, 95.12245900,   6.1
 53,  40, 29.75522456, 95.11972245,  99.9
 54,  40, 29.75287777, 95.11704560,  99.9
 55,  40, 29.75052106, 95.11442789,  99.9
 56,  40, 29.74815394, 95.11186876,  99.9
 57,  40, 29.74577592, 95.10936769,  99.9
 58,  40, 29.74338651, 95.10692414,   5.9
 59,  40, 29.74098521, 95.10453761,   5.9
 60,  40, 29.73857153, 95.10220761,  99.9
 61,  40, 29.73614497, 95.09993363,  99.9
 62,  40, 29.73370502, 95.09771520,  99.9
 63,  40, 29.73125119, 95.09555186,  99.9
 64,  40, 29.72878296, 95.09344316,  99.9
 65,  40, 29.72629982, 95.09138865,  99.9
 66,  40, 29.72380126, 95.08938791,  99.9
 67,  40, 29.72128677, 95.08744051,  99.9
 68,  40, 29.71875581, 95.08554604,  99.9
 69,  40, 29.71620786, 95.08370411,  99.9
 70,  40, 29.71364241, 95.08191433,  99.9
 71,  40, 29.71105890, 95.08017633,  99.9
 72,  40, 29.70845682, 95.07848974,  99.9
 73,  40, 29.70583562, 95.07685421,  99.9
 74,  40, 29.70319476, 95.07526939,  99.9
 75,  40, 29.70053368, 95.07373496,  99.9
 76,  40, 29.69785184, 95.07225058,  99.9
 77,  40, 29.69514868, 95.07081595,  99.9
 78,  40, 29.69242364, 95.06943077,  99.9
 79,  40, 29.68967615, 95.06809474,  99.9
 80,  40, 29.68690565, 95.06680758,  99.9
 81,  40, 29.68411155, 95.06556902,  99.9
 82,  40, 29.68129329, 95.06437881,  99.9
 83,  40, 29.67845026, 95.06323669,  99.9
 84,  40, 29.67558189, 95.06214241,  99.9
 85,  40, 29.67268757, 95.06109576,  99.9
 86,  40, 29.66976671, 95.06009650,  99.9
 87,  40, 29.66681870, 95.05914443,  99.9
 88,  40, 29.66384293, 95.05823934,  99.9
 89,  40, 29.66083877, 95.05738105,  99.9
 90,  40, 29.65780561, 95.05656936,  99.9
 91,  40, 29.65474280, 95.05580412,  99.9
 92,  40, 29.65164973, 95.05508515,  99.9
 93,  40, 29.64852574, 95.05441231,  99.9
 94,  40, 29.64537018, 95.05378544,  99.9
 95,  40, 29.64218240, 95.05320442,  99.9
 96,  40, 29.63896174, 95.05266912,  99.9
 97,  40, 29.63570752, 95.05217942,  99.9
 98,  40, 29.63241907, 95.05173523,  99.9
 99,  40, 29.62909570, 95.05133643,  99.9
100,  40, 29.62573673, 95.05098296,  99.9
101,  40, 29.62234145, 95.05067472,  99.9
102,  40, 29.61890916, 95.05041165,   7.1
103,  40, 29.61543915, 95.05019369,   7.1
104,  40, 29.61193069, 95.05002079,   7.1
105,  40, 29.60838305, 95.04989292,   7.1
106,  40, 29.60479549, 95.04981003,   7.1
107,  40, 29.60116727, 95.04977211,   7.1
108,  40, 29.59749764, 95.04977914,   7.1
109,  40, 29.59378582, 95.04983113,   7.1
110,  40, 29.59003105, 95.04992808,  99.9
111,  40, 29.58623255, 95.05006999,  99.9
112,  40, 29.58238952, 95.05025691,  99.9
113,  40, 29.57850116, 95.05048885,  99.9
114,  40, 29.57456667, 95.05076587,   7.2
115,  40, 29.57058522, 95.05108801,   7.2
116,  40, 29.56655599, 95.05145534,  99.9
117,  40, 29.56247813, 95.05186793,   7.2
118,  40, 29.55835081, 95.05232585,   7.2
119,  40, 29.55417315, 95.05282920,   7.2
120,  40, 29.54994430, 95.05337808,   7.2
121,  40, 29.54566336, 95.05397259,  99.9
122,  40, 29.54132945, 95.05461284,  99.9
123,  40, 29.53694166, 95.05529897,  99.9
124,  40, 29.53249908, 95.05603112,  99.9
125,  40, 29.52800079, 95.05680942,  99.9
126,  40, 29.52344584, 95.05763403,  99.9
127,  40, 29.51883330, 95.05850511,  99.9
128,  40, 29.51416219, 95.05942285,  99.9
129,  40, 29.50943155, 95.06038742,  99.9
130,  40, 29.50464038, 95.06139901,  99.9
131,  40, 29.49978770, 95.06245782,  99.9
132,  40, 29.49487249, 95.06356408,  99.9
133,  40, 29.48989372, 95.06471799,  99.9
134,  40, 29.48485036, 95.06591980,  99.9
135,  40, 29.47974136, 95.06716973,  99.9
136,  40, 29.47456565, 95.06846805,  99.9
137,  40, 29.46932216, 95.06981501,  99.9
138,  40, 29.46400979, 95.07121088,  99.9
139,  40, 29.45862743, 95.07265594,  99.9
140,  40, 29.45317396, 95.07415049,  99.9
141,  40, 29.44764825, 95.07569481,   7.2
142,  40, 29.44204915, 95.07728923,   7.2
143,  40, 29.43637548, 95.07893406,  99.9
144,  40, 29.43062606, 95.08062963,  99.9
145,  40, 29.42479970, 95.08237629,  99.9
146,  40, 29.41889518, 95.08417438,  99.9
147,  40, 29.41291127, 95.08602426,  99.9
148,  40, 29.40684672, 95.08792631,  99.9
149,  40, 29.40070027, 95.08988090,  99.9
150,  40, 29.39447064, 95.09188844,  99.9
151,  40, 29.38815653, 95.09394933,  99.9
152,  40, 29.38175661, 95.09606397,  99.9
153,  40, 29.37526956, 95.09823279,  99.9
154,  40, 29.36869403, 95.10045623,  99.9
155,  40, 29.36202863, 95.10273473,  99.9
156,  40, 29.35527199, 95.10506876,  99.9
157,  40, 29.34842270, 95.10745878,  99.9
158,  40, 29.34147931, 95.10990526,  99.9
159,  40, 29.33444039, 95.11240871,  99.9
160,  40, 29.32730448, 95.11496962,  99.9
161,  40, 29.32007007, 95.11758851,  99.9
162,  40, 29.31273566, 95.12026590,  99.9
163,  40, 29.30529972, 95.12300233,  99.9
164,  40, 29.29776070, 95.12579834,  99.9
165,  40, 29.29011702, 95.12865450,   8.8
166,  40, 29.28236710, 95.13157138,   9.0
167,  40, 29.27450931, 95.13454957,  99.9
168,  40, 29.26654202, 95.13758966,   9.0
169,  40, 29.25846356, 95.14069225,   9.2
170,  40, 29.25027225, 95.14385797,   9.2
171,  40, 29.24196637, 95.14708746,   9.3
172,  40, 29.23354420, 95.15038135,   9.5
173,  40, 29.22500398, 95.15374031,   9.5
174,  40, 29.21634392, 95.15716501,   9.5
175,  40, 29.20756221, 95.16065613,   9.5
176,  40, 29.19865703, 95.16421437,   9.5
177,  40, 29.18962652, 95.16784044,   9.6
178,  40, 29.18046879, 95.17153506,   9.6
179,  40, 29.17118192, 95.17529898,   9.6
180,  40, 29.16176399, 95.17913293,   9.7
181,  40, 29.15221302, 95.18303769,   9.7
182,  40, 29.14252702, 95.18701403,   9.7
183,  40, 29.13270397, 95.19106274,   9.7
184,  40, 29.12274181, 95.19518463,   9.6
185,  40, 29.11263848, 95.19938052,   9.6
186,  40, 29.10239185, 95.20365125,   9.6
187,  40, 29.09199978, 95.20799765,   9.6
188,  40, 29.08146012, 95.21242060,   9.5
189,  40, 29.07077065, 95.21692098,   9.5
190,  40, 29.05992914, 95.22149967,   9.5
191,  40, 29.04893334, 95.22615759,   9.4
192,  40, 29.03778093, 95.23089565,   9.4
193,  40, 29.02646961, 95.23571480,   9.4
194,  40, 29.01499699, 95.24061600,   9.3
195,  40, 29.00336068, 95.24560020,   9.3
196,  40, 28.99155826, 95.25066839,   9.2
197,  40, 28.97958726, 95.25582159,   9.2
198,  40, 28.96744518, 95.26106080,   9.2
199,  40, 28.95512947, 95.26638706,   9.2
200,  40, 28.94263757, 95.27180142,   9.1
201,  40, 28.92996687, 95.27730495,   9.0
202,  40, 28.91711472, 95.28289873,   8.9
203,  40, 28.90407843, 95.28858386,   8.8
204,  40, 28.89085528, 95.29436146,   8.6
205,  40, 28.87744250, 95.30023268,   8.5
206,  40, 28.86383730, 95.30619865,   8.3
207,  40, 28.85003682, 95.31226056,   8.2
208,  40, 28.83603819, 95.31841958,   8.1
209,  40, 28.82183847, 95.32467694,   7.9
210,  40, 28.80743471, 95.33103386,   7.8
211,  40, 28.79282388, 95.33749157,   7.6
212,  40, 28.77800293, 95.34405134,   7.5
213,  40, 28.76296877, 95.35071447,   7.3
214,  40, 28.74771825, 95.35748223,   7.1
215,  40, 28.73224818, 95.36435597,   7.0
216,  40, 28.71655532, 95.37133701,   6.8
217,  40, 28.70063641, 95.37842672,   6.6
218,  40, 28.68448810, 95.38562648,   6.5
219,  40, 28.66810701, 95.39293768,   6.3
220,  40, 28.65148973, 95.40036175,   6.1
221,  40, 28.63463278, 95.40790013,   6.0
222,  40, 28.61753262, 95.41555429,   5.8
223,  40, 28.60018569, 95.42332570,   5.6
224,  40, 28.58258836, 95.43121587,   5.4
225,  40, 28.56473693, 95.43922632,   5.2
226,  40, 28.54662769, 95.44735861,   5.0
227,  40, 28.52825683, 95.45561431,   4.8
228,  40, 28.50962051, 95.46399499,   4.6
229,  40, 28.49071485, 95.47250229,   4.4
230,  40, 28.47153587, 95.48113784,   4.1
231,  40, 28.45207956, 95.48990330,   3.9
232,  40, 28.43234186, 95.49880035,   3.6
233,  40, 28.41231862, 95.50783070,   3.4
234,  40, 28.39200567, 95.51699608,   3.1
235,  40, 28.37139875, 95.52629824,   2.8
236,  40, 28.35049354, 95.53573897,   2.5
237,  40, 28.32928567, 95.54532007,   2.3
238,  40, 28.30777069, 95.55504336,   2.1
239,  40, 28.28594411, 95.56491070,   2.0
240,  40, 28.26380136, 95.57492396,   2.0
241,  40, 28.24133778, 95.58508506,   2.0
  1,  41, 29.88126590, 95.35580729,  99.9
  2,  41, 29.87869382, 95.34896470,  99.9
  3,  41, 29.87613756, 95.34222983,  99.9
  4,  41, 29.87359660, 95.33560129,  99.9
  5,  41, 29.87107043, 95.32907767,  99.9
  6,  41, 29.86855853, 95.32265761,  99.9
  7,  41, 29.86606041, 95.31633977,  99.9
  8,  41, 29.86357556, 95.31012281,  99.9
  9,  41, 29.86110346, 95.30400543,  99.9
 10,  41, 29.85864363, 95.29798636,  99.9
 11,  41, 29.85619556, 95.29206433,  99.9
 12,  41, 29.85375876, 95.28623809,  99.9
 13,  41, 29.85133273, 95.28050644,  99.9
 14,  41, 29.84891698, 95.27486816,  99.9
 15,  41, 29.84651102, 95.26932207,  99.9
 16,  41, 29.84411436, 95.26386702,  99.9
 17,  41, 29.84172651, 95.25850186,  99.9
 18,  41, 29.83934698, 95.25322546,  99.9
 19,  41, 29.83697530, 95.24803672,  99.9
 20,  41, 29.83461098, 95.24293455,  99.9
 21,  41, 29.83225353, 95.23791789,  99.9
 22,  41, 29.82990248, 95.23298568,   3.2
 23,  41, 29.82755734, 95.22813689,   3.4
 24,  41, 29.82521764, 95.22337051,  99.9
 25,  41, 29.82288289, 95.21868553,  99.9
 26,  41, 29.82055263, 95.21408097,  99.9
 27,  41, 29.81822638, 95.20955588,  99.9
 28,  41, 29.81590365, 95.20510930,  99.9
 29,  41, 29.81358397, 95.20074030,  99.9
 30,  41, 29.81126688, 95.19644796,  99.9
 31,  41, 29.80895188, 95.19223140,  99.9
 32,  41, 29.80663852, 95.18808972,  99.9
 33,  41, 29.80432630, 95.18402206,  99.9
 34,  41, 29.80201477, 95.18002756,  99.9
 35,  41, 29.79970345, 95.17610540,  99.9
 36,  41, 29.79739185, 95.17225474,  99.9
 37,  41, 29.79507951, 95.16847479,  99.9
 38,  41, 29.79276595, 95.16476475,  99.9
 39,  41, 29.79045070, 95.16112384,  99.9
 40,  41, 29.78813327, 95.15755130,  99.9
 41,  41, 29.78581320, 95.15404639,  99.9
 42,  41, 29.78349001, 95.15060838,  99.9
 43,  41, 29.78116320, 95.14723653,  99.9
 44,  41, 29.77883232, 95.14393015,  99.9
 45,  41, 29.77649687, 95.14068854,  99.9
 46,  41, 29.77415638, 95.13751103,  99.9
 47,  41, 29.77181036, 95.13439694,  99.9
 48,  41, 29.76945834, 95.13134564,  99.9
 49,  41, 29.76709981, 95.12835647,  99.9
 50,  41, 29.76473431, 95.12542882,  99.9
 51,  41, 29.76236133, 95.12256207,  99.9
 52,  41, 29.75998039, 95.11975561,   6.1
 53,  41, 29.75759101, 95.11700888,   6.1
 54,  41, 29.75519267, 95.11432127,  99.9
 55,  41, 29.75278490, 95.11169225,  99.9
 56,  41, 29.75036718, 95.10912124,  99.9
 57,  41, 29.74793903, 95.10660773,  99.9
 58,  41, 29.74549994, 95.10415117,   6.0
 59,  41, 29.74304940, 95.10175106,  99.9
 60,  41, 29.74058691, 95.09940689,  99.9
 61,  41, 29.73811196, 95.09711817,  99.9
 62,  41, 29.73562403, 95.09488442,  99.9
 63,  41, 29.73312262, 95.09270518,  99.9
 64,  41, 29.73060720, 95.09057998,  99.9
 65,  41, 29.72807725, 95.08850839,  99.9
 66,  41, 29.72553225, 95.08648996,  99.9
 67,  41, 29.72297167, 95.08452428,  99.9
 68,  41, 29.72039498, 95.08261093,  99.9
 69,  41, 29.71780165, 95.08074951,  99.9
 70,  41, 29.71519114, 95.07893963,  99.9
 71,  41, 29.71256291, 95.07718092,  99.9
 72,  41, 29.70991641, 95.07547299,  99.9
 73,  41, 29.70725110, 95.07381550,  99.9
 74,  41, 29.70456641, 95.07220810,  99.9
 75,  41, 29.70186180, 95.07065044,  99.9
 76,  41, 29.69913671, 95.06914220,  99.9
 77,  41, 29.69639056, 95.06768307,  99.9
 78,  41, 29.69362279, 95.06627274,  99.9
 79,  41, 29.69083283, 95.06491090,  99.9
 80,  41, 29.68802009, 95.06359729,  99.9
 81,  41, 29.68518399, 95.06233160,  99.9
 82,  41, 29.68232394, 95.06111359,  99.9
 83,  41, 29.67943935, 95.05994300,  99.9
 84,  41, 29.67652962, 95.05881957,  99.9
 85,  41, 29.67359414, 95.05774307,  99.9
 86,  41, 29.67063231, 95.05671328,  99.9
 87,  41, 29.66764351, 95.05572997,  99.9
 88,  41, 29.66462711, 95.05479295,  99.9
 89,  41, 29.66158250, 95.05390200,  99.9
 90,  41, 29.65850904, 95.05305694,  99.9
 91,  41, 29.65540608, 95.05225759,  99.9
 92,  41, 29.65227300, 95.05150379,  99.9
 93,  41, 29.64910912, 95.05079537,  99.9
 94,  41, 29.64591380, 95.05013218,  99.9
 95,  41, 29.64268638, 95.04951407,  99.9
 96,  41, 29.63942617, 95.04894093,  99.9
 97,  41, 29.63613251, 95.04841262,  99.9
 98,  41, 29.63280471, 95.04792902,  99.9
 99,  41, 29.62944207, 95.04749005,  99.9
100,  41, 29.62604390, 95.04709559,  99.9
101,  41, 29.62260948, 95.04674557,  99.9
102,  41, 29.61913812, 95.04643990,  99.9
103,  41, 29.61562907, 95.04617852,  99.9
104,  41, 29.61208162, 95.04596137,   7.1
105,  41, 29.60849503, 95.04578841,   7.1
106,  41, 29.60486854, 95.04565958,   7.1
107,  41, 29.60120141, 95.04557486,   7.1
108,  41, 29.59749287, 95.04553423,   7.1
109,  41, 29.59374214, 95.04553768,   7.1
110,  41, 29.58994846, 95.04558519,   7.2
111,  41, 29.58611103, 95.04567678,   7.2
112,  41, 29.58222904, 95.04581245,   7.2
113,  41, 29.57830170, 95.04599224,   7.2
114,  41, 29.57432818, 95.04621617,   7.2
115,  41, 29.57030766, 95.04648428,  99.9
116,  41, 29.56623930, 95.04679663,  99.9
117,  41, 29.56212226, 95.04715327,   7.2
118,  41, 29.55795567, 95.04755428,   7.2
119,  41, 29.55373867, 95.04799972,   7.2
120,  41, 29.54947037, 95.04848969,   7.2
121,  41, 29.54514991, 95.04902429,  99.9
122,  41, 29.54077636, 95.04960361,  99.9
123,  41, 29.53634882, 95.05022777,  99.9
124,  41, 29.53186638, 95.05089689,  99.9
125,  41, 29.52732809, 95.05161111,  99.9
126,  41, 29.52273300, 95.05237056,  99.9
127,  41, 29.51808018, 95.05317541,  99.9
128,  41, 29.51336863, 95.05402580,  99.9
129,  41, 29.50859739, 95.05492191,  99.9
130,  41, 29.50376546, 95.05586391,  99.9
131,  41, 29.49887183, 95.05685200,  99.9
132,  41, 29.49391548, 95.05788637,  99.9
133,  41, 29.48889538, 95.05896722,  99.9
134,  41, 29.48381049, 95.06009478,  99.9
135,  41, 29.47865974, 95.06126927,  99.9
136,  41, 29.47344206, 95.06249092,  99.9
137,  41, 29.46815636, 95.06375997,  99.9
138,  41, 29.46280155, 95.06507669,  99.9
139,  41, 29.45737650, 95.06644134,  99.9
140,  41, 29.45188009, 95.06785419,   7.2
141,  41, 29.44631117, 95.06931552,   7.2
142,  41, 29.44066858, 95.07082562,  99.9
143,  41, 29.43495114, 95.07238481,  99.9
144,  41, 29.42915767, 95.07399338,  99.9
145,  41, 29.42328695, 95.07565168,  99.9
146,  41, 29.41733776, 95.07736001,  99.9
147,  41, 29.41130886, 95.07911874,  99.9
148,  41, 29.40519900, 95.08092821,  99.9
149,  41, 29.39900689, 95.08278879,  99.9
150,  41, 29.39273126, 95.08470085,  99.9
151,  41, 29.38637078, 95.08666477,  99.9
152,  41, 29.37992414, 95.08868095,  99.9
153,  41, 29.37339000, 95.09074979,  99.9
154,  41, 29.36676698, 95.09287170,  99.9
155,  41, 29.36005370, 95.09504712,  99.9
156,  41, 29.35324878, 95.09727648,  99.9
157,  41, 29.34635078, 95.09956023,  99.9
158,  41, 29.33935828, 95.10189882,  99.9
159,  41, 29.33226980, 95.10429273,  99.9
160,  41, 29.32508388, 95.10674242,  99.9
161,  41, 29.31779901, 95.10924841,  99.9
162,  41, 29.31041368, 95.11181118,  99.9
163,  41, 29.30292635, 95.11443124,  99.9
164,  41, 29.29533545, 95.11710914,  99.9
165,  41, 29.28763940, 95.11984540,  99.9
166,  41, 29.27983659, 95.12264056,   8.6
167,  41, 29.27192540, 95.12549520,   8.6
168,  41, 29.26390418, 95.12840987,  99.9
169,  41, 29.25577125, 95.13138517,  99.9
170,  41, 29.24752492, 95.13442168,   9.2
171,  41, 29.23916346, 95.13752003,   9.2
172,  41, 29.23068514, 95.14068081,   9.3
173,  41, 29.22208818, 95.14390468,   9.4
174,  41, 29.21337078, 95.14719226,   9.4
175,  41, 29.20453114, 95.15054422,   9.4
176,  41, 29.19556740, 95.15396122,   9.4
177,  41, 29.18647770, 95.15744395,   9.5
178,  41, 29.17726014, 95.16099311,   9.5
179,  41, 29.16791279, 95.16460939,   9.5
180,  41, 29.15843370, 95.16829352,   9.5
181,  41, 29.14882090, 95.17204624,   9.5
182,  41, 29.13907238, 95.17586829,   9.6
183,  41, 29.12918610, 95.17976043,   9.6
184,  41, 29.11916000, 95.18372343,   9.5
185,  41, 29.10899198, 95.18775809,   9.5
186,  41, 29.09867994, 95.19186520,   9.5
187,  41, 29.08822170, 95.19604559,   9.5
188,  41, 29.07761509, 95.20030008,   9.4
189,  41, 29.06685790, 95.20462951,   9.4
190,  41, 29.05594787, 95.20903474,   9.4
191,  41, 29.04488274, 95.21351666,   9.3
192,  41, 29.03366018, 95.21807614,   9.3
193,  41, 29.02227786, 95.22271408,   9.2
194,  41, 29.01073340, 95.22743142,   9.2
195,  41, 28.99902439, 95.23222907,   9.1
196,  41, 28.98714838, 95.23710799,   9.1
197,  41, 28.97510289, 95.24206914,   9.1
198,  41, 28.96288541, 95.24711350,   9.1
199,  41, 28.95049339, 95.25224207,   9.0
200,  41, 28.93792423, 95.25745585,   8.9
201,  41, 28.92517531, 95.26275588,   8.8
202,  41, 28.91224397, 95.26814320,   8.7
203,  41, 28.89912750, 95.27361887,   8.5
204,  41, 28.88582318, 95.27918396,   8.4
205,  41, 28.87232820, 95.28483957,   8.3
206,  41, 28.85863977, 95.29058681,   8.1
207,  41, 28.84475501, 95.29642681,   8.0
208,  41, 28.83067102, 95.30236071,   7.9
209,  41, 28.81638487, 95.30838967,   7.7
210,  41, 28.80189357, 95.31451489,   7.6
211,  41, 28.78719408, 95.32073754,   7.4
212,  41, 28.77228334, 95.32705886,   7.3
213,  41, 28.75715822, 95.33348008,   7.1
214,  41, 28.74181558, 95.34000245,   7.0
215,  41, 28.72625220, 95.34662724,   6.8
216,  41, 28.71046482, 95.35335574,   6.7
217,  41, 28.69445015, 95.36018926,   6.5
218,  41, 28.67820485, 95.36712914,   6.3
219,  41, 28.66172550, 95.37417672,   6.2
220,  41, 28.64500868, 95.38133337,   6.0
221,  41, 28.62805087, 95.38860049,   5.8
222,  41, 28.61084854, 95.39597947,   5.6
223,  41, 28.59339810, 95.40347174,   5.4
224,  41, 28.57569588, 95.41107877,   5.2
225,  41, 28.55773819, 95.41880202,   5.1
226,  41, 28.53952128, 95.42664297,   4.9
227,  41, 28.52104132, 95.43460315,   4.7
228,  41, 28.50229447, 95.44268409,   4.5
229,  41, 28.48327679, 95.45088734,   4.2
230,  41, 28.46398431, 95.45921448,   4.0
231,  41, 28.44441299, 95.46766711,   3.8
232,  41, 28.42455874, 95.47624686,   3.5
233,  41, 28.40441741, 95.48495537,   3.3
234,  41, 28.38398477, 95.49379431,   3.0
235,  41, 28.36325656, 95.50276537,   2.8
236,  41, 28.34222844, 95.51187027,   2.5
237,  41, 28.32089601, 95.52111073,   2.2
238,  41, 28.29925481, 95.53048854,   2.1
239,  41, 28.27730029, 95.54000546,   2.0
240,  41, 28.25502788, 95.54966332,   2.0
241,  41, 28.23243291, 95.55946394,   2.0
  1,  42, 29.88726812, 95.35279228,  99.9
  2,  42, 29.88460195, 95.34596893,  99.9
  3,  42, 29.88195284, 95.33925270,  99.9
  4,  42, 29.87932024, 95.33264218,  99.9
  5,  42, 29.87670362, 95.32613600,  99.9
  6,  42, 29.87410246, 95.31973277,  99.9
  7,  42, 29.87151622, 95.31343117,  99.9
  8,  42, 29.86894439, 95.30722986,  99.9
  9,  42, 29.86638645, 95.30112756,  99.9
 10,  42, 29.86384186, 95.29512296,  99.9
 11,  42, 29.86131013, 95.28921483,  99.9
 12,  42, 29.85879073, 95.28340192,  99.9
 13,  42, 29.85628315, 95.27768300,  99.9
 14,  42, 29.85378689, 95.27205689,  99.9
 15,  42, 29.85130143, 95.26652240,  99.9
 16,  42, 29.84882627, 95.26107837,  99.9
 17,  42, 29.84636090, 95.25572366,  99.9
 18,  42, 29.84390483, 95.25045716,  99.9
 19,  42, 29.84145755, 95.24527774,  99.9
 20,  42, 29.83901857, 95.24018434,  99.9
 21,  42, 29.83658738, 95.23517587,   3.1
 22,  42, 29.83416348, 95.23025130,   3.1
 23,  42, 29.83174640, 95.22540960,  99.9
 24,  42, 29.82933562, 95.22064973,  99.9
 25,  42, 29.82693066, 95.21597072,  99.9
 26,  42, 29.82453103, 95.21137157,  99.9
 27,  42, 29.82213623, 95.20685134,  99.9
 28,  42, 29.81974577, 95.20240906,  99.9
 29,  42, 29.81735917, 95.19804380,  99.9
 30,  42, 29.81497593, 95.19375467,  99.9
 31,  42, 29.81259557, 95.18954074,  99.9
 32,  42, 29.81021760, 95.18540115,  99.9
 33,  42, 29.80784153, 95.18133503,  99.9
 34,  42, 29.80546687, 95.17734152,  99.9
 35,  42, 29.80309314, 95.17341979,  99.9
 36,  42, 29.80071984, 95.16956902,  99.9
 37,  42, 29.79834650, 95.16578840,  99.9
 38,  42, 29.79597262, 95.16207714,  99.9
 39,  42, 29.79359771, 95.15843446,  99.9
 40,  42, 29.79122128, 95.15485960,  99.9
 41,  42, 29.78884285, 95.15135181,  99.9
 42,  42, 29.78646193, 95.14791036,  99.9
 43,  42, 29.78407802, 95.14453452,  99.9
 44,  42, 29.78169064, 95.14122359,  99.9
 45,  42, 29.77929929, 95.13797688,  99.9
 46,  42, 29.77690348, 95.13479371,  99.9
 47,  42, 29.77450272, 95.13167340,  99.9
 48,  42, 29.77209651, 95.12861532,  99.9
 49,  42, 29.76968435, 95.12561880,  99.9
 50,  42, 29.76726575, 95.12268324,  99.9
 51,  42, 29.76484021, 95.11980801,  99.9
 52,  42, 29.76240722, 95.11699251,  99.9
 53,  42, 29.75996628, 95.11423616,   6.0
 54,  42, 29.75751690, 95.11153837,  99.9
 55,  42, 29.75505856, 95.10889858,  99.9
 56,  42, 29.75259075, 95.10631624,  99.9
 57,  42, 29.75011297, 95.10379081,  99.9
 58,  42, 29.74762470, 95.10132175,   6.0
 59,  42, 29.74512543, 95.09890856,   6.0
 60,  42, 29.74261464, 95.09655072,  99.9
 61,  42, 29.74009181, 95.09424774,  99.9
 62,  42, 29.73755642, 95.09199914,  99.9
 63,  42, 29.73500795, 95.08980445,  99.9
 64,  42, 29.73244586, 95.08766320,  99.9
 65,  42, 29.72986963, 95.08557496,  99.9
 66,  42, 29.72727872, 95.08353927,  99.9
 67,  42, 29.72467259, 95.08155572,  99.9
 68,  42, 29.72205071, 95.07962389,  99.9
 69,  42, 29.71941253, 95.07774337,  99.9
 70,  42, 29.71675751, 95.07591378,  99.9
 71,  42, 29.71408509, 95.07413471,  99.9
 72,  42, 29.71139472, 95.07240581,  99.9
 73,  42, 29.70868585, 95.07072671,  99.9
 74,  42, 29.70595790, 95.06909705,  99.9
 75,  42, 29.70321032, 95.06751650,  99.9
 76,  42, 29.70044254, 95.06598473,  99.9
 77,  42, 29.69765397, 95.06450140,  99.9
 78,  42, 29.69484405, 95.06306621,  99.9
 79,  42, 29.69201218, 95.06167886,  99.9
 80,  42, 29.68915779, 95.06033906,  99.9
 81,  42, 29.68628027, 95.05904652,  99.9
 82,  42, 29.68337904, 95.05780097,  99.9
 83,  42, 29.68045348, 95.05660215,  99.9
 84,  42, 29.67750300, 95.05544980,  99.9
 85,  42, 29.67452697, 95.05434369,  99.9
 86,  42, 29.67152478, 95.05328358,  99.9
 87,  42, 29.66849580, 95.05226925,  99.9
 88,  42, 29.66543942, 95.05130048,  99.9
 89,  42, 29.66235498, 95.05037706,  99.9
 90,  42, 29.65924186, 95.04949881,  99.9
 91,  42, 29.65609940, 95.04866553,  99.9
 92,  42, 29.65292694, 95.04787705,  99.9
 93,  42, 29.64972384, 95.04713320,  99.9
 94,  42, 29.64648943, 95.04643383,  99.9
 95,  42, 29.64322302, 95.04577878,  99.9
 96,  42, 29.63992395, 95.04516791,  99.9
 97,  42, 29.63659153, 95.04460109,  99.9
 98,  42, 29.63322506, 95.04407821,  99.9
 99,  42, 29.62982385, 95.04359914,  99.9
100,  42, 29.62638718, 95.04316379,  99.9
101,  42, 29.62291435, 95.04277206,  99.9
102,  42, 29.61940462, 95.04242386,  99.9
103,  42, 29.61585728, 95.04211912,  99.9
104,  42, 29.61227158, 95.04185778,   7.1
105,  42, 29.60864677, 95.04163976,   7.1
106,  42, 29.60498210, 95.04146503,   7.1
107,  42, 29.60127681, 95.04133354,   7.1
108,  42, 29.59753014, 95.04124525,   7.1
109,  42, 29.59374128, 95.04120016,   7.1
110,  42, 29.58990947, 95.04119823,   7.1
111,  42, 29.58603390, 95.04123947,   7.1
112,  42, 29.58211377, 95.04132389,  99.9
113,  42, 29.57814826, 95.04145148,  99.9
114,  42, 29.57413654, 95.04162228,  99.9
115,  42, 29.57007778, 95.04183632,  99.9
116,  42, 29.56597113, 95.04209363,  99.9
117,  42, 29.56181575, 95.04239426,   7.2
118,  42, 29.55761076, 95.04273827,   7.2
119,  42, 29.55335528, 95.04312572,   7.2
120,  42, 29.54904844, 95.04355669,   7.2
121,  42, 29.54468934, 95.04403126,   7.2
122,  42, 29.54027706, 95.04454953,  99.9
123,  42, 29.53581069, 95.04511160,  99.9
124,  42, 29.53128931, 95.04571757,  99.9
125,  42, 29.52671196, 95.04636756,  99.9
126,  42, 29.52207769, 95.04706171,  99.9
127,  42, 29.51738555, 95.04780016,  99.9
128,  42, 29.51263454, 95.04858304,  99.9
129,  42, 29.50782369, 95.04941051,  99.9
130,  42, 29.50295199, 95.05028274,  99.9
131,  42, 29.49801842, 95.05119990,  99.9
132,  42, 29.49302196, 95.05216217,  99.9
133,  42, 29.48796157, 95.05316975,  99.9
134,  42, 29.48283619, 95.05422283,  99.9
135,  42, 29.47764476, 95.05532164,  99.9
136,  42, 29.47238619, 95.05646638,  99.9
137,  42, 29.46705938, 95.05765728,  99.9
138,  42, 29.46166324, 95.05889459,  99.9
139,  42, 29.45619662, 95.06017854,   7.1
140,  42, 29.45065840, 95.06150941,   7.1
141,  42, 29.44504743, 95.06288745,  99.9
142,  42, 29.43936252, 95.06431294,  99.9
143,  42, 29.43360250, 95.06578617,  99.9
144,  42, 29.42776616, 95.06730742,  99.9
145,  42, 29.42185229, 95.06887702,  99.9
146,  42, 29.41585966, 95.07049526,  99.9
147,  42, 29.40978702, 95.07216248,  99.9
148,  42, 29.40363310, 95.07387901,  99.9
149,  42, 29.39739662, 95.07564520,  99.9
150,  42, 29.39107628, 95.07746139,  99.9
151,  42, 29.38467076, 95.07932796,  99.9
152,  42, 29.37817873, 95.08124527,  99.9
153,  42, 29.37159883, 95.08321371,  99.9
154,  42, 29.36492970, 95.08523368,  99.9
155,  42, 29.35816993, 95.08730558,  99.9
156,  42, 29.35131813, 95.08942982,  99.9
157,  42, 29.34437285, 95.09160684,  99.9
158,  42, 29.33733267, 95.09383707,  99.9
159,  42, 29.33019610, 95.09612095,  99.9
160,  42, 29.32296166, 95.09845894,  99.9
161,  42, 29.31562784, 95.10085152,  99.9
162,  42, 29.30819312, 95.10329915,  99.9
163,  42, 29.30065593, 95.10580234,  99.9
164,  42, 29.29301471, 95.10836158,  99.9
165,  42, 29.28526787, 95.11097738,  99.9
166,  42, 29.27741379, 95.11365027,   8.7
167,  42, 29.26945083, 95.11638078,   9.0
168,  42, 29.26137733, 95.11916946,   9.0
169,  42, 29.25319161, 95.12201687,   9.0
170,  42, 29.24489196, 95.12492357,   9.1
171,  42, 29.23647664, 95.12789015,   9.1
172,  42, 29.22794391, 95.13091720,   9.2
173,  42, 29.21929198, 95.13400532,   9.3
174,  42, 29.21051905, 95.13715513,   9.3
175,  42, 29.20162329, 95.14036726,   9.3
176,  42, 29.19260284, 95.14364234,   9.4
177,  42, 29.18345582, 95.14698104,   9.4
178,  42, 29.17418032, 95.15038402,   9.4
179,  42, 29.16477441, 95.15385195,   9.4
180,  42, 29.15523612, 95.15738553,   9.4
181,  42, 29.14556346, 95.16098546,   9.4
182,  42, 29.13575442, 95.16465246,   9.5
183,  42, 29.12580695, 95.16838725,   9.5
184,  42, 29.11571896, 95.17219058,   9.5
185,  42, 29.10548837, 95.17606320,   9.4
186,  42, 29.09511302, 95.18000589,   9.4
187,  42, 29.08459076, 95.18401943,   9.4
188,  42, 29.07391939, 95.18810460,   9.3
189,  42, 29.06309669, 95.19226223,   9.3
190,  42, 29.05212038, 95.19649314,   9.2
191,  42, 29.04098819, 95.20079816,   9.2
192,  42, 29.02969778, 95.20517815,   9.2
193,  42, 29.01824681, 95.20963398,   9.1
194,  42, 29.00663287, 95.21416652,   9.1
195,  42, 28.99485355, 95.21877668,   9.0
196,  42, 28.98290639, 95.22346536,   9.0
197,  42, 28.97078889, 95.22823348,   9.0
198,  42, 28.95849852, 95.23308200,   8.9
199,  42, 28.94603271, 95.23801186,   8.8
200,  42, 28.93338887, 95.24302404,   8.7
201,  42, 28.92056434, 95.24811953,   8.6
202,  42, 28.90755646, 95.25329933,   8.5
203,  42, 28.89436251, 95.25856445,   8.3
204,  42, 28.88097973, 95.26391593,   8.2
205,  42, 28.86740532, 95.26935483,   8.1
206,  42, 28.85363646, 95.27488221,   8.0
207,  42, 28.83967025, 95.28049915,   7.8
208,  42, 28.82550380, 95.28620676,   7.7
209,  42, 28.81113413, 95.29200616,   7.6
210,  42, 28.79655825, 95.29789847,   7.4
211,  42, 28.78177311, 95.30388486,   7.3
212,  42, 28.76677562, 95.30996649,   7.1
213,  42, 28.75156264, 95.31614455,   7.0
214,  42, 28.73613101, 95.32242024,   6.8
215,  42, 28.72047749, 95.32879479,   6.7
216,  42, 28.70459882, 95.33526944,   6.5
217,  42, 28.68849167, 95.34184546,   6.4
218,  42, 28.67215268, 95.34852411,   6.2
219,  42, 28.65557843, 95.35530670,   6.0
220,  42, 28.63876547, 95.36219454,   5.8
221,  42, 28.62171027, 95.36918897,   5.6
222,  42, 28.60440928, 95.37629135,   5.5
223,  42, 28.58685887, 95.38350305,   5.3
224,  42, 28.56905537, 95.39082546,   5.1
225,  42, 28.55099508, 95.39826000,   4.9
226,  42, 28.53267420, 95.40580811,   4.7
227,  42, 28.51408891, 95.41347124,   4.5
228,  42, 28.49523533, 95.42125087,   4.3
229,  42, 28.47610950, 95.42914849,   4.1
230,  42, 28.45670744, 95.43716563,   3.9
231,  42, 28.43702509, 95.44530382,   3.7
232,  42, 28.41705833, 95.45356462,   3.4
233,  42, 28.39680298, 95.46194962,   3.2
234,  42, 28.37625481, 95.47046043,   2.9
235,  42, 28.35540952, 95.47909867,   2.7
236,  42, 28.33426275, 95.48786599,   2.4
237,  42, 28.31281009, 95.49676407,   2.2
238,  42, 28.29104703, 95.50579460,   2.0
239,  42, 28.26896904, 95.51495930,   2.0
240,  42, 28.24657149, 95.52425991,   2.0
241,  42, 28.22384969, 95.53369820,   2.0
  1,  43, 29.89325231, 95.34966872,  99.9
  2,  43, 29.89049261, 95.34286604,  99.9
  3,  43, 29.88775119, 95.33616985,  99.9
  4,  43, 29.88502749, 95.32957876,  99.9
  5,  43, 29.88232097, 95.32309137,  99.9
  6,  43, 29.87963107, 95.31670632,  99.9
  7,  43, 29.87695726, 95.31042228,  99.9
  8,  43, 29.87429899, 95.30423793,  99.9
  9,  43, 29.87165572, 95.29815196,  99.9
 10,  43, 29.86902691, 95.29216311,  99.9
 11,  43, 29.86641204, 95.28627012,  99.9
 12,  43, 29.86381056, 95.28047174,  99.9
 13,  43, 29.86122196, 95.27476677,  99.9
 14,  43, 29.85864569, 95.26915400,  99.9
 15,  43, 29.85608125, 95.26363227,  99.9
 16,  43, 29.85352810, 95.25820041,  99.9
 17,  43, 29.85098573, 95.25285728,  99.9
 18,  43, 29.84845362, 95.24760176,  99.9
 19,  43, 29.84593125, 95.24243276,  99.9
 20,  43, 29.84341811, 95.23734918,  99.9
 21,  43, 29.84091368, 95.23234997,   3.0
 22,  43, 29.83841745, 95.22743407,  99.9
 23,  43, 29.83592891, 95.22260045,  99.9
 24,  43, 29.83344756, 95.21784811,  99.9
 25,  43, 29.83097288, 95.21317604,  99.9
 26,  43, 29.82850437, 95.20858327,  99.9
 27,  43, 29.82604152, 95.20406884,  99.9
 28,  43, 29.82358383, 95.19963179,  99.9
 29,  43, 29.82113080, 95.19527120,  99.9
 30,  43, 29.81868192, 95.19098615,  99.9
 31,  43, 29.81623668, 95.18677576,  99.9
 32,  43, 29.81379460, 95.18263913,  99.9
 33,  43, 29.81135516, 95.17857539,  99.9
 34,  43, 29.80891787, 95.17458371,  99.9
 35,  43, 29.80648222, 95.17066324,  99.9
 36,  43, 29.80404772, 95.16681316,  99.9
 37,  43, 29.80161386, 95.16303266,  99.9
 38,  43, 29.79918014, 95.15932095,  99.9
 39,  43, 29.79674607, 95.15567726,  99.9
 40,  43, 29.79431114, 95.15210083,  99.9
 41,  43, 29.79187484, 95.14859089,  99.9
 42,  43, 29.78943669, 95.14514673,  99.9
 43,  43, 29.78699617, 95.14176761,  99.9
 44,  43, 29.78455279, 95.13845283,  99.9
 45,  43, 29.78210603, 95.13520169,  99.9
 46,  43, 29.77965541, 95.13201352,  99.9
 47,  43, 29.77720040, 95.12888765,  99.9
 48,  43, 29.77474050, 95.12582342,  99.9
 49,  43, 29.77227521, 95.12282019,  99.9
 50,  43, 29.76980401, 95.11987733,  99.9
 51,  43, 29.76732640, 95.11699423,  99.9
 52,  43, 29.76484187, 95.11417027,  99.9
 53,  43, 29.76234990, 95.11140488,   6.0
 54,  43, 29.75984997, 95.10869747,  99.9
 55,  43, 29.75734157, 95.10604748,  99.9
 56,  43, 29.75482419, 95.10345434,  99.9
 57,  43, 29.75229729, 95.10091752,  99.9
 58,  43, 29.74976037, 95.09843648,   6.0
 59,  43, 29.74721288, 95.09601071,  99.9
 60,  43, 29.74465431, 95.09363969,  99.9
 61,  43, 29.74208413, 95.09132293,  99.9
 62,  43, 29.73950180, 95.08905995,  99.9
 63,  43, 29.73690679, 95.08685027,  99.9
 64,  43, 29.73429857, 95.08469343,  99.9
 65,  43, 29.73167658, 95.08258897,  99.9
 66,  43, 29.72904030, 95.08053645,  99.9
 67,  43, 29.72638916, 95.07853545,  99.9
 68,  43, 29.72372264, 95.07658554,  99.9
 69,  43, 29.72104016, 95.07468632,  99.9
 70,  43, 29.71834117, 95.07283738,  99.9
 71,  43, 29.71562512, 95.07103835,  99.9
 72,  43, 29.71289144, 95.06928883,  99.9
 73,  43, 29.71013957, 95.06758847,  99.9
 74,  43, 29.70736893, 95.06593691,  99.9
 75,  43, 29.70457895, 95.06433380,  99.9
 76,  43, 29.70176905, 95.06277880,  99.9
 77,  43, 29.69893864, 95.06127159,  99.9
 78,  43, 29.69608715, 95.05981185,  99.9
 79,  43, 29.69321397, 95.05839927,  99.9
 80,  43, 29.69031852, 95.05703357,  99.9
 81,  43, 29.68740018, 95.05571444,  99.9
 82,  43, 29.68445836, 95.05444161,  99.9
 83,  43, 29.68149245, 95.05321482,  99.9
 84,  43, 29.67850182, 95.05203380,  99.9
 85,  43, 29.67548585, 95.05089831,  99.9
 86,  43, 29.67244393, 95.04980811,  99.9
 87,  43, 29.66937541, 95.04876296,  99.9
 88,  43, 29.66627967, 95.04776265,  99.9
 89,  43, 29.66315605, 95.04680696,  99.9
 90,  43, 29.66000391, 95.04589570,  99.9
 91,  43, 29.65682259, 95.04502867,  99.9
 92,  43, 29.65361143, 95.04420568,  99.9
 93,  43, 29.65036977, 95.04342657,  99.9
 94,  43, 29.64709693, 95.04269115,  99.9
 95,  43, 29.64379222, 95.04199929,  99.9
 96,  43, 29.64045497, 95.04135083,  99.9
 97,  43, 29.63708448, 95.04074564,  99.9
 98,  43, 29.63368005, 95.04018357,  99.9
 99,  43, 29.63024097, 95.03966452,  99.9
100,  43, 29.62676652, 95.03918837,  99.9
101,  43, 29.62325598, 95.03875502,  99.9
102,  43, 29.61970862, 95.03836437,  99.9
103,  43, 29.61612371, 95.03801634,   7.1
104,  43, 29.61250050, 95.03771085,   7.1
105,  43, 29.60883823, 95.03744783,   7.1
106,  43, 29.60513615, 95.03722723,   7.1
107,  43, 29.60139347, 95.03704900,   7.1
108,  43, 29.59760943, 95.03691308,  99.9
109,  43, 29.59378324, 95.03681946,  99.9
110,  43, 29.58991409, 95.03676811,  99.9
111,  43, 29.58600119, 95.03675900,  99.9
112,  43, 29.58204372, 95.03679214,  99.9
113,  43, 29.57804086, 95.03686752,  99.9
114,  43, 29.57399177, 95.03698516,  99.9
115,  43, 29.56989561, 95.03714508,  99.9
116,  43, 29.56575153, 95.03734730,  99.9
117,  43, 29.56155867, 95.03759186,  99.9
118,  43, 29.55731614, 95.03787881,   7.1
119,  43, 29.55302308, 95.03820819,   7.1
120,  43, 29.54867858, 95.03858008,   7.2
121,  43, 29.54428175, 95.03899455,   7.2
122,  43, 29.53983165, 95.03945166,  99.9
123,  43, 29.53532738, 95.03995152,  99.9
124,  43, 29.53076799, 95.04049422,  99.9
125,  43, 29.52615253, 95.04107987,  99.9
126,  43, 29.52148004, 95.04170857,  99.9
127,  43, 29.51674954, 95.04238047,  99.9
128,  43, 29.51196006, 95.04309568,  99.9
129,  43, 29.50711059, 95.04385435,  99.9
130,  43, 29.50220013, 95.04465663,  99.9
131,  43, 29.49722765, 95.04550268,  99.9
132,  43, 29.49219212, 95.04639267,  99.9
133,  43, 29.48709248, 95.04732677,  99.9
134,  43, 29.48192767, 95.04830518,  99.9
135,  43, 29.47669663, 95.04932807,  99.9
136,  43, 29.47139825, 95.05039567,  99.9
137,  43, 29.46603144, 95.05150818,  99.9
138,  43, 29.46059508, 95.05266583,  99.9
139,  43, 29.45508803, 95.05386884,   7.1
140,  43, 29.44950915, 95.05511746,  99.9
141,  43, 29.44385728, 95.05641193,  99.9
142,  43, 29.43813123, 95.05775252,  99.9
143,  43, 29.43232981, 95.05913949,  99.9
144,  43, 29.42645182, 95.06057313,  99.9
145,  43, 29.42049603, 95.06205371,  99.9
146,  43, 29.41446120, 95.06358154,  99.9
147,  43, 29.40834607, 95.06515692,  99.9
148,  43, 29.40214936, 95.06678016,  99.9
149,  43, 29.39586980, 95.06845160,  99.9
150,  43, 29.38950606, 95.07017156,  99.9
151,  43, 29.38305682, 95.07194040,  99.9
152,  43, 29.37652073, 95.07375846,  99.9
153,  43, 29.36989644, 95.07562611,  99.9
154,  43, 29.36318256, 95.07754372,  99.9
155,  43, 29.35637770, 95.07951169,  99.9
156,  43, 29.34948043, 95.08153039,  99.9
157,  43, 29.34248932, 95.08360024,  99.9
158,  43, 29.33540290, 95.08572166,  99.9
159,  43, 29.32821972, 95.08789506,  99.9
160,  43, 29.32093825, 95.09012088,  99.9
161,  43, 29.31355699, 95.09239957,  99.9
162,  43, 29.30607440, 95.09473158,  99.9
163,  43, 29.29848892, 95.09711739,  99.9
164,  43, 29.29079896, 95.09955746,  99.9
165,  43, 29.28300293, 95.10205228,  99.9
166,  43, 29.27509919, 95.10460236,  99.9
167,  43, 29.26708610, 95.10720820,   9.0
168,  43, 29.25896199, 95.10987033,   9.0
169,  43, 29.25072516, 95.11258928,   9.1
170,  43, 29.24237390, 95.11536559,   9.1
171,  43, 29.23390646, 95.11819981,   9.1
172,  43, 29.22532108, 95.12109251,   9.1
173,  43, 29.21661597, 95.12404428,   9.2
174,  43, 29.20778931, 95.12705568,   9.2
175,  43, 29.19883926, 95.13012734,   9.2
176,  43, 29.18976395, 95.13325986,   9.3
177,  43, 29.18056149, 95.13645386,   9.3
178,  43, 29.17122997, 95.13970998,   9.3
179,  43, 29.16176743, 95.14302887,   9.3
180,  43, 29.15217190, 95.14641120,   9.3
181,  43, 29.14244137, 95.14985762,   9.4
182,  43, 29.13257383, 95.15336884,   9.4
183,  43, 29.12256721, 95.15694554,   9.4
184,  43, 29.11241941, 95.16058844,   9.4
185,  43, 29.10212834, 95.16429826,   9.3
186,  43, 29.09169183, 95.16807574,   9.3
187,  43, 29.08110771, 95.17192162,   9.3
188,  43, 29.07037376, 95.17583668,   9.2
189,  43, 29.05948776, 95.17982168,   9.2
190,  43, 29.04844743, 95.18387742,   9.1
191,  43, 29.03725047, 95.18800470,   9.1
192,  43, 29.02589453, 95.19220434,   9.0
193,  43, 29.01437725, 95.19647716,   9.0
194,  43, 29.00269622, 95.20082402,   9.0
195,  43, 28.99084901, 95.20524576,   8.9
196,  43, 28.97883315, 95.20974327,   8.9
197,  43, 28.96664611, 95.21431744,   8.8
198,  43, 28.95428537, 95.21896915,   8.7
199,  43, 28.94174834, 95.22369934,   8.6
200,  43, 28.92903240, 95.22850893,   8.5
201,  43, 28.91613490, 95.23339888,   8.4
202,  43, 28.90305315, 95.23837013,   8.3
203,  43, 28.88978441, 95.24342367,   8.2
204,  43, 28.87632591, 95.24856050,   8.0
205,  43, 28.86267485, 95.25378162,   7.9
206,  43, 28.84882837, 95.25908805,   7.8
207,  43, 28.83478358, 95.26448084,   7.7
208,  43, 28.82053755, 95.26996104,   7.5
209,  43, 28.80608731, 95.27552973,   7.4
210,  43, 28.79142983, 95.28118799,   7.3
211,  43, 28.77656205, 95.28693694,   7.1
212,  43, 28.76148088, 95.29277769,   7.0
213,  43, 28.74618315, 95.29871138,   6.8
214,  43, 28.73066568, 95.30473918,   6.7
215,  43, 28.71492522, 95.31086225,   6.5
216,  43, 28.69895849, 95.31708179,   6.4
217,  43, 28.68276214, 95.32339901,   6.2
218,  43, 28.66633280, 95.32981514,   6.0
219,  43, 28.64966704, 95.33633142,   5.9
220,  43, 28.63276136, 95.34294912,   5.7
221,  43, 28.61561225, 95.34966952,   5.5
222,  43, 28.59821611, 95.35649392,   5.3
223,  43, 28.58056931, 95.36342364,   5.2
224,  43, 28.56266817, 95.37046002,   5.0
225,  43, 28.54450894, 95.37760443,   4.8
226,  43, 28.52608782, 95.38485823,   4.6
227,  43, 28.50740098, 95.39222284,   4.4
228,  43, 28.48844450, 95.39969966,   4.2
229,  43, 28.46921442, 95.40729013,   4.0
230,  43, 28.44970672, 95.41499572,   3.8
231,  43, 28.42991733, 95.42281791,   3.6
232,  43, 28.40984211, 95.43075818,   3.4
233,  43, 28.38947686, 95.43881807,   3.1
234,  43, 28.36881732, 95.44699912,   2.9
235,  43, 28.34785918, 95.45530289,   2.6
236,  43, 28.32659806, 95.46373097,   2.4
237,  43, 28.30502951, 95.47228496,   2.2
238,  43, 28.28314902, 95.48096649,   2.0
239,  43, 28.26095201, 95.48977722,   2.0
240,  43, 28.23843385, 95.49871882,   2.0
241,  43, 28.21558983, 95.50779299,   2.0
  1,  44, 29.89921723, 95.34643724,  99.9
  2,  44, 29.89636456, 95.33965666,  99.9
  3,  44, 29.89353140, 95.33298192,  99.9
  4,  44, 29.89071717, 95.32641162,  99.9
  5,  44, 29.88792130, 95.31994439,  99.9
  6,  44, 29.88514323, 95.31357887,  99.9
  7,  44, 29.88238239, 95.30731371,  99.9
  8,  44, 29.87963823, 95.30114761,  99.9
  9,  44, 29.87691018, 95.29507926,  99.9
 10,  44, 29.87419769, 95.28910741,  99.9
 11,  44, 29.87150022, 95.28323079,  99.9
 12,  44, 29.86881720, 95.27744816,  99.9
 13,  44, 29.86614810, 95.27175833,  99.9
 14,  44, 29.86349237, 95.26616009,  99.9
 15,  44, 29.86084948, 95.26065227,  99.9
 16,  44, 29.85821887, 95.25523371,  99.9
 17,  44, 29.85560002, 95.24990328,  99.9
 18,  44, 29.85299239, 95.24465986,  99.9
 19,  44, 29.85039545, 95.23950235,  99.9
 20,  44, 29.84780867, 95.23442967,  99.9
 21,  44, 29.84523152, 95.22944075,   2.9
 22,  44, 29.84266347, 95.22453455,  99.9
 23,  44, 29.84010400, 95.21971004,  99.9
 24,  44, 29.83755258, 95.21496622,  99.9
 25,  44, 29.83500870, 95.21030207,  99.9
 26,  44, 29.83247182, 95.20571664,  99.9
 27,  44, 29.82994144, 95.20120895,  99.9
 28,  44, 29.82741703, 95.19677806,  99.9
 29,  44, 29.82489807, 95.19242305,  99.9
 30,  44, 29.82238405, 95.18814300,  99.9
 31,  44, 29.81987445, 95.18393701,  99.9
 32,  44, 29.81736876, 95.17980420,  99.9
 33,  44, 29.81486646, 95.17574371,  99.9
 34,  44, 29.81236704, 95.17175469,  99.9
 35,  44, 29.80986998, 95.16783629,  99.9
 36,  44, 29.80737478, 95.16398771,  99.9
 37,  44, 29.80488091, 95.16020812,  99.9
 38,  44, 29.80238786, 95.15649675,  99.9
 39,  44, 29.79989513, 95.15285282,  99.9
 40,  44, 29.79740220, 95.14927555,  99.9
 41,  44, 29.79490855, 95.14576421,  99.9
 42,  44, 29.79241367, 95.14231805,  99.9
 43,  44, 29.78991704, 95.13893636,  99.9
 44,  44, 29.78741816, 95.13561842,  99.9
 45,  44, 29.78491651, 95.13236354,  99.9
 46,  44, 29.78241157, 95.12917104,  99.9
 47,  44, 29.77990282, 95.12604026,  99.9
 48,  44, 29.77738975, 95.12297052,  99.9
 49,  44, 29.77487184, 95.11996120,  99.9
 50,  44, 29.77234856, 95.11701167,  99.9
 51,  44, 29.76981940, 95.11412129,  99.9
 52,  44, 29.76728384, 95.11128948,  99.9
 53,  44, 29.76474134, 95.10851563,   6.0
 54,  44, 29.76219139, 95.10579916,   6.0
 55,  44, 29.75963346, 95.10313951,   6.0
 56,  44, 29.75706702, 95.10053612,   6.0
 57,  44, 29.75449153, 95.09798844,  99.9
 58,  44, 29.75190647, 95.09549594,   6.0
 59,  44, 29.74931130, 95.09305810,  99.9
 60,  44, 29.74670549, 95.09067440,  99.9
 61,  44, 29.74408848, 95.08834436,  99.9
 62,  44, 29.74145975, 95.08606747,  99.9
 63,  44, 29.73881875, 95.08384326,  99.9
 64,  44, 29.73616493, 95.08167127,  99.9
 65,  44, 29.73349774, 95.07955103,  99.9
 66,  44, 29.73081662, 95.07748212,  99.9
 67,  44, 29.72812103, 95.07546408,  99.9
 68,  44, 29.72541041, 95.07349651,  99.9
 69,  44, 29.72268419, 95.07157898,  99.9
 70,  44, 29.71994180, 95.06971109,  99.9
 71,  44, 29.71718268, 95.06789246,  99.9
 72,  44, 29.71440626, 95.06612270,  99.9
 73,  44, 29.71161196, 95.06440144,  99.9
 74,  44, 29.70879920, 95.06272831,  99.9
 75,  44, 29.70596740, 95.06110298,  99.9
 76,  44, 29.70311596, 95.05952509,  99.9
 77,  44, 29.70024431, 95.05799431,  99.9
 78,  44, 29.69735183, 95.05651033,  99.9
 79,  44, 29.69443794, 95.05507282,  99.9
 80,  44, 29.69150203, 95.05368150,  99.9
 81,  44, 29.68854348, 95.05233606,  99.9
 82,  44, 29.68556168, 95.05103622,  99.9
 83,  44, 29.68255602, 95.04978171,  99.9
 84,  44, 29.67952587, 95.04857227,  99.9
 85,  44, 29.67647060, 95.04740764,  99.9
 86,  44, 29.67338957, 95.04628757,  99.9
 87,  44, 29.67028215, 95.04521184,  99.9
 88,  44, 29.66714769, 95.04418020,  99.9
 89,  44, 29.66398553, 95.04319245,  99.9
 90,  44, 29.66079503, 95.04224837,  99.9
 91,  44, 29.65757551, 95.04134776,  99.9
 92,  44, 29.65432632, 95.04049044,  99.9
 93,  44, 29.65104677, 95.03967622,  99.9
 94,  44, 29.64773617, 95.03890494,  99.9
 95,  44, 29.64439386, 95.03817641,  99.9
 96,  44, 29.64101912, 95.03749050,  99.9
 97,  44, 29.63761126, 95.03684705,  99.9
 98,  44, 29.63416956, 95.03624593,  99.9
 99,  44, 29.63069332, 95.03568700,  99.9
100,  44, 29.62718181, 95.03517016,  99.9
101,  44, 29.62363430, 95.03469528,  99.9
102,  44, 29.62005005, 95.03426226,   7.0
103,  44, 29.61642832, 95.03387101,   7.0
104,  44, 29.61276835, 95.03352145,   7.1
105,  44, 29.60906938, 95.03321349,   7.1
106,  44, 29.60533064, 95.03294708,  99.9
107,  44, 29.60155135, 95.03272214,  99.9
108,  44, 29.59773074, 95.03253863,  99.9
109,  44, 29.59386799, 95.03239650,  99.9
110,  44, 29.58996232, 95.03229573,  99.9
111,  44, 29.58601290, 95.03223629,  99.9
112,  44, 29.58201891, 95.03221815,  99.9
113,  44, 29.57797953, 95.03224131,  99.9
114,  44, 29.57389391, 95.03230577,  99.9
115,  44, 29.56976120, 95.03241154,  99.9
116,  44, 29.56558054, 95.03255864,  99.9
117,  44, 29.56135106, 95.03274708,   7.1
118,  44, 29.55707189, 95.03297691,   7.1
119,  44, 29.55274212, 95.03324817,   7.1
120,  44, 29.54836087, 95.03356091,   7.1
121,  44, 29.54392721, 95.03391518,   7.2
122,  44, 29.53944022, 95.03431105,   7.2
123,  44, 29.53489898, 95.03474861,   7.3
124,  44, 29.53030252, 95.03522793,  99.9
125,  44, 29.52564991, 95.03574911,  99.9
126,  44, 29.52094016, 95.03631225,  99.9
127,  44, 29.51617230, 95.03691746,  99.9
128,  44, 29.51134533, 95.03756487,  99.9
129,  44, 29.50645825, 95.03825459,  99.9
130,  44, 29.50151004, 95.03898676,  99.9
131,  44, 29.49649968, 95.03976153,  99.9
132,  44, 29.49142611, 95.04057906,  99.9
133,  44, 29.48628828, 95.04143950,  99.9
134,  44, 29.48108512, 95.04234302,  99.9
135,  44, 29.47581555, 95.04328981,  99.9
136,  44, 29.47047846, 95.04428006,  99.9
137,  44, 29.46507276, 95.04531395,  99.9
138,  44, 29.45959730, 95.04639170,   7.0
139,  44, 29.45405096, 95.04751353,   7.0
140,  44, 29.44843257, 95.04867965,  99.9
141,  44, 29.44274096, 95.04989030,  99.9
142,  44, 29.43697495, 95.05114572,  99.9
143,  44, 29.43113334, 95.05244616,  99.9
144,  44, 29.42521491, 95.05379189,  99.9
145,  44, 29.41921843, 95.05518316,  99.9
146,  44, 29.41314264, 95.05662027,  99.9
147,  44, 29.40698629, 95.05810349,  99.9
148,  44, 29.40074808, 95.05963312,  99.9
149,  44, 29.39442672, 95.06120948,  99.9
150,  44, 29.38802089, 95.06283287,  99.9
151,  44, 29.38152926, 95.06450362,  99.9
152,  44, 29.37495048, 95.06622206,  99.9
153,  44, 29.36828316, 95.06798855,  99.9
154,  44, 29.36152593, 95.06980342,  99.9
155,  44, 29.35467737, 95.07166705,  99.9
156,  44, 29.34773606, 95.07357982,  99.9
157,  44, 29.34070055, 95.07554209,  99.9
158,  44, 29.33356938, 95.07755427,  99.9
159,  44, 29.32634105, 95.07961675,  99.9
160,  44, 29.31901406, 95.08172995,  99.9
161,  44, 29.31158688, 95.08389430,  99.9
162,  44, 29.30405797, 95.08611022,  99.9
163,  44, 29.29642576, 95.08837816,  99.9
164,  44, 29.28868864, 95.09069858,  99.9
165,  44, 29.28084502, 95.09307193,  99.9
166,  44, 29.27289326, 95.09549869,   9.0
167,  44, 29.26483169, 95.09797934,   9.0
168,  44, 29.25665864, 95.10051439,   9.0
169,  44, 29.24837241, 95.10310433,   9.2
170,  44, 29.23997125, 95.10574969,   9.1
171,  44, 29.23145344, 95.10845099,   9.0
172,  44, 29.22281717, 95.11120877,   9.1
173,  44, 29.21406067, 95.11402359,   9.1
174,  44, 29.20518209, 95.11689599,   9.1
175,  44, 29.19617960, 95.11982657,   9.2
176,  44, 29.18705130, 95.12281589,   9.2
177,  44, 29.17779530, 95.12586456,   9.2
178,  44, 29.16840967, 95.12897318,   9.2
179,  44, 29.15889245, 95.13214237,   9.2
180,  44, 29.14924165, 95.13537276,   9.2
181,  44, 29.13945527, 95.13866500,   9.3
182,  44, 29.12953125, 95.14201973,   9.3
183,  44, 29.11946753, 95.14543763,   9.3
184,  44, 29.10926202, 95.14891938,   9.3
185,  44, 29.09891257, 95.15246566,   9.3
186,  44, 29.08841704, 95.15607718,   9.2
187,  44, 29.07777323, 95.15975465,   9.1
188,  44, 29.06697893, 95.16349881,   9.1
189,  44, 29.05603187, 95.16731040,   9.1
190,  44, 29.04492978, 95.17119017,   9.0
191,  44, 29.03367034, 95.17513889,   9.0
192,  44, 29.02225120, 95.17915734,   9.0
193,  44, 29.01066998, 95.18324631,   8.9
194,  44, 28.99892426, 95.18740662,   8.8
195,  44, 28.98701158, 95.19163909,   8.8
196,  44, 28.97492948, 95.19594454,   8.7
197,  44, 28.96267541, 95.20032384,   8.6
198,  44, 28.95024683, 95.20477784,   8.5
199,  44, 28.93764114, 95.20930742,   8.4
200,  44, 28.92485572, 95.21391348,   8.3
201,  44, 28.91188788, 95.21859691,   8.2
202,  44, 28.89873493, 95.22335864,   8.1
203,  44, 28.88539412, 95.22819962,   8.0
204,  44, 28.87186267, 95.23312078,   7.8
205,  44, 28.85813774, 95.23812309,   7.7
206,  44, 28.84421648, 95.24320754,   7.6
207,  44, 28.83009598, 95.24837511,   7.5
208,  44, 28.81577329, 95.25362684,   7.4
209,  44, 28.80124542, 95.25896373,   7.2
210,  44, 28.78650934, 95.26438684,   7.1
211,  44, 28.77156197, 95.26989722,   7.0
212,  44, 28.75640019, 95.27549595,   6.8
213,  44, 28.74102084, 95.28118412,   6.7
214,  44, 28.72542069, 95.28696285,   6.5
215,  44, 28.70959651, 95.29283325,   6.4
216,  44, 28.69354497, 95.29879647,   6.2
217,  44, 28.67726273, 95.30485367,   6.1
218,  44, 28.66074640, 95.31100602,   5.9
219,  44, 28.64399251, 95.31725473,   5.7
220,  44, 28.62699757, 95.32360100,   5.5
221,  44, 28.60975803, 95.33004606,   5.4
222,  44, 28.59227029, 95.33659116,   5.2
223,  44, 28.57453069, 95.34323757,   5.0
224,  44, 28.55653554, 95.34998656,   4.9
225,  44, 28.53828107, 95.35683945,   4.7
226,  44, 28.51976347, 95.36379756,   4.5
227,  44, 28.50097887, 95.37086222,   4.3
228,  44, 28.48192335, 95.37803480,   4.1
229,  44, 28.46259292, 95.38531667,   3.9
230,  44, 28.44298355, 95.39270923,   3.7
231,  44, 28.42309114, 95.40021391,   3.5
232,  44, 28.40291153, 95.40783213,   3.3
233,  44, 28.38244051, 95.41556537,   3.0
234,  44, 28.36167380, 95.42341510,   2.8
235,  44, 28.34060706, 95.43138281,   2.6
236,  44, 28.31923589, 95.43947003,   2.3
237,  44, 28.29755582, 95.44767831,   2.1
238,  44, 28.27556232, 95.45600920,   2.0
239,  44, 28.25325080, 95.46446428,   2.0
240,  44, 28.23061659, 95.47304517,   2.0
241,  44, 28.20765496, 95.48175350,   2.0
  1,  45, 29.90516163, 95.34309849,  99.9
  2,  45, 29.90221658, 95.33634143,  99.9
  3,  45, 29.89929225, 95.32968954,  99.9
  4,  45, 29.89638807, 95.32314143,  99.9
  5,  45, 29.89350344, 95.31669572,  99.9
  6,  45, 29.89063776, 95.31035104,  99.9
  7,  45, 29.88779047, 95.30410609,  99.9
  8,  45, 29.88496098, 95.29795953,  99.9
  9,  45, 29.88214872, 95.29191008,  99.9
 10,  45, 29.87935312, 95.28595647,  99.9
 11,  45, 29.87657360, 95.28009746,  99.9
 12,  45, 29.87380960, 95.27433180,  99.9
 13,  45, 29.87106056, 95.26865830,  99.9
 14,  45, 29.86832591, 95.26307576,  99.9
 15,  45, 29.86560511, 95.25758300,  99.9
 16,  45, 29.86289759, 95.25217889,  99.9
 17,  45, 29.86020281, 95.24686227,  99.9
 18,  45, 29.85752020, 95.24163205,  99.9
 19,  45, 29.85484923, 95.23648711,  99.9
 20,  45, 29.85218935, 95.23142639,   2.9
 21,  45, 29.84954001, 95.22644881,   2.9
 22,  45, 29.84690067, 95.22155335,  99.9
 23,  45, 29.84427080, 95.21673896,  99.9
 24,  45, 29.84164984, 95.21200464,  99.9
 25,  45, 29.83903728, 95.20734940,  99.9
 26,  45, 29.83643257, 95.20277226,  99.9
 27,  45, 29.83383517, 95.19827227,  99.9
 28,  45, 29.83124456, 95.19384847,  99.9
 29,  45, 29.82866020, 95.18949994,  99.9
 30,  45, 29.82608156, 95.18522578,  99.9
 31,  45, 29.82350812, 95.18102508,  99.9
 32,  45, 29.82093934, 95.17689696,  99.9
 33,  45, 29.81837470, 95.17284056,  99.9
 34,  45, 29.81581367, 95.16885503,  99.9
 35,  45, 29.81325572, 95.16493954,  99.9
 36,  45, 29.81070032, 95.16109326,  99.9
 37,  45, 29.80814696, 95.15731538,  99.9
 38,  45, 29.80559511, 95.15360512,  99.9
 39,  45, 29.80304423, 95.14996170,  99.9
 40,  45, 29.80049381, 95.14638436,  99.9
 41,  45, 29.79794332, 95.14287234,  99.9
 42,  45, 29.79539223, 95.13942491,  99.9
 43,  45, 29.79284002, 95.13604135,  99.9
 44,  45, 29.79028617, 95.13272095,  99.9
 45,  45, 29.78773013, 95.12946301,  99.9
 46,  45, 29.78517140, 95.12626685,  99.9
 47,  45, 29.78260943, 95.12313181,  99.9
 48,  45, 29.78004371, 95.12005722,  99.9
 49,  45, 29.77747370, 95.11704244,  99.9
 50,  45, 29.77489886, 95.11408684,  99.9
 51,  45, 29.77231868, 95.11118980,  99.9
 52,  45, 29.76973261, 95.10835071,  99.9
 53,  45, 29.76714012, 95.10556899,  99.9
 54,  45, 29.76454068, 95.10284404,  99.9
 55,  45, 29.76193374, 95.10017529,  99.9
 56,  45, 29.75931877, 95.09756219,   6.0
 57,  45, 29.75669523, 95.09500419,   6.0
 58,  45, 29.75406258, 95.09250075,   6.0
 59,  45, 29.75142026, 95.09005135,  99.9
 60,  45, 29.74876774, 95.08765547,  99.9
 61,  45, 29.74610446, 95.08531262,  99.9
 62,  45, 29.74342987, 95.08302230,  99.9
 63,  45, 29.74074342, 95.08078403,  99.9
 64,  45, 29.73804455, 95.07859735,  99.9
 65,  45, 29.73533271, 95.07646179,  99.9
 66,  45, 29.73260732, 95.07437690,  99.9
 67,  45, 29.72986784, 95.07234226,  99.9
 68,  45, 29.72711368, 95.07035743,  99.9
 69,  45, 29.72434428, 95.06842200,  99.9
 70,  45, 29.72155906, 95.06653555,  99.9
 71,  45, 29.71875744, 95.06469771,  99.9
 72,  45, 29.71593886, 95.06290807,  99.9
 73,  45, 29.71310271, 95.06116627,  99.9
 74,  45, 29.71024841, 95.05947193,  99.9
 75,  45, 29.70737537, 95.05782471,  99.9
 76,  45, 29.70448300, 95.05622426,  99.9
 77,  45, 29.70157069, 95.05467024,  99.9
 78,  45, 29.69863784, 95.05316232,  99.9
 79,  45, 29.69568383, 95.05170019,  99.9
 80,  45, 29.69270807, 95.05028354,  99.9
 81,  45, 29.68970992, 95.04891208,  99.9
 82,  45, 29.68668877, 95.04758551,  99.9
 83,  45, 29.68364399, 95.04630355,  99.9
 84,  45, 29.68057494, 95.04506594,  99.9
 85,  45, 29.67748099, 95.04387241,  99.9
 86,  45, 29.67436150, 95.04272272,  99.9
 87,  45, 29.67121582, 95.04161661,  99.9
 88,  45, 29.66804329, 95.04055387,  99.9
 89,  45, 29.66484325, 95.03953425,  99.9
 90,  45, 29.66161505, 95.03855756,  99.9
 91,  45, 29.65835801, 95.03762357,  99.9
 92,  45, 29.65507145, 95.03673210,  99.9
 93,  45, 29.65175468, 95.03588295,  99.9
 94,  45, 29.64840703, 95.03507595,  99.9
 95,  45, 29.64502779, 95.03431092,  99.9
 96,  45, 29.64161627, 95.03358770,  99.9
 97,  45, 29.63817174, 95.03290614,  99.9
 98,  45, 29.63469350, 95.03226609,  99.9
 99,  45, 29.63118083, 95.03166741,  99.9
100,  45, 29.62763298, 95.03110998,  99.9
101,  45, 29.62404923, 95.03059367,  99.9
102,  45, 29.62042883, 95.03011838,   7.0
103,  45, 29.61677102, 95.02968400,   7.0
104,  45, 29.61307505, 95.02929044,  99.9
105,  45, 29.60934015, 95.02893762,  99.9
106,  45, 29.60556553, 95.02862544,  99.9
107,  45, 29.60175042, 95.02835385,  99.9
108,  45, 29.59789402, 95.02812279,  99.9
109,  45, 29.59399552, 95.02793220,  99.9
110,  45, 29.59005413, 95.02778203,  99.9
111,  45, 29.58606900, 95.02767226,  99.9
112,  45, 29.58203933, 95.02760286,  99.9
113,  45, 29.57796426, 95.02757380,  99.9
114,  45, 29.57384296, 95.02758507,  99.9
115,  45, 29.56967456, 95.02763668,  99.9
116,  45, 29.56545819, 95.02772862,  99.9
117,  45, 29.56119298, 95.02786092,   7.1
118,  45, 29.55687804, 95.02803359,   7.1
119,  45, 29.55251247, 95.02824667,   7.1
120,  45, 29.54809536, 95.02850019,   7.1
121,  45, 29.54362580, 95.02879420,   7.1
122,  45, 29.53910285, 95.02912876,   7.1
123,  45, 29.53452557, 95.02950393,   7.2
124,  45, 29.52989300, 95.02991978,  99.9
125,  45, 29.52520420, 95.03037639,  99.9
126,  45, 29.52045816, 95.03087386,  99.9
127,  45, 29.51565392, 95.03141227,  99.9
128,  45, 29.51079047, 95.03199173,  99.9
129,  45, 29.50586679, 95.03261237,  99.9
130,  45, 29.50088186, 95.03327429,  99.9
131,  45, 29.49583465, 95.03397763,  99.9
132,  45, 29.49072409, 95.03472253,  99.9
133,  45, 29.48554914, 95.03550914,  99.9
134,  45, 29.48030870, 95.03633760,  99.9
135,  45, 29.47500169, 95.03720810,  99.9
136,  45, 29.46962700, 95.03812079,  99.9
137,  45, 29.46418351, 95.03907587,  99.9
138,  45, 29.45867010, 95.04007351,   7.0
139,  45, 29.45308560, 95.04111392,  99.9
140,  45, 29.44742886, 95.04219731,  99.9
141,  45, 29.44169871, 95.04332390,  99.9
142,  45, 29.43589393, 95.04449390,  99.9
143,  45, 29.43001333, 95.04570755,  99.9
144,  45, 29.42405569, 95.04696509,  99.9
145,  45, 29.41801975, 95.04826678,  99.9
146,  45, 29.41190426, 95.04961288,  99.9
147,  45, 29.40570795, 95.05100364,  99.9
148,  45, 29.39942953, 95.05243936,  99.9
149,  45, 29.39306769, 95.05392032,  99.9
150,  45, 29.38662110, 95.05544681,  99.9
151,  45, 29.38008842, 95.05701914,  99.9
152,  45, 29.37346829, 95.05863763,  99.9
153,  45, 29.36675933, 95.06030259,  99.9
154,  45, 29.35996014, 95.06201437,  99.9
155,  45, 29.35306930, 95.06377330,  99.9
156,  45, 29.34608538, 95.06557973,  99.9
157,  45, 29.33900692, 95.06743403,  99.9
158,  45, 29.33183245, 95.06933657,  99.9
159,  45, 29.32456048, 95.07128772,  99.9
160,  45, 29.31718948, 95.07328789,  99.9
161,  45, 29.30971791, 95.07533746,  99.9
162,  45, 29.30214424, 95.07743685,  99.9
163,  45, 29.29446686, 95.07958647,  99.9
164,  45, 29.28668419, 95.08178677,   9.2
165,  45, 29.27879460, 95.08403817,   9.2
166,  45, 29.27079645, 95.08634112,   9.0
167,  45, 29.26268807, 95.08869609,   9.0
168,  45, 29.25446776, 95.09110355,   9.0
169,  45, 29.24613382, 95.09356397,   9.1
170,  45, 29.23768451, 95.09607785,   9.1
171,  45, 29.22911807, 95.09864569,   9.0
172,  45, 29.22043270, 95.10126800,   9.0
173,  45, 29.21162661, 95.10394531,   9.1
174,  45, 29.20269795, 95.10667814,   9.1
175,  45, 29.19364486, 95.10946704,   9.1
176,  45, 29.18446545, 95.11231258,   9.1
177,  45, 29.17515782, 95.11521530,   9.1
178,  45, 29.16572001, 95.11817580,   9.1
179,  45, 29.15615007, 95.12119466,   9.1
180,  45, 29.14644599, 95.12427248,   9.2
181,  45, 29.13660575, 95.12740987,   9.2
182,  45, 29.12662730, 95.13060746,   9.2
183,  45, 29.11650856, 95.13386588,   9.2
184,  45, 29.10624742, 95.13718578,   9.2
185,  45, 29.09584173, 95.14056782,   9.2
186,  45, 29.08528933, 95.14401266,   9.1
187,  45, 29.07458802, 95.14752100,   9.1
188,  45, 29.06373557, 95.15109352,   9.0
189,  45, 29.05272970, 95.15473094,   9.0
190,  45, 29.04156813, 95.15843397,   8.9
191,  45, 29.03024853, 95.16220335,   8.9
192,  45, 29.01876853, 95.16603982,   8.8
193,  45, 29.00712574, 95.16994414,   8.8
194,  45, 28.99531773, 95.17391708,   8.7
195,  45, 28.98334204, 95.17795942,   8.6
196,  45, 28.97119617, 95.18207198,   8.5
197,  45, 28.95887759, 95.18625554,   8.4
198,  45, 28.94638372, 95.19051095,   8.3
199,  45, 28.93371195, 95.19483903,   8.2
200,  45, 28.92085966, 95.19924064,   8.1
201,  45, 28.90782414, 95.20371665,   8.0
202,  45, 28.89460269, 95.20826793,   7.9
203,  45, 28.88119254, 95.21289538,   7.8
204,  45, 28.86759089, 95.21759990,   7.7
205,  45, 28.85379491, 95.22238243,   7.6
206,  45, 28.83980172, 95.22724389,   7.5
207,  45, 28.82560839, 95.23218525,   7.3
208,  45, 28.81121197, 95.23720746,   7.2
209,  45, 28.79660945, 95.24231151,   7.1
210,  45, 28.78179778, 95.24749840,   7.0
211,  45, 28.76677386, 95.25276915,   6.8
212,  45, 28.75153458, 95.25812477,   6.7
213,  45, 28.73607673, 95.26356631,   6.5
214,  45, 28.72039710, 95.26909484,   6.4
215,  45, 28.70449242, 95.27471142,   6.2
216,  45, 28.68835935, 95.28041717,   6.1
217,  45, 28.67199454, 95.28621317,   5.9
218,  45, 28.65539457, 95.29210056,   5.7
219,  45, 28.63855597, 95.29808048,   5.6
220,  45, 28.62147523, 95.30415409,   5.4
221,  45, 28.60414878, 95.31032257,   5.2
222,  45, 28.58657300, 95.31658711,   5.1
223,  45, 28.56874422, 95.32294891,   4.9
224,  45, 28.55065873, 95.32940922,   4.7
225,  45, 28.53231273, 95.33596927,   4.6
226,  45, 28.51370241, 95.34263033,   4.4
227,  45, 28.49482387, 95.34939369,   4.2
228,  45, 28.47567318, 95.35626064,   4.0
229,  45, 28.45624633, 95.36323251,   3.8
230,  45, 28.43653927, 95.37031063,   3.6
231,  45, 28.41654788, 95.37749636,   3.4
232,  45, 28.39626798, 95.38479108,   3.2
233,  45, 28.37569534, 95.39219618,   3.0
234,  45, 28.35482567, 95.39971308,   2.7
235,  45, 28.33365460, 95.40734322,   2.5
236,  45, 28.31217771, 95.41508805,   2.3
237,  45, 28.29039051, 95.42294905,   2.1
238,  45, 28.26828846, 95.43092770,   2.0
239,  45, 28.24586694, 95.43902554,   2.0
240,  45, 28.22312126, 95.44724410,   2.0
241,  45, 28.20004667, 95.45558493,   2.0
  1,  46, 29.91108425, 95.33965316,  99.9
  2,  46, 29.90804743, 95.33292104,  99.9
  3,  46, 29.90503255, 95.32629340,  99.9
  4,  46, 29.90203902, 95.31976884,  99.9
  5,  46, 29.89906621, 95.31334600,  99.9
  6,  46, 29.89611353, 95.30702351,  99.9
  7,  46, 29.89318037, 95.30080006,  99.9
  8,  46, 29.89026615, 95.29467434,  99.9
  9,  46, 29.88737025, 95.28864506,  99.9
 10,  46, 29.88449211, 95.28271095,  99.9
 11,  46, 29.88163112, 95.27687077,  99.9
 12,  46, 29.87878671, 95.27112330,  99.9
 13,  46, 29.87595830, 95.26546732,  99.9
 14,  46, 29.87314530, 95.25990164,  99.9
 15,  46, 29.87034716, 95.25442511,  99.9
 16,  46, 29.86756329, 95.24903657,  99.9
 17,  46, 29.86479312, 95.24373488,  99.9
 18,  46, 29.86203610, 95.23851895,  99.9
 19,  46, 29.85929165, 95.23338767,  99.9
 20,  46, 29.85655921, 95.22833996,  99.9
 21,  46, 29.85383824, 95.22337478,  99.9
 22,  46, 29.85112816, 95.21849106,  99.9
 23,  46, 29.84842842, 95.21368781,  99.9
 24,  46, 29.84573848, 95.20896399,  99.9
 25,  46, 29.84305778, 95.20431863,  99.9
 26,  46, 29.84038576, 95.19975075,  99.9
 27,  46, 29.83772189, 95.19525939,  99.9
 28,  46, 29.83506562, 95.19084361,  99.9
 29,  46, 29.83241639, 95.18650248,  99.9
 30,  46, 29.82977368, 95.18223510,  99.9
 31,  46, 29.82713692, 95.17804057,  99.9
 32,  46, 29.82450559, 95.17391800,  99.9
 33,  46, 29.82187913, 95.16986655,  99.9
 34,  46, 29.81925702, 95.16588535,  99.9
 35,  46, 29.81663871, 95.16197357,  99.9
 36,  46, 29.81402366, 95.15813040,  99.9
 37,  46, 29.81141134, 95.15435503,  99.9
 38,  46, 29.80880120, 95.15064666,  99.9
 39,  46, 29.80619271, 95.14700452,  99.9
 40,  46, 29.80358534, 95.14342784,  99.9
 41,  46, 29.80097853, 95.13991588,  99.9
 42,  46, 29.79837177, 95.13646791,  99.9
 43,  46, 29.79576450, 95.13308319,  99.9
 44,  46, 29.79315619, 95.12976102,  99.9
 45,  46, 29.79054631, 95.12650070,  99.9
 46,  46, 29.78793432, 95.12330156,  99.9
 47,  46, 29.78531967, 95.12016291,  99.9
 48,  46, 29.78270182, 95.11708410,  99.9
 49,  46, 29.78008024, 95.11406450,  99.9
 50,  46, 29.77745438, 95.11110346,  99.9
 51,  46, 29.77482371, 95.10820036,  99.9
 52,  46, 29.77218767, 95.10535460,  99.9
 53,  46, 29.76954573, 95.10256557,   6.0
 54,  46, 29.76689733, 95.09983271,   6.0
 55,  46, 29.76424193, 95.09715542,   6.0
 56,  46, 29.76157898, 95.09453316,  99.9
 57,  46, 29.75890793, 95.09196537,   6.0
 58,  46, 29.75622822, 95.08945152,   6.0
 59,  46, 29.75353931, 95.08699107,  99.9
 60,  46, 29.75084063, 95.08458352,   6.0
 61,  46, 29.74813162, 95.08222836,  99.9
 62,  46, 29.74541173, 95.07992509,  99.9
 63,  46, 29.74268039, 95.07767323,  99.9
 64,  46, 29.73993704, 95.07547231,  99.9
 65,  46, 29.73718111, 95.07332187,  99.9
 66,  46, 29.73441202, 95.07122145,  99.9
 67,  46, 29.73162920, 95.06917063,  99.9
 68,  46, 29.72883208, 95.06716896,  99.9
 69,  46, 29.72602008, 95.06521602,  99.9
 70,  46, 29.72319260, 95.06331142,  99.9
 71,  46, 29.72034908, 95.06145474,  99.9
 72,  46, 29.71748891, 95.05964561,  99.9
 73,  46, 29.71461150, 95.05788363,  99.9
 74,  46, 29.71171626, 95.05616844,   6.0
 75,  46, 29.70880258, 95.05449969,   6.0
 76,  46, 29.70586987, 95.05287701,  99.9
 77,  46, 29.70291751, 95.05130007,  99.9
 78,  46, 29.69994488, 95.04976853,  99.9
 79,  46, 29.69695138, 95.04828208,  99.9
 80,  46, 29.69393638, 95.04684041,  99.9
 81,  46, 29.69089926, 95.04544321,  99.9
 82,  46, 29.68783938, 95.04409018,  99.9
 83,  46, 29.68475611, 95.04278104,  99.9
 84,  46, 29.68164880, 95.04151552,  99.9
 85,  46, 29.67851682, 95.04029335,  99.9
 86,  46, 29.67535951, 95.03911427,  99.9
 87,  46, 29.67217622, 95.03797803,  99.9
 88,  46, 29.66896628, 95.03688440,  99.9
 89,  46, 29.66572903, 95.03583315,  99.9
 90,  46, 29.66246380, 95.03482404,  99.9
 91,  46, 29.65916990, 95.03385687,  99.9
 92,  46, 29.65584666, 95.03293144,  99.9
 93,  46, 29.65249337, 95.03204754,  99.9
 94,  46, 29.64910936, 95.03120500,  99.9
 95,  46, 29.64569390, 95.03040362,  99.9
 96,  46, 29.64224629, 95.02964325,  99.9
 97,  46, 29.63876581, 95.02892372,  99.9
 98,  46, 29.63525175, 95.02824487,  99.9
 99,  46, 29.63170337, 95.02760657,  99.9
100,  46, 29.62811992, 95.02700868,  99.9
101,  46, 29.62450068, 95.02645106,   7.0
102,  46, 29.62084487, 95.02593359,   7.0
103,  46, 29.61715176, 95.02545618,   7.0
104,  46, 29.61342055, 95.02501871,   7.0
105,  46, 29.60965049, 95.02462108,   7.0
106,  46, 29.60584078, 95.02426322,  99.9
107,  46, 29.60199063, 95.02394504,  99.9
108,  46, 29.59809924, 95.02366648,  99.9
109,  46, 29.59416580, 95.02342746,  99.9
110,  46, 29.59018950, 95.02322794,  99.9
111,  46, 29.58616950, 95.02306788,  99.9
112,  46, 29.58210498, 95.02294722,  99.9
113,  46, 29.57799507, 95.02286595,  99.9
114,  46, 29.57383893, 95.02282404,  99.9
115,  46, 29.56963570, 95.02282148,  99.9
116,  46, 29.56538450, 95.02285826,  99.9
117,  46, 29.56108444, 95.02293439,   7.1
118,  46, 29.55673462, 95.02304987,   7.1
119,  46, 29.55233415, 95.02320473,   7.1
120,  46, 29.54788211, 95.02339899,   7.1
121,  46, 29.54337757, 95.02363269,   7.1
122,  46, 29.53881959, 95.02390586,  99.9
123,  46, 29.53420722, 95.02421857,  99.9
124,  46, 29.52953951, 95.02457087,  99.9
125,  46, 29.52481548, 95.02496283,  99.9
126,  46, 29.52003415, 95.02539452,  99.9
127,  46, 29.51519452, 95.02586602,  99.9
128,  46, 29.51029559, 95.02637744,  99.9
129,  46, 29.50533633, 95.02692886,  99.9
130,  46, 29.50031571, 95.02752040,  99.9
131,  46, 29.49523269, 95.02815217,  99.9
132,  46, 29.49008621, 95.02882430,  99.9
133,  46, 29.48487519, 95.02953692,  99.9
134,  46, 29.47959856, 95.03029016,  99.9
135,  46, 29.47425521, 95.03108419,  99.9
136,  46, 29.46884403, 95.03191915,  99.9
137,  46, 29.46336389, 95.03279521,  99.9
138,  46, 29.45781366, 95.03371255,   7.0
139,  46, 29.45219217, 95.03467134,  99.9
140,  46, 29.44649825, 95.03567179,  99.9
141,  46, 29.44073072, 95.03671408,  99.9
142,  46, 29.43488838, 95.03779843,  99.9
143,  46, 29.42897001, 95.03892505,  99.9
144,  46, 29.42297438, 95.04009416,  99.9
145,  46, 29.41690023, 95.04130600,  99.9
146,  46, 29.41074631, 95.04256082,  99.9
147,  46, 29.40451133, 95.04385885,  99.9
148,  46, 29.39819399, 95.04520036,  99.9
149,  46, 29.39179298, 95.04658563,  99.9
150,  46, 29.38530696, 95.04801492,  99.9
151,  46, 29.37873458, 95.04948851,  99.9
152,  46, 29.37207447, 95.05100672,  99.9
153,  46, 29.36532524, 95.05256983,  99.9
154,  46, 29.35848550, 95.05417816,  99.9
155,  46, 29.35155380, 95.05583203,  99.9
156,  46, 29.34452872, 95.05753178,  99.9
157,  46, 29.33740877, 95.05927774,  99.9
158,  46, 29.33019249, 95.06107025,  99.9
159,  46, 29.32287837, 95.06290969,  99.9
160,  46, 29.31546487, 95.06479641,  99.9
161,  46, 29.30795047, 95.06673080,  99.9
162,  46, 29.30033358, 95.06871324,  99.9
163,  46, 29.29261263, 95.07074412,  99.9
164,  46, 29.28478601, 95.07282385,   9.2
165,  46, 29.27685207, 95.07495285,   9.2
166,  46, 29.26880918, 95.07713154,   9.1
167,  46, 29.26065565, 95.07936036,   9.0
168,  46, 29.25238979, 95.08163974,   9.0
169,  46, 29.24400986, 95.08397015,   9.0
170,  46, 29.23551414, 95.08635206,   9.0
171,  46, 29.22690083, 95.08878592,   9.0
172,  46, 29.21816815, 95.09127224,   9.0
173,  46, 29.20931428, 95.09381150,   9.0
174,  46, 29.20033737, 95.09640422,   9.0
175,  46, 29.19123555, 95.09905090,   9.0
176,  46, 29.18200692, 95.10175207,   9.0
177,  46, 29.17264957, 95.10450828,   9.0
178,  46, 29.16316153, 95.10732007,   9.0
179,  46, 29.15354083, 95.11018799,   9.1
180,  46, 29.14378546, 95.11311263,   9.1
181,  46, 29.13389339, 95.11609455,   9.1
182,  46, 29.12386256, 95.11913436,   9.1
183,  46, 29.11369088, 95.12223266,   9.1
184,  46, 29.10337622, 95.12539005,   9.1
185,  46, 29.09291643, 95.12860717,   9.1
186,  46, 29.08230933, 95.13188466,   9.0
187,  46, 29.07155272, 95.13522316,   9.0
188,  46, 29.06064434, 95.13862334,   9.0
189,  46, 29.04958193, 95.14208586,   8.9
190,  46, 29.03836317, 95.14561142,   8.9
191,  46, 29.02698572, 95.14920071,   8.8
192,  46, 29.01544722, 95.15285444,   8.7
193,  46, 29.00374525, 95.15657334,   8.6
194,  46, 28.99187738, 95.16035813,   8.5
195,  46, 28.97984113, 95.16420956,   8.5
196,  46, 28.96763398, 95.16812839,   8.4
197,  46, 28.95525340, 95.17211541,   8.3
198,  46, 28.94269680, 95.17617138,   8.2
199,  46, 28.92996156, 95.18029711,   8.1
200,  46, 28.91704503, 95.18449341,   7.9
201,  46, 28.90394450, 95.18876111,   7.8
202,  46, 28.89065725, 95.19310104,   7.7
203,  46, 28.87718050, 95.19751406,   7.6
204,  46, 28.86351145, 95.20200103,   7.5
205,  46, 28.84964724, 95.20656283,   7.4
206,  46, 28.83558497, 95.21120037,   7.3
207,  46, 28.82132172, 95.21591453,   7.2
208,  46, 28.80685451, 95.22070625,   7.1
209,  46, 28.79218032, 95.22557647,   6.9
210,  46, 28.77729608, 95.23052613,   6.8
211,  46, 28.76219870, 95.23555620,   6.7
212,  46, 28.74688501, 95.24066766,   6.5
213,  46, 28.73135183, 95.24586152,   6.4
214,  46, 28.71559592, 95.25113877,   6.2
215,  46, 28.69961398, 95.25650045,   6.1
216,  46, 28.68340268, 95.26194760,   5.9
217,  46, 28.66695863, 95.26748129,   5.7
218,  46, 28.65027841, 95.27310257,   5.6
219,  46, 28.63335854, 95.27881255,   5.4
220,  46, 28.61619547, 95.28461232,   5.3
221,  46, 28.59878564, 95.29050302,   5.1
222,  46, 28.58112539, 95.29648578,   5.0
223,  46, 28.56321106, 95.30256176,   4.8
224,  46, 28.54503890, 95.30873213,   4.6
225,  46, 28.52660511, 95.31499808,   4.4
226,  46, 28.50790585, 95.32136082,   4.3
227,  46, 28.48893722, 95.32782157,   4.1
228,  46, 28.46969524, 95.33438158,   3.9
229,  46, 28.45017592, 95.34104210,   3.7
230,  46, 28.43037517, 95.34780442,   3.5
231,  46, 28.41028885, 95.35466983,   3.3
232,  46, 28.38991278, 95.36163964,   3.1
233,  46, 28.36924270, 95.36871520,   2.9
234,  46, 28.34827429, 95.37589784,   2.7
235,  46, 28.32700318, 95.38318895,   2.4
236,  46, 28.30542492, 95.39058991,   2.2
237,  46, 28.28353502, 95.39810213,   2.1
238,  46, 28.26132889, 95.40572704,   2.0
239,  46, 28.23880190, 95.41346609,   2.0
240,  46, 28.21594935, 95.42132075,   2.0
241,  46, 28.19276646, 95.42929250,   2.0
  1,  47, 29.91698386, 95.33610194,  99.9
  2,  47, 29.91385589, 95.32939618,  99.9
  3,  47, 29.91075109, 95.32279418,  99.9
  4,  47, 29.90766883, 95.31629455,  99.9
  5,  47, 29.90460846, 95.30989592,  99.9
  6,  47, 29.90156938, 95.30359695,  99.9
  7,  47, 29.89855097, 95.29739632,  99.9
  8,  47, 29.89555260, 95.29129272,  99.9
  9,  47, 29.89257368, 95.28528487,  99.9
 10,  47, 29.88961359, 95.27937151,  99.9
 11,  47, 29.88667173, 95.27355139,  99.9
 12,  47, 29.88374749, 95.26782330,  99.9
 13,  47, 29.88084029, 95.26218602,  99.9
 14,  47, 29.87794954, 95.25663839,  99.9
 15,  47, 29.87507463, 95.25117923,  99.9
 16,  47, 29.87221498, 95.24580739,  99.9
 17,  47, 29.86937001, 95.24052175,  99.9
 18,  47, 29.86653913, 95.23532120,  99.9
 19,  47, 29.86372177, 95.23020465,  99.9
 20,  47, 29.86091736, 95.22517102,  99.9
 21,  47, 29.85812530, 95.22021926,  99.9
 22,  47, 29.85534505, 95.21534833,  99.9
 23,  47, 29.85257601, 95.21055721,  99.9
 24,  47, 29.84981764, 95.20584489,  99.9
 25,  47, 29.84706935, 95.20121038,  99.9
 26,  47, 29.84433059, 95.19665271,  99.9
 27,  47, 29.84160080, 95.19217093,  99.9
 28,  47, 29.83887941, 95.18776409,  99.9
 29,  47, 29.83616587, 95.18343128,  99.9
 30,  47, 29.83345962, 95.17917157,  99.9
 31,  47, 29.83076010, 95.17498409,  99.9
 32,  47, 29.82806675, 95.17086795,  99.9
 33,  47, 29.82537904, 95.16682228,  99.9
 34,  47, 29.82269639, 95.16284625,  99.9
 35,  47, 29.82001826, 95.15893901,  99.9
 36,  47, 29.81734410, 95.15509975,  99.9
 37,  47, 29.81467335, 95.15132767,  99.9
 38,  47, 29.81200547, 95.14762196,  99.9
 39,  47, 29.80933991, 95.14398186,  99.9
 40,  47, 29.80667612, 95.14040661,  99.9
 41,  47, 29.80401355, 95.13689545,  99.9
 42,  47, 29.80135164, 95.13344765,  99.9
 43,  47, 29.79868986, 95.13006248,  99.9
 44,  47, 29.79602765, 95.12673924,  99.9
 45,  47, 29.79336446, 95.12347723,  99.9
 46,  47, 29.79069974, 95.12027576,  99.9
 47,  47, 29.78803295, 95.11713417,  99.9
 48,  47, 29.78536352, 95.11405180,  99.9
 49,  47, 29.78269092, 95.11102799,  99.9
 50,  47, 29.78001459, 95.10806213,  99.9
 51,  47, 29.77733397, 95.10515358,  99.9
 52,  47, 29.77464851, 95.10230174,   6.0
 53,  47, 29.77195766, 95.09950601,   6.0
 54,  47, 29.76926085, 95.09676580,  99.9
 55,  47, 29.76655754, 95.09408054,   6.0
 56,  47, 29.76384716, 95.09144966,   6.0
 57,  47, 29.76112915, 95.08887263,   6.0
 58,  47, 29.75840295, 95.08634889,   6.0
 59,  47, 29.75566800, 95.08387791,   6.0
 60,  47, 29.75292372, 95.08145918,   6.0
 61,  47, 29.75016956, 95.07909220,  99.9
 62,  47, 29.74740493, 95.07677646,  99.9
 63,  47, 29.74462927, 95.07451148,   6.0
 64,  47, 29.74184200, 95.07229679,   6.0
 65,  47, 29.73904255, 95.07013192,   6.0
 66,  47, 29.73623033, 95.06801641,  99.9
 67,  47, 29.73340476, 95.06594984,  99.9
 68,  47, 29.73056526, 95.06393175,  99.9
 69,  47, 29.72771123, 95.06196173,  99.9
 70,  47, 29.72484209, 95.06003936,  99.9
 71,  47, 29.72195724, 95.05816425,  99.9
 72,  47, 29.71905609, 95.05633599,  99.9
 73,  47, 29.71613802, 95.05455421,   6.0
 74,  47, 29.71320243, 95.05281852,   6.0
 75,  47, 29.71024872, 95.05112858,   6.0
 76,  47, 29.70727628, 95.04948401,   6.0
 77,  47, 29.70428448, 95.04788449,  99.9
 78,  47, 29.70127270, 95.04632966,  99.9
 79,  47, 29.69824032, 95.04481920,  99.9
 80,  47, 29.69518672, 95.04335281,  99.9
 81,  47, 29.69211124, 95.04193016,  99.9
 82,  47, 29.68901327, 95.04055096,  99.9
 83,  47, 29.68589215, 95.03921492,  99.9
 84,  47, 29.68274723, 95.03792175,  99.9
 85,  47, 29.67957787, 95.03667120,  99.9
 86,  47, 29.67638340, 95.03546298,  99.9
 87,  47, 29.67316316, 95.03429685,   7.1
 88,  47, 29.66991648, 95.03317257,   7.1
 89,  47, 29.66664268, 95.03208989,   7.1
 90,  47, 29.66334110, 95.03104859,   7.1
 91,  47, 29.66001103, 95.03004844,   7.0
 92,  47, 29.65665179, 95.02908924,   7.0
 93,  47, 29.65326268, 95.02817078,   7.0
 94,  47, 29.64984300, 95.02729287,   7.0
 95,  47, 29.64639203, 95.02645532,  99.9
 96,  47, 29.64290905, 95.02565796,  99.9
 97,  47, 29.63939335, 95.02490061,  99.9
 98,  47, 29.63584419, 95.02418312,  99.9
 99,  47, 29.63226083, 95.02350533,  99.9
100,  47, 29.62864254, 95.02286710,   7.0
101,  47, 29.62498855, 95.02226828,   7.0
102,  47, 29.62129810, 95.02170876,   7.0
103,  47, 29.61757043, 95.02118841,   7.0
104,  47, 29.61380477, 95.02070712,   7.0
105,  47, 29.61000032, 95.02026479,   7.0
106,  47, 29.60615631, 95.01986132,  99.9
107,  47, 29.60227192, 95.01949662,  99.9
108,  47, 29.59834635, 95.01917062,  99.9
109,  47, 29.59437879, 95.01888323,  99.9
110,  47, 29.59036841, 95.01863441,  99.9
111,  47, 29.58631437, 95.01842408,  99.9
112,  47, 29.58221583, 95.01825220,  99.9
113,  47, 29.57807194, 95.01811874,  99.9
114,  47, 29.57388183, 95.01802366,  99.9
115,  47, 29.56964464, 95.01796694,  99.9
116,  47, 29.56535948, 95.01794855,   7.0
117,  47, 29.56102546, 95.01796850,   7.0
118,  47, 29.55664167, 95.01802677,   7.0
119,  47, 29.55220721, 95.01812338,   7.0
120,  47, 29.54772116, 95.01825835,   7.1
121,  47, 29.54318257, 95.01843169,   7.1
122,  47, 29.53859050, 95.01864343,  99.9
123,  47, 29.53394401, 95.01889362,  99.9
124,  47, 29.52924211, 95.01918230,  99.9
125,  47, 29.52448384, 95.01950953,  99.9
126,  47, 29.51966820, 95.01987536,  99.9
127,  47, 29.51479418, 95.02027987,  99.9
128,  47, 29.50986078, 95.02072314,  99.9
129,  47, 29.50486697, 95.02120524,  99.9
130,  47, 29.49981170, 95.02172628,  99.9
131,  47, 29.49469393, 95.02228636,  99.9
132,  47, 29.48951259, 95.02288558,  99.9
133,  47, 29.48426659, 95.02352407,  99.9
134,  47, 29.47895486, 95.02420194,  99.9
135,  47, 29.47357627, 95.02491934,  99.9
136,  47, 29.46812972, 95.02567640,  99.9
137,  47, 29.46261406, 95.02647328,  99.9
138,  47, 29.45702815, 95.02731013,   7.0
139,  47, 29.45137083, 95.02818712,  99.9
140,  47, 29.44564091, 95.02910442,  99.9
141,  47, 29.43983720, 95.03006221,  99.9
142,  47, 29.43395851, 95.03106069,  99.9
143,  47, 29.42800359, 95.03210005,  99.9
144,  47, 29.42197121, 95.03318050,  99.9
145,  47, 29.41586011, 95.03430225,  99.9
146,  47, 29.40966902, 95.03546553,  99.9
147,  47, 29.40339666, 95.03667058,  99.9
148,  47, 29.39704171, 95.03791762,  99.9
149,  47, 29.39060284, 95.03920691,  99.9
150,  47, 29.38407873, 95.04053871,  99.9
151,  47, 29.37746801, 95.04191328,  99.9
152,  47, 29.37076930, 95.04333090,  99.9
153,  47, 29.36398120, 95.04479185,  99.9
154,  47, 29.35710231, 95.04629641,  99.9
155,  47, 29.35013119, 95.04784490,  99.9
156,  47, 29.34306639, 95.04943762,  99.9
157,  47, 29.33590643, 95.05107488,  99.9
158,  47, 29.32864982, 95.05275702,  99.9
159,  47, 29.32129506, 95.05448437,  99.9
160,  47, 29.31384060, 95.05625728,  99.9
161,  47, 29.30628490, 95.05807609,  99.9
162,  47, 29.29862638, 95.05994118,  99.9
163,  47, 29.29086345, 95.06185291,   9.1
164,  47, 29.28299448, 95.06381167,   9.2
165,  47, 29.27501784, 95.06581784,   9.2
166,  47, 29.26693186, 95.06787183,   9.2
167,  47, 29.25873487, 95.06997405,   9.1
168,  47, 29.25042515, 95.07212491,   9.0
169,  47, 29.24200096, 95.07432485,   9.0
170,  47, 29.23346057, 95.07657430,   8.9
171,  47, 29.22480217, 95.07887371,   8.9
172,  47, 29.21602398, 95.08122353,   8.9
173,  47, 29.20712415, 95.08362425,   8.9
174,  47, 29.19810084, 95.08607633,   9.0
175,  47, 29.18895217, 95.08858026,   9.0
176,  47, 29.17967622, 95.09113654,   9.0
177,  47, 29.17027106, 95.09374568,   9.0
178,  47, 29.16073474, 95.09640819,   9.0
179,  47, 29.15106526, 95.09912462,   9.0
180,  47, 29.14126061, 95.10189549,   9.0
181,  47, 29.13131875, 95.10472136,   9.0
182,  47, 29.12123760, 95.10760278,   9.0
183,  47, 29.11101506, 95.11054033,   9.0
184,  47, 29.10064900, 95.11353460,   9.0
185,  47, 29.09013726, 95.11658617,   9.0
186,  47, 29.07947765, 95.11969565,   9.0
187,  47, 29.06866794, 95.12286365,   8.9
188,  47, 29.05770588, 95.12609081,   8.9
189,  47, 29.04658918, 95.12937776,   8.8
190,  47, 29.03531554, 95.13272515,   8.8
191,  47, 29.02388258, 95.13613364,   8.7
192,  47, 29.01228794, 95.13960391,   8.6
193,  47, 29.00052920, 95.14313664,   8.5
194,  47, 28.98860390, 95.14673253,   8.4
195,  47, 28.97650955, 95.15039229,   8.3
196,  47, 28.96424363, 95.15411664,   8.2
197,  47, 28.95180359, 95.15790631,   8.1
198,  47, 28.93918684, 95.16176205,   8.0
199,  47, 28.92639073, 95.16568462,   7.9
200,  47, 28.91341260, 95.16967479,   7.8
201,  47, 28.90024974, 95.17373334,   7.7
202,  47, 28.88689941, 95.17786107,   7.6
203,  47, 28.87335883, 95.18205879,   7.5
204,  47, 28.85962517, 95.18632733,   7.4
205,  47, 28.84569556, 95.19066752,   7.3
206,  47, 28.83156710, 95.19508020,   7.1
207,  47, 28.81723684, 95.19956626,   7.0
208,  47, 28.80270179, 95.20412655,   6.9
209,  47, 28.78795893, 95.20876197,   6.8
210,  47, 28.77300517, 95.21347344,   6.6
211,  47, 28.75783739, 95.21826186,   6.5
212,  47, 28.74245244, 95.22312817,   6.4
213,  47, 28.72684709, 95.22807332,   6.2
214,  47, 28.71101810, 95.23309828,   6.1
215,  47, 28.69496217, 95.23820401,   5.9
216,  47, 28.67867594, 95.24339152,   5.8
217,  47, 28.66215601, 95.24866180,   5.6
218,  47, 28.64539894, 95.25401589,   5.5
219,  47, 28.62840123, 95.25945481,   5.3
220,  47, 28.61115934, 95.26497963,   5.2
221,  47, 28.59366967, 95.27059141,   5.0
222,  47, 28.57592856, 95.27629124,   4.8
223,  47, 28.55793232, 95.28208022,   4.7
224,  47, 28.53967718, 95.28795946,   4.5
225,  47, 28.52115935, 95.29393010,   4.3
226,  47, 28.50237495, 95.29999329,   4.2
227,  47, 28.48332007, 95.30615020,   4.0
228,  47, 28.46399073, 95.31240200,   3.8
229,  47, 28.44438289, 95.31874990,   3.6
230,  47, 28.42449247, 95.32519512,   3.4
231,  47, 28.40431531, 95.33173889,   3.2
232,  47, 28.38384719, 95.33838247,   3.0
233,  47, 28.36308386, 95.34512712,   2.8
234,  47, 28.34202097, 95.35197414,   2.6
235,  47, 28.32065413, 95.35892482,   2.4
236,  47, 28.29897888, 95.36598050,   2.2
237,  47, 28.27699069, 95.37314252,   2.0
238,  47, 28.25468498, 95.38041223,   2.0
239,  47, 28.23205708, 95.38779103,   2.0
240,  47, 28.20910228, 95.39528030,   2.0
241,  47, 28.18581578, 95.40288148,   2.0
  1,  48, 29.92285922, 95.33244556,  99.9
  2,  48, 29.91964076, 95.32576756,  99.9
  3,  48, 29.91644668, 95.31919259,  99.9
  4,  48, 29.91327631, 95.31271925,  99.9
  5,  48, 29.91012903, 95.30634619,  99.9
  6,  48, 29.90700418, 95.30007206,  99.9
  7,  48, 29.90390113, 95.29389555,  99.9
  8,  48, 29.90081925, 95.28781535,  99.9
  9,  48, 29.89775791, 95.28183019,  99.9
 10,  48, 29.89471649, 95.27593882,  99.9
 11,  48, 29.89169436, 95.27013998,  99.9
 12,  48, 29.88869091, 95.26443248,  99.9
 13,  48, 29.88570553, 95.25881510,  99.9
 14,  48, 29.88273760, 95.25328667,  99.9
 15,  48, 29.87978652, 95.24784602,  99.9
 16,  48, 29.87685169, 95.24249202,  99.9
 17,  48, 29.87393250, 95.23722353,  99.9
 18,  48, 29.87102837, 95.23203946,  99.9
 19,  48, 29.86813868, 95.22693871,  99.9
 20,  48, 29.86526286, 95.22192022,  99.9
 21,  48, 29.86240031, 95.21698293,  99.9
 22,  48, 29.85955045, 95.21212580,  99.9
 23,  48, 29.85671269, 95.20734782,  99.9
 24,  48, 29.85388645, 95.20264798,  99.9
 25,  48, 29.85107116, 95.19802529,  99.9
 26,  48, 29.84826622, 95.19347879,  99.9
 27,  48, 29.84547107, 95.18900753,  99.9
 28,  48, 29.84268514, 95.18461056,  99.9
 29,  48, 29.83990784, 95.18028696,  99.9
 30,  48, 29.83713862, 95.17603583,  99.9
 31,  48, 29.83437689, 95.17185627,  99.9
 32,  48, 29.83162210, 95.16774741,  99.9
 33,  48, 29.82887367, 95.16370839,  99.9
 34,  48, 29.82613104, 95.15973835,  99.9
 35,  48, 29.82339365, 95.15583647,  99.9
 36,  48, 29.82066093, 95.15200193,  99.9
 37,  48, 29.81793232, 95.14823393,  99.9
 38,  48, 29.81520725, 95.14453167,  99.9
 39,  48, 29.81248517, 95.14089437,  99.9
 40,  48, 29.80976552, 95.13732129,  99.9
 41,  48, 29.80704773, 95.13381166,  99.9
 42,  48, 29.80433124, 95.13036475,  99.9
 43,  48, 29.80161549, 95.12697985,  99.9
 44,  48, 29.79889992, 95.12365623,  99.9
 45,  48, 29.79618398, 95.12039320,  99.9
 46,  48, 29.79346710, 95.11719009,  99.9
 47,  48, 29.79074871, 95.11404621,  99.9
 48,  48, 29.78802826, 95.11096092,  99.9
 49,  48, 29.78530519, 95.10793355,  99.9
 50,  48, 29.78257894, 95.10496349,  99.9
 51,  48, 29.77984893, 95.10205010,   6.0
 52,  48, 29.77711461, 95.09919277,   6.0
 53,  48, 29.77437541, 95.09639092,  99.9
 54,  48, 29.77163076, 95.09364394,  99.9
 55,  48, 29.76888009, 95.09095127,   6.0
 56,  48, 29.76612285, 95.08831233,   6.0
 57,  48, 29.76335845, 95.08572659,   6.0
 58,  48, 29.76058632, 95.08319349,   6.0
 59,  48, 29.75780589, 95.08071250,   6.0
 60,  48, 29.75501659, 95.07828311,   6.0
 61,  48, 29.75221783, 95.07590480,   6.0
 62,  48, 29.74940904, 95.07357708,   6.0
 63,  48, 29.74658964, 95.07129945,   6.0
 64,  48, 29.74375903, 95.06907145,   5.9
 65,  48, 29.74091664, 95.06689260,   5.9
 66,  48, 29.73806188, 95.06476245,  99.9
 67,  48, 29.73519414, 95.06268056,  99.9
 68,  48, 29.73231285, 95.06064647,  99.9
 69,  48, 29.72941740, 95.05865978,   5.9
 70,  48, 29.72650718, 95.05672005,  99.9
 71,  48, 29.72358161, 95.05482689,  99.9
 72,  48, 29.72064006, 95.05297990,   6.0
 73,  48, 29.71768194, 95.05117868,   6.0
 74,  48, 29.71470662, 95.04942287,   6.0
 75,  48, 29.71171349, 95.04771209,   6.0
 76,  48, 29.70870193, 95.04604599,   6.0
 77,  48, 29.70567131, 95.04442421,   6.0
 78,  48, 29.70262101, 95.04284641,  99.9
 79,  48, 29.69955038, 95.04131227,  99.9
 80,  48, 29.69645880, 95.03982146,  99.9
 81,  48, 29.69334562, 95.03837366,  99.9
 82,  48, 29.69021019, 95.03696858,  99.9
 83,  48, 29.68705187, 95.03560592,  99.9
 84,  48, 29.68386999, 95.03428538,  99.9
 85,  48, 29.68066390, 95.03300670,  99.9
 86,  48, 29.67743294, 95.03176960,  99.9
 87,  48, 29.67417641, 95.03057383,  99.9
 88,  48, 29.67089367, 95.02941913,  99.9
 89,  48, 29.66758401, 95.02830526,  99.9
 90,  48, 29.66424675, 95.02723198,  99.9
 91,  48, 29.66088121, 95.02619906,  99.9
 92,  48, 29.65748667, 95.02520630,  99.9
 93,  48, 29.65406244, 95.02425347,  99.9
 94,  48, 29.65060780, 95.02334038,   7.0
 95,  48, 29.64712203, 95.02246684,   7.0
 96,  48, 29.64360441, 95.02163266,  99.9
 97,  48, 29.64005421, 95.02083765,  99.9
 98,  48, 29.63647069, 95.02008167,  99.9
 99,  48, 29.63285311, 95.01936453,  99.9
100,  48, 29.62920071, 95.01868610,   7.0
101,  48, 29.62551273, 95.01804622,  99.9
102,  48, 29.62178840, 95.01744476,  99.9
103,  48, 29.61802696, 95.01688159,   6.9
104,  48, 29.61422762, 95.01635659,   6.9
105,  48, 29.61038958, 95.01586964,  99.9
106,  48, 29.60651206, 95.01542065,  99.9
107,  48, 29.60259424, 95.01500951,  99.9
108,  48, 29.59863531, 95.01463614,  99.9
109,  48, 29.59463444, 95.01430045,  99.9
110,  48, 29.59059081, 95.01400237,  99.9
111,  48, 29.58650356, 95.01374183,  99.9
112,  48, 29.58237186, 95.01351878,  99.9
113,  48, 29.57819484, 95.01333316,  99.9
114,  48, 29.57397163, 95.01318493,  99.9
115,  48, 29.56970136, 95.01307406,   7.0
116,  48, 29.56538313, 95.01300051,   7.0
117,  48, 29.56101605, 95.01296428,   7.0
118,  48, 29.55659920, 95.01296534,   7.0
119,  48, 29.55213167, 95.01300369,   7.0
120,  48, 29.54761253, 95.01307934,   7.0
121,  48, 29.54304083, 95.01319229,   7.0
122,  48, 29.53841564, 95.01334256,   7.0
123,  48, 29.53373597, 95.01353019,  99.9
124,  48, 29.52900087, 95.01375520,  99.9
125,  48, 29.52420933, 95.01401763,  99.9
126,  48, 29.51936038, 95.01431753,  99.9
127,  48, 29.51445299, 95.01465497,  99.9
128,  48, 29.50948614, 95.01502999,  99.9
129,  48, 29.50445881, 95.01544269,  99.9
130,  48, 29.49936994, 95.01589313,  99.9
131,  48, 29.49421847, 95.01638140,  99.9
132,  48, 29.48900334, 95.01690760,  99.9
133,  48, 29.48372345, 95.01747183,  99.9
134,  48, 29.47837771, 95.01807420,  99.9
135,  48, 29.47296500, 95.01871483,   7.1
136,  48, 29.46748420, 95.01939385,   7.1
137,  48, 29.46193416, 95.02011138,   7.0
138,  48, 29.45631374, 95.02086758,   6.9
139,  48, 29.45062175, 95.02166258,  99.9
140,  48, 29.44485701, 95.02249655,  99.9
141,  48, 29.43901833, 95.02336966,  99.9
142,  48, 29.43310449, 95.02428206,  99.9
143,  48, 29.42711425, 95.02523396,  99.9
144,  48, 29.42104637, 95.02622553,  99.9
145,  48, 29.41489959, 95.02725697,  99.9
146,  48, 29.40867261, 95.02832850,  99.9
147,  48, 29.40236416, 95.02944031,  99.9
148,  48, 29.39597291, 95.03059263,  99.9
149,  48, 29.38949753, 95.03178570,  99.9
150,  48, 29.38293667, 95.03301974,  99.9
151,  48, 29.37628897, 95.03429501,  99.9
152,  48, 29.36955304, 95.03561176,  99.9
153,  48, 29.36272748, 95.03697024,  99.9
154,  48, 29.35581086, 95.03837075,  99.9
155,  48, 29.34880175, 95.03981354,  99.9
156,  48, 29.34169869, 95.04129891,  99.9
157,  48, 29.33450019, 95.04282716,  99.9
158,  48, 29.32720476, 95.04439858,  99.9
159,  48, 29.31981087, 95.04601350,  99.9
160,  48, 29.31231699, 95.04767224,  99.9
161,  48, 29.30472155, 95.04937512,  99.9
162,  48, 29.29702297, 95.05112248,   9.0
163,  48, 29.28921965, 95.05291468,   9.0
164,  48, 29.28130997, 95.05475207,   9.1
165,  48, 29.27329226, 95.05663502,   9.1
166,  48, 29.26516487, 95.05856390,   9.1
167,  48, 29.25692610, 95.06053910,   9.1
168,  48, 29.24857423, 95.06256101,   9.1
169,  48, 29.24010753, 95.06463003,   8.9
170,  48, 29.23152422, 95.06674658,   8.9
171,  48, 29.22282252, 95.06891107,   8.9
172,  48, 29.21400061, 95.07112394,   8.9
173,  48, 29.20505667, 95.07338563,   8.9
174,  48, 29.19598881, 95.07569658,   8.9
175,  48, 29.18679516, 95.07805727,   8.9
176,  48, 29.17747380, 95.08046815,   8.9
177,  48, 29.16802278, 95.08292970,   8.9
178,  48, 29.15844014, 95.08544242,   8.9
179,  48, 29.14872387, 95.08800680,   8.9
180,  48, 29.13887196, 95.09062335,   8.9
181,  48, 29.12888235, 95.09329260,   8.9
182,  48, 29.11875295, 95.09601507,   8.9
183,  48, 29.10848165, 95.09879130,   8.9
184,  48, 29.09806633, 95.10162184,   8.9
185,  48, 29.08750479, 95.10450725,   8.9
186,  48, 29.07679485, 95.10744811,   8.9
187,  48, 29.06593426, 95.11044499,   8.9
188,  48, 29.05492077, 95.11349849,   8.8
189,  48, 29.04375208, 95.11660921,   8.7
190,  48, 29.03242586, 95.11977777,   8.6
191,  48, 29.02093974, 95.12300480,   8.6
192,  48, 29.00929135, 95.12629092,   8.5
193,  48, 28.99747823, 95.12963679,   8.4
194,  48, 28.98549794, 95.13304308,   8.3
195,  48, 28.97334798, 95.13651044,   8.2
196,  48, 28.96102581, 95.14003957,   8.1
197,  48, 28.94852886, 95.14363115,   8.0
198,  48, 28.93585452, 95.14728590,   7.9
199,  48, 28.92300017, 95.15100454,   7.7
200,  48, 28.90996310, 95.15478779,   7.6
201,  48, 28.89674061, 95.15863639,   7.5
202,  48, 28.88332994, 95.16255111,   7.4
203,  48, 28.86972829, 95.16653272,   7.3
204,  48, 28.85593282, 95.17058198,   7.2
205,  48, 28.84194066, 95.17469970,   7.1
206,  48, 28.82774890, 95.17888668,   7.0
207,  48, 28.81335456, 95.18314374,   6.9
208,  48, 28.79875465, 95.18747172,   6.8
209,  48, 28.78394612, 95.19187145,   6.6
210,  48, 28.76892589, 95.19634380,   6.5
211,  48, 28.75369082, 95.20088963,   6.3
212,  48, 28.73823774, 95.20550985,   6.2
213,  48, 28.72256341, 95.21020533,   6.1
214,  48, 28.70666458, 95.21497701,   5.9
215,  48, 28.69053793, 95.21982580,   5.8
216,  48, 28.67418009, 95.22475265,   5.6
217,  48, 28.65758764, 95.22975852,   5.5
218,  48, 28.64075714, 95.23484437,   5.4
219,  48, 28.62368506, 95.24001119,   5.2
220,  48, 28.60636785, 95.24525998,   5.1
221,  48, 28.58880190, 95.25059176,   4.9
222,  48, 28.57098353, 95.25600756,   4.7
223,  48, 28.55290904, 95.26150842,   4.6
224,  48, 28.53457465, 95.26709540,   4.4
225,  48, 28.51597654, 95.27276958,   4.2
226,  48, 28.49711082, 95.27853205,   4.1
227,  48, 28.47797357, 95.28438393,   3.9
228,  48, 28.45856078, 95.29032632,   3.7
229,  48, 28.43886841, 95.29636039,   3.5
230,  48, 28.41889236, 95.30248728,   3.3
231,  48, 28.39862844, 95.30870816,   3.1
232,  48, 28.37807244, 95.31502423,   2.9
233,  48, 28.35722006, 95.32143669,   2.7
234,  48, 28.33606696, 95.32794677,   2.5
235,  48, 28.31460871, 95.33455571,   2.3
236,  48, 28.29284086, 95.34126476,   2.1
237,  48, 28.27075884, 95.34807521,   2.0
238,  48, 28.24835805, 95.35498835,   2.0
239,  48, 28.22563383, 95.36200549,   2.0
240,  48, 28.20258142, 95.36912796,   2.0
241,  48, 28.17919602, 95.37635712,   2.0
  1,  49, 29.92870910, 95.32868475,  99.9
  2,  49, 29.92540082, 95.32203593,  99.9
  3,  49, 29.92211811, 95.31548937,  99.9
  4,  49, 29.91886031, 95.30904369,  99.9
  5,  49, 29.91562675, 95.30269753,  99.9
  6,  49, 29.91241678, 95.29644956,  99.9
  7,  49, 29.90922974, 95.29029846,  99.9
  8,  49, 29.90606498, 95.28424294,  99.9
  9,  49, 29.90292186, 95.27828174,  99.9
 10,  49, 29.89979974, 95.27241359,  99.9
 11,  49, 29.89669797, 95.26663726,  99.9
 12,  49, 29.89361592, 95.26095154,  99.9
 13,  49, 29.89055298, 95.25535523,  99.9
 14,  49, 29.88750850, 95.24984716,  99.9
 15,  49, 29.88448186, 95.24442617,  99.9
 16,  49, 29.88147245, 95.23909113,  99.9
 17,  49, 29.87847966, 95.23384090,  99.9
 18,  49, 29.87550286, 95.22867440,  99.9
 19,  49, 29.87254145, 95.22359052,  99.9
 20,  49, 29.86959482, 95.21858822,  99.9
 21,  49, 29.86666237, 95.21366643,  99.9
 22,  49, 29.86374350, 95.20882412,  99.9
 23,  49, 29.86083760, 95.20406028,  99.9
 24,  49, 29.85794409, 95.19937391,  99.9
 25,  49, 29.85506236, 95.19476402,  99.9
 26,  49, 29.85219183, 95.19022965,  99.9
 27,  49, 29.84933190, 95.18576984,  99.9
 28,  49, 29.84648200, 95.18138365,  99.9
 29,  49, 29.84364152, 95.17707018,  99.9
 30,  49, 29.84080990, 95.17282851,  99.9
 31,  49, 29.83798654, 95.16865776,  99.9
 32,  49, 29.83517087, 95.16455704,  99.9
 33,  49, 29.83236230, 95.16052550,  99.9
 34,  49, 29.82956027, 95.15656230,  99.9
 35,  49, 29.82676418, 95.15266660,  99.9
 36,  49, 29.82397347, 95.14883758,  99.9
 37,  49, 29.82118755, 95.14507444,  99.9
 38,  49, 29.81840587, 95.14137640,  99.9
 39,  49, 29.81562784, 95.13774268,  99.9
 40,  49, 29.81285288, 95.13417251,  99.9
 41,  49, 29.81008043, 95.13066515,  99.9
 42,  49, 29.80730992, 95.12721986,  99.9
 43,  49, 29.80454078, 95.12383593,  99.9
 44,  49, 29.80177242, 95.12051263,  99.9
 45,  49, 29.79900428, 95.11724928,  99.9
 46,  49, 29.79623580, 95.11404518,  99.9
 47,  49, 29.79346639, 95.11089968,  99.9
 48,  49, 29.79069548, 95.10781211,  99.9
 49,  49, 29.78792251, 95.10478182,  99.9
 50,  49, 29.78514690, 95.10180817,  99.9
 51,  49, 29.78236807, 95.09889055,   6.0
 52,  49, 29.77958545, 95.09602835,  99.9
 53,  49, 29.77679847, 95.09322095,  99.9
 54,  49, 29.77400654, 95.09046778,  99.9
 55,  49, 29.77120910, 95.08776826,  99.9
 56,  49, 29.76840556, 95.08512182,  99.9
 57,  49, 29.76559534, 95.08252790,   6.0
 58,  49, 29.76277786, 95.07998597,   6.0
 59,  49, 29.75995254, 95.07749549,   6.0
 60,  49, 29.75711879, 95.07505594,   5.9
 61,  49, 29.75427602, 95.07266681,   5.9
 62,  49, 29.75142365, 95.07032759,   5.9
 63,  49, 29.74856108, 95.06803781,   5.9
 64,  49, 29.74568773, 95.06579696,   5.9
 65,  49, 29.74280299, 95.06360460,   5.9
 66,  49, 29.73990627, 95.06146025,   5.9
 67,  49, 29.73699697, 95.05936346,   5.9
 68,  49, 29.73407448, 95.05731381,   5.9
 69,  49, 29.73113820, 95.05531085,   5.9
 70,  49, 29.72818752, 95.05335418,   5.9
 71,  49, 29.72522183, 95.05144337,   5.9
 72,  49, 29.72224051, 95.04957802,   5.9
 73,  49, 29.71924294, 95.04775776,   5.9
 74,  49, 29.71622851, 95.04598218,   6.0
 75,  49, 29.71319658, 95.04425093,   6.0
 76,  49, 29.71014653, 95.04256364,   6.0
 77,  49, 29.70707772, 95.04091995,   6.0
 78,  49, 29.70398952, 95.03931952,  99.9
 79,  49, 29.70088129, 95.03776201,  99.9
 80,  49, 29.69775237, 95.03624709,  99.9
 81,  49, 29.69460213, 95.03477446,  99.9
 82,  49, 29.69142990, 95.03334379,  99.9
 83,  49, 29.68823503, 95.03195479,  99.9
 84,  49, 29.68501686, 95.03060716,  99.9
 85,  49, 29.68177471, 95.02930062,  99.9
 86,  49, 29.67850791, 95.02803491,  99.9
 87,  49, 29.67521578, 95.02680974,  99.9
 88,  49, 29.67189765, 95.02562486,  99.9
 89,  49, 29.66855281, 95.02448003,  99.9
 90,  49, 29.66518058, 95.02337500,  99.9
 91,  49, 29.66178025, 95.02230954,  99.9
 92,  49, 29.65835112, 95.02128342,  99.9
 93,  49, 29.65489248, 95.02029643,  99.9
 94,  49, 29.65140360, 95.01934835,  99.9
 95,  49, 29.64788376, 95.01843900,   7.0
 96,  49, 29.64433223, 95.01756817,   7.0
 97,  49, 29.64074826, 95.01673568,  99.9
 98,  49, 29.63713113, 95.01594136,   6.9
 99,  49, 29.63348006, 95.01518503,   6.9
100,  49, 29.62979431, 95.01446654,  99.9
101,  49, 29.62607311, 95.01378573,  99.9
102,  49, 29.62231568, 95.01314246,  99.9
103,  49, 29.61852125, 95.01253659,  99.9
104,  49, 29.61468901, 95.01196799,   6.9
105,  49, 29.61081818, 95.01143654,  99.9
106,  49, 29.60690795, 95.01094212,  99.9
107,  49, 29.60295751, 95.01048464,  99.9
108,  49, 29.59896603, 95.01006398,  99.9
109,  49, 29.59493269, 95.00968005,  99.9
110,  49, 29.59085665, 95.00933279,  99.9
111,  49, 29.58673705, 95.00902210,  99.9
112,  49, 29.58257304, 95.00874791,  99.9
113,  49, 29.57836376, 95.00851018,  99.9
114,  49, 29.57410832, 95.00830884,   7.0
115,  49, 29.56980585, 95.00814385,   7.0
116,  49, 29.56545545, 95.00801517,   7.0
117,  49, 29.56105620, 95.00792276,   7.0
118,  49, 29.55660721, 95.00786662,   7.0
119,  49, 29.55210754, 95.00784670,   7.0
120,  49, 29.54755625, 95.00786302,   7.0
121,  49, 29.54295239, 95.00791557,   7.0
122,  49, 29.53829502, 95.00800434,   7.0
123,  49, 29.53358315, 95.00812937,   7.0
124,  49, 29.52881582, 95.00829066,  99.9
125,  49, 29.52399202, 95.00848825,  99.9
126,  49, 29.51911075, 95.00872217,  99.9
127,  49, 29.51417100, 95.00899247,  99.9
128,  49, 29.50917174, 95.00929919,  99.9
129,  49, 29.50411192, 95.00964239,  99.9
130,  49, 29.49899050, 95.01002214,  99.9
131,  49, 29.49380641, 95.01043852,  99.9
132,  49, 29.48855856, 95.01089159,  99.9
133,  49, 29.48324587, 95.01138145,  99.9
134,  49, 29.47786723, 95.01190820,  99.9
135,  49, 29.47242152, 95.01247194,   7.0
136,  49, 29.46690761, 95.01307277,   7.1
137,  49, 29.46132434, 95.01371082,   7.1
138,  49, 29.45567056, 95.01438621,  99.9
139,  49, 29.44994508, 95.01509908,  99.9
140,  49, 29.44414672, 95.01584956,  99.9
141,  49, 29.43827427, 95.01663780,  99.9
142,  49, 29.43232651, 95.01746396,  99.9
143,  49, 29.42630219, 95.01832820,  99.9
144,  49, 29.42020006, 95.01923069,  99.9
145,  49, 29.41401886, 95.02017162,  99.9
146,  49, 29.40775729, 95.02115117,  99.9
147,  49, 29.40141405, 95.02216953,  99.9
148,  49, 29.39498781, 95.02322690,  99.9
149,  49, 29.38847725, 95.02432350,  99.9
150,  49, 29.38188100, 95.02545954,  99.9
151,  49, 29.37519770, 95.02663525,  99.9
152,  49, 29.36842594, 95.02785087,  99.9
153,  49, 29.36156432, 95.02910663,  99.9
154,  49, 29.35461141, 95.03040279,  99.9
155,  49, 29.34756575, 95.03173960,  99.9
156,  49, 29.34042590, 95.03311733,  99.9
157,  49, 29.33319034, 95.03453625,  99.9
158,  49, 29.32585759, 95.03599665,  99.9
159,  49, 29.31842610, 95.03749882,  99.9
160,  49, 29.31089434, 95.03904305,  99.9
161,  49, 29.30326073, 95.04062966,   9.0
162,  49, 29.29552369, 95.04225895,   8.9
163,  49, 29.28768159, 95.04393126,   9.0
164,  49, 29.27973282, 95.04564692,   9.0
165,  49, 29.27167570, 95.04740627,   9.0
166,  49, 29.26350857, 95.04920966,   9.0
167,  49, 29.25522972, 95.05105745,   9.0
168,  49, 29.24683742, 95.05295000,   9.0
169,  49, 29.23832994, 95.05488769,   8.9
170,  49, 29.22970549, 95.05687092,   8.9
171,  49, 29.22096227, 95.05890006,   8.8
172,  49, 29.21209848, 95.06097553,   8.8
173,  49, 29.20311225, 95.06309775,   8.8
174,  49, 29.19400172, 95.06526712,   8.8
175,  49, 29.18476498, 95.06748408,   8.8
176,  49, 29.17540012, 95.06974908,   8.8
177,  49, 29.16590519, 95.07206256,   8.8
178,  49, 29.15627819, 95.07442498,   8.8
179,  49, 29.14651714, 95.07683681,   8.8
180,  49, 29.13661998, 95.07929853,   8.8
181,  49, 29.12658467, 95.08181063,   8.9
182,  49, 29.11640910, 95.08437360,   8.9
183,  49, 29.10609117, 95.08698795,   8.9
184,  49, 29.09562871, 95.08965421,   8.9
185,  49, 29.08501955, 95.09237289,   8.9
186,  49, 29.07426147, 95.09514454,   8.9
187,  49, 29.06335224, 95.09796971,   8.8
188,  49, 29.05228958, 95.10084895,   8.7
189,  49, 29.04107118, 95.10378283,   8.6
190,  49, 29.02969471, 95.10677193,   8.5
191,  49, 29.01815779, 95.10981685,   8.4
192,  49, 29.00645803, 95.11291818,   8.3
193,  49, 28.99459297, 95.11607654,   8.2
194,  49, 28.98256015, 95.11929254,   8.1
195,  49, 28.97035706, 95.12256682,   8.0
196,  49, 28.95798115, 95.12590003,   7.9
197,  49, 28.94542985, 95.12929283,   7.8
198,  49, 28.93270054, 95.13274587,   7.7
199,  49, 28.91979057, 95.13625984,   7.6
200,  49, 28.90669723, 95.13983543,   7.5
201,  49, 28.89341782, 95.14347333,   7.4
202,  49, 28.87994954, 95.14717428,   7.3
203,  49, 28.86628961, 95.15093898,   7.2
204,  49, 28.85243516, 95.15476818,   7.1
205,  49, 28.83838331, 95.15866262,   7.0
206,  49, 28.82413114, 95.16262308,   6.8
207,  49, 28.80967566, 95.16665032,   6.7
208,  49, 28.79501387, 95.17074513,   6.6
209,  49, 28.78014271, 95.17490830,   6.5
210,  49, 28.76505908, 95.17914067,   6.3
211,  49, 28.74975982, 95.18344303,   6.2
212,  49, 28.73424176, 95.18781625,   6.1
213,  49, 28.71850166, 95.19226116,   5.9
214,  49, 28.70253623, 95.19677863,   5.8
215,  49, 28.68634214, 95.20136954,   5.7
216,  49, 28.66991602, 95.20603478,   5.5
217,  49, 28.65325444, 95.21077525,   5.4
218,  49, 28.63635393, 95.21559188,   5.2
219,  49, 28.61921097, 95.22048560,   5.1
220,  49, 28.60182197, 95.22545735,   4.9
221,  49, 28.58418331, 95.23050810,   4.8
222,  49, 28.56629131, 95.23563881,   4.6
223,  49, 28.54814225, 95.24085049,   4.5
224,  49, 28.52973233, 95.24614414,   4.3
225,  49, 28.51105772, 95.25152076,   4.1
226,  49, 28.49211451, 95.25698141,   4.0
227,  49, 28.47289877, 95.26252713,   3.8
228,  49, 28.45340648, 95.26815899,   3.6
229,  49, 28.43363358, 95.27387806,   3.4
230,  49, 28.41357594, 95.27968544,   3.2
231,  49, 28.39322938, 95.28558224,   3.1
232,  49, 28.37258966, 95.29156959,   2.9
233,  49, 28.35165247, 95.29764864,   2.6
234,  49, 28.33041343, 95.30382054,   2.4
235,  49, 28.30886814, 95.31008648,   2.3
236,  49, 28.28701208, 95.31644763,   2.1
237,  49, 28.26484070, 95.32290522,   2.0
238,  49, 28.24234938, 95.32946047,   2.0
239,  49, 28.21953342, 95.33611463,   2.0
240,  49, 28.19638806, 95.34286895,   2.0
241,  49, 28.17290848, 95.34972471,   2.0
  1,  50, 29.93453228, 95.32482030,  99.9
  2,  50, 29.93113485, 95.31820205,  99.9
  3,  50, 29.92776420, 95.31168528,  99.9
  4,  50, 29.92441963, 95.30526860,  99.9
  5,  50, 29.92110047, 95.29895068,  99.9
  6,  50, 29.91780605, 95.29273018,  99.9
  7,  50, 29.91453568, 95.28660579,  99.9
  8,  50, 29.91128870, 95.28057623,  99.9
  9,  50, 29.90806445, 95.27464023,  99.9
 10,  50, 29.90486227, 95.26879654,  99.9
 11,  50, 29.90168150, 95.26304393,  99.9
 12,  50, 29.89852150, 95.25738119,  99.9
 13,  50, 29.89538162, 95.25180713,  99.9
 14,  50, 29.89226122, 95.24632058,  99.9
 15,  50, 29.88915966, 95.24092039,  99.9
 16,  50, 29.88607630, 95.23560542,  99.9
 17,  50, 29.88301051, 95.23037456,  99.9
 18,  50, 29.87996167, 95.22522670,  99.9
 19,  50, 29.87692915, 95.22016077,  99.9
 20,  50, 29.87391233, 95.21517570,  99.9
 21,  50, 29.87091058, 95.21027045,  99.9
 22,  50, 29.86792330, 95.20544398,  99.9
 23,  50, 29.86494987, 95.20069528,  99.9
 24,  50, 29.86198968, 95.19602336,  99.9
 25,  50, 29.85904212, 95.19142723,  99.9
 26,  50, 29.85610659, 95.18690594,  99.9
 27,  50, 29.85318248, 95.18245852,  99.9
 28,  50, 29.85026920, 95.17808405,  99.9
 29,  50, 29.84736614, 95.17378160,  99.9
 30,  50, 29.84447270, 95.16955029,  99.9
 31,  50, 29.84158830, 95.16538921,  99.9
 32,  50, 29.83871233, 95.16129749,  99.9
 33,  50, 29.83584421, 95.15727429,  99.9
 34,  50, 29.83298334, 95.15331875,  99.9
 35,  50, 29.83012914, 95.14943004,  99.9
 36,  50, 29.82728102, 95.14560734,  99.9
 37,  50, 29.82443838, 95.14184987,  99.9
 38,  50, 29.82160065, 95.13815682,  99.9
 39,  50, 29.81876724, 95.13452743,  99.9
 40,  50, 29.81593756, 95.13096093,  99.9
 41,  50, 29.81311104, 95.12745657,  99.9
 42,  50, 29.81028708, 95.12401362,  99.9
 43,  50, 29.80746511, 95.12063137,  99.9
 44,  50, 29.80464453, 95.11730909,  99.9
 45,  50, 29.80182478, 95.11404609,  99.9
 46,  50, 29.79900527, 95.11084169,  99.9
 47,  50, 29.79618541, 95.10769522,  99.9
 48,  50, 29.79336462, 95.10460602,  99.9
 49,  50, 29.79054232, 95.10157343,  99.9
 50,  50, 29.78771792, 95.09859684,  99.9
 51,  50, 29.78489085, 95.09567560,   6.0
 52,  50, 29.78206052, 95.09280911,   6.0
 53,  50, 29.77922633, 95.08999676,  99.9
 54,  50, 29.77638771, 95.08723798,  99.9
 55,  50, 29.77354407, 95.08453217,  99.9
 56,  50, 29.77069481, 95.08187878,  99.9
 57,  50, 29.76783936, 95.07927724,   6.0
 58,  50, 29.76497711, 95.07672701,   5.9
 59,  50, 29.76210748, 95.07422756,   5.9
 60,  50, 29.75922987, 95.07177837,   5.9
 61,  50, 29.75634369, 95.06937891,   5.9
 62,  50, 29.75344833, 95.06702869,   5.9
 63,  50, 29.75054319, 95.06472721,   5.9
 64,  50, 29.74762769, 95.06247400,   5.9
 65,  50, 29.74470120, 95.06026857,   5.9
 66,  50, 29.74176313, 95.05811047,   5.9
 67,  50, 29.73881286, 95.05599925,   5.9
 68,  50, 29.73584979, 95.05393445,   5.9
 69,  50, 29.73287329, 95.05191566,   5.9
 70,  50, 29.72988275, 95.04994244,   5.9
 71,  50, 29.72687756, 95.04801438,   5.9
 72,  50, 29.72385708, 95.04613108,   5.9
 73,  50, 29.72082070, 95.04429214,   5.9
 74,  50, 29.71776777, 95.04249718,  99.9
 75,  50, 29.71469768, 95.04074582,  99.9
 76,  50, 29.71160977, 95.03903769,  99.9
 77,  50, 29.70850341, 95.03737243,   6.0
 78,  50, 29.70537795, 95.03574970,   6.9
 79,  50, 29.70223275, 95.03416915,  99.9
 80,  50, 29.69906716, 95.03263045,  99.9
 81,  50, 29.69588050, 95.03113328,  99.9
 82,  50, 29.69267213, 95.02967733,  99.9
 83,  50, 29.68944138, 95.02826228,  99.9
 84,  50, 29.68618757, 95.02688785,  99.9
 85,  50, 29.68291003, 95.02555373,  99.9
 86,  50, 29.67960808, 95.02425966,  99.9
 87,  50, 29.67628104, 95.02300536,  99.9
 88,  50, 29.67292820, 95.02179056,  99.9
 89,  50, 29.66954888, 95.02061501,  99.9
 90,  50, 29.66614238, 95.01947846,  99.9
 91,  50, 29.66270797, 95.01838067,  99.9
 92,  50, 29.65924496, 95.01732141,  99.9
 93,  50, 29.65575262, 95.01630047,  99.9
 94,  50, 29.65223022, 95.01531761,  99.9
 95,  50, 29.64867704, 95.01437263,  99.9
 96,  50, 29.64509233, 95.01346535,   6.9
 97,  50, 29.64147535, 95.01259555,   6.9
 98,  50, 29.63782535, 95.01176306,   6.9
 99,  50, 29.63414157, 95.01096770,   6.9
100,  50, 29.63042323, 95.01020931,   6.9
101,  50, 29.62666958, 95.00948771,   6.9
102,  50, 29.62287982, 95.00880277,   6.9
103,  50, 29.61905318, 95.00815433,   6.9
104,  50, 29.61518884, 95.00754225,   6.9
105,  50, 29.61128602, 95.00696641,   6.9
106,  50, 29.60734390, 95.00642667,  99.9
107,  50, 29.60336166, 95.00592293,  99.9
108,  50, 29.59933846, 95.00545508,  99.9
109,  50, 29.59527348, 95.00502301,  99.9
110,  50, 29.59116587, 95.00462663,  99.9
111,  50, 29.58701477, 95.00426586,  99.9
112,  50, 29.58281932, 95.00394061,  99.9
113,  50, 29.57857864, 95.00365081,   6.9
114,  50, 29.57429186, 95.00339641,   6.9
115,  50, 29.56995809, 95.00317734,   6.9
116,  50, 29.56557641, 95.00299355,   6.9
117,  50, 29.56114592, 95.00284500,   6.9
118,  50, 29.55666570, 95.00273165,   7.0
119,  50, 29.55213481, 95.00265349,   7.0
120,  50, 29.54755231, 95.00261048,   7.0
121,  50, 29.54291725, 95.00260261,   7.0
122,  50, 29.53822867, 95.00262988,   7.0
123,  50, 29.53348558, 95.00269228,   7.0
124,  50, 29.52868700, 95.00278984,   7.0
125,  50, 29.52383193, 95.00292255,  99.9
126,  50, 29.51891937, 95.00309044,  99.9
127,  50, 29.51394828, 95.00329354,  99.9
128,  50, 29.50891763, 95.00353190,  99.9
129,  50, 29.50382638, 95.00380555,  99.9
130,  50, 29.49867347, 95.00411454,  99.9
131,  50, 29.49345782, 95.00445893,  99.9
132,  50, 29.48817835, 95.00483879,  99.9
133,  50, 29.48283396, 95.00525419,  99.9
134,  50, 29.47742353, 95.00570522,  99.9
135,  50, 29.47194594, 95.00619195,  99.9
136,  50, 29.46640005, 95.00671448,   7.0
137,  50, 29.46078471, 95.00727292,   7.1
138,  50, 29.45509874, 95.00786738,  99.9
139,  50, 29.44934096, 95.00849796,  99.9
140,  50, 29.44351018, 95.00916480,  99.9
141,  50, 29.43760517, 95.00986802,  99.9
142,  50, 29.43162471, 95.01060777,  99.9
143,  50, 29.42556756, 95.01138419,  99.9
144,  50, 29.41943245, 95.01219743,  99.9
145,  50, 29.41321810, 95.01304765,  99.9
146,  50, 29.40692322, 95.01393503,  99.9
147,  50, 29.40054651, 95.01485973,  99.9
148,  50, 29.39408662, 95.01582194,  99.9
149,  50, 29.38754222, 95.01682186,  99.9
150,  50, 29.38091195, 95.01785968,  99.9
151,  50, 29.37419441, 95.01893560,  99.9
152,  50, 29.36738822, 95.02004984,  99.9
153,  50, 29.36049196, 95.02120263,  99.9
154,  50, 29.35350419, 95.02239418,  99.9
155,  50, 29.34642345, 95.02362474,  99.9
156,  50, 29.33924827, 95.02489455,  99.9
157,  50, 29.33197715, 95.02620387,  99.9
158,  50, 29.32460859, 95.02755295,  99.9
159,  50, 29.31714104, 95.02894207,  99.9
160,  50, 29.30957295, 95.03037149,  99.9
161,  50, 29.30190274, 95.03184151,   8.8
162,  50, 29.29412882, 95.03335241,   8.9
163,  50, 29.28624957, 95.03490450,   8.9
164,  50, 29.27826334, 95.03649808,   8.9
165,  50, 29.27016848, 95.03813348,   8.9
166,  50, 29.26196329, 95.03981102,   8.9
167,  50, 29.25364606, 95.04153102,   8.9
168,  50, 29.24521507, 95.04329384,   8.9
169,  50, 29.23666856, 95.04509983,   8.8
170,  50, 29.22800474, 95.04694933,   8.8
171,  50, 29.21922181, 95.04884273,   8.8
172,  50, 29.21031794, 95.05078039,   8.8
173,  50, 29.20129128, 95.05276270,   8.8
174,  50, 29.19213995, 95.05479006,   8.8
175,  50, 29.18286204, 95.05686287,   8.8
176,  50, 29.17345561, 95.05898153,   8.8
177,  50, 29.16391870, 95.06114648,   8.8
178,  50, 29.15424934, 95.06335813,   8.8
179,  50, 29.14444550, 95.06561693,   8.8
180,  50, 29.13450514, 95.06792333,   8.8
181,  50, 29.12442619, 95.07027778,   8.9
182,  50, 29.11420655, 95.07268075,   8.9
183,  50, 29.10384409, 95.07513271,   8.9
184,  50, 29.09333665, 95.07763415,   8.9
185,  50, 29.08268204, 95.08018557,   8.8
186,  50, 29.07187804, 95.08278747,   8.7
187,  50, 29.06092240, 95.08544036,   8.6
188,  50, 29.04981284, 95.08814477,   8.6
189,  50, 29.03854704, 95.09090123,   8.5
190,  50, 29.02712265, 95.09371029,   8.4
191,  50, 29.01553730, 95.09657250,   8.3
192,  50, 29.00378856, 95.09948842,   8.2
193,  50, 28.99187399, 95.10245863,   8.1
194,  50, 28.97979111, 95.10548372,   8.0
195,  50, 28.96753739, 95.10856429,   7.9
196,  50, 28.95511029, 95.11170092,   7.8
197,  50, 28.94250721, 95.11489426,   7.7
198,  50, 28.92972553, 95.11814491,   7.6
199,  50, 28.91676258, 95.12145352,   7.5
200,  50, 28.90361566, 95.12482075,   7.4
201,  50, 28.89028203, 95.12824724,   7.3
202,  50, 28.87675891, 95.13173368,   7.2
203,  50, 28.86304348, 95.13528075,   7.1
204,  50, 28.84913289, 95.13888913,   6.9
205,  50, 28.83502423, 95.14255954,   6.8
206,  50, 28.82071456, 95.14629270,   6.7
207,  50, 28.80620090, 95.15008932,   6.6
208,  50, 28.79148022, 95.15395017,   6.5
209,  50, 28.77654946, 95.15787598,   6.3
210,  50, 28.76140550, 95.16186753,   6.2
211,  50, 28.74604519, 95.16592559,   6.1
212,  50, 28.73046532, 95.17005095,   5.9
213,  50, 28.71466264, 95.17424442,   5.8
214,  50, 28.69863387, 95.17850681,   5.7
215,  50, 28.68237565, 95.18283894,   5.5
216,  50, 28.66588460, 95.18724167,   5.4
217,  50, 28.64915729, 95.19171583,   5.3
218,  50, 28.63219021, 95.19626231,   5.1
219,  50, 28.61497984, 95.20088197,   5.0
220,  50, 28.59752259, 95.20557572,   4.8
221,  50, 28.57981482, 95.21034446,   4.7
222,  50, 28.56185283, 95.21518911,   4.5
223,  50, 28.54363289, 95.22011060,   4.4
224,  50, 28.52515118, 95.22510989,   4.2
225,  50, 28.50640386, 95.23018793,   4.0
226,  50, 28.48738702, 95.23534571,   3.9
227,  50, 28.46809670, 95.24058421,   3.7
228,  50, 28.44852887, 95.24590444,   3.5
229,  50, 28.42867944, 95.25130741,   3.3
230,  50, 28.40854429, 95.25679418,   3.2
231,  50, 28.38811922, 95.26236577,   3.0
232,  50, 28.36739995, 95.26802327,   2.8
233,  50, 28.34638219, 95.27376774,   2.6
234,  50, 28.32506153, 95.27960029,   2.4
235,  50, 28.30343354, 95.28552202,   2.2
236,  50, 28.28149371, 95.29153407,   2.1
237,  50, 28.25923745, 95.29763758,   2.0
238,  50, 28.23666014, 95.30383370,   2.0
239,  50, 28.21375706, 95.31012360,   2.0
240,  50, 28.19052343, 95.31650849,   2.0
241,  50, 28.16695441, 95.32298957,   2.0
  1,  51, 29.94032753, 95.32085298,  99.9
  2,  51, 29.93684166, 95.31426670,  99.9
  3,  51, 29.93338376, 95.30778108,  99.9
  4,  51, 29.92995313, 95.30139477,  99.9
  5,  51, 29.92654906, 95.29510641,  99.9
  6,  51, 29.92317085, 95.28891469,  99.9
  7,  51, 29.91981783, 95.28281831,  99.9
  8,  51, 29.91648931, 95.27681597,  99.9
  9,  51, 29.91318459, 95.27090642,  99.9
 10,  51, 29.90990302, 95.26508841,  99.9
 11,  51, 29.90664392, 95.25936072,  99.9
 12,  51, 29.90340662, 95.25372216,  99.9
 13,  51, 29.90019046, 95.24817152,  99.9
 14,  51, 29.89699478, 95.24270764,  99.9
 15,  51, 29.89381894, 95.23732938,  99.9
 16,  51, 29.89066226, 95.23203561,  99.9
 17,  51, 29.88752412, 95.22682521,  99.9
 18,  51, 29.88440387, 95.22169708,  99.9
 19,  51, 29.88130087, 95.21665016,  99.9
 20,  51, 29.87821447, 95.21168337,  99.9
 21,  51, 29.87514406, 95.20679569,  99.9
 22,  51, 29.87208899, 95.20198607,  99.9
 23,  51, 29.86904864, 95.19725351,  99.9
 24,  51, 29.86602239, 95.19259702,  99.9
 25,  51, 29.86300961, 95.18801562,  99.9
 26,  51, 29.86000969, 95.18350835,  99.9
 27,  51, 29.85702201, 95.17907425,  99.9
 28,  51, 29.85404595, 95.17471241,  99.9
 29,  51, 29.85108090, 95.17042190,  99.9
 30,  51, 29.84812625, 95.16620182,  99.9
 31,  51, 29.84518140, 95.16205130,  99.9
 32,  51, 29.84224574, 95.15796944,  99.9
 33,  51, 29.83931865, 95.15395541,  99.9
 34,  51, 29.83639955, 95.15000836,  99.9
 35,  51, 29.83348783, 95.14612746,  99.9
 36,  51, 29.83058288, 95.14231190,  99.9
 37,  51, 29.82768412, 95.13856087,  99.9
 38,  51, 29.82479093, 95.13487359,  99.9
 39,  51, 29.82190273, 95.13124929,  99.9
 40,  51, 29.81901892, 95.12768720,  99.9
 41,  51, 29.81613890, 95.12418658,  99.9
 42,  51, 29.81326208, 95.12074670,  99.9
 43,  51, 29.81038787, 95.11736683,  99.9
 44,  51, 29.80751567, 95.11404626,  99.9
 45,  51, 29.80464488, 95.11078431,  99.9
 46,  51, 29.80177493, 95.10758028,  99.9
 47,  51, 29.79890520, 95.10443350,  99.9
 48,  51, 29.79603511, 95.10134331,  99.9
 49,  51, 29.79316407, 95.09830907,  99.9
 50,  51, 29.79029148, 95.09533014,  99.9
 51,  51, 29.78741675, 95.09240589,  99.9
 52,  51, 29.78453929, 95.08953572,   6.0
 53,  51, 29.78165849, 95.08671902,   6.0
 54,  51, 29.77877376, 95.08395519,  99.9
 55,  51, 29.77588451, 95.08124367,  99.9
 56,  51, 29.77299014, 95.07858388,   5.9
 57,  51, 29.77009004, 95.07597526,   5.9
 58,  51, 29.76718362, 95.07341728,   5.9
 59,  51, 29.76427028, 95.07090938,   5.9
 60,  51, 29.76134940, 95.06845105,   5.9
 61,  51, 29.75842040, 95.06604177,   5.9
 62,  51, 29.75548265, 95.06368104,   5.9
 63,  51, 29.75253556, 95.06136836,   5.9
 64,  51, 29.74957850, 95.05910324,   5.9
 65,  51, 29.74661087, 95.05688522,   5.9
 66,  51, 29.74363206, 95.05471382,   5.9
 67,  51, 29.74064144, 95.05258860,   5.9
 68,  51, 29.73763839, 95.05050910,   5.9
 69,  51, 29.73462230, 95.04847489,   5.9
 70,  51, 29.73159253, 95.04648554,   5.9
 71,  51, 29.72854846, 95.04454064,   5.9
 72,  51, 29.72548945, 95.04263977,   5.9
 73,  51, 29.72241487, 95.04078255,  99.9
 74,  51, 29.71932409, 95.03896857,  99.9
 75,  51, 29.71621646, 95.03719747,  99.9
 76,  51, 29.71309134, 95.03546886,  99.9
 77,  51, 29.70994807, 95.03378239,   6.8
 78,  51, 29.70678601, 95.03213770,   6.6
 79,  51, 29.70360450, 95.03053444,   6.6
 80,  51, 29.70040287, 95.02897228,   6.6
 81,  51, 29.69718047, 95.02745090,  99.9
 82,  51, 29.69393663, 95.02596996,   6.8
 83,  51, 29.69067066, 95.02452917,   7.2
 84,  51, 29.68738190, 95.02312821,   7.3
 85,  51, 29.68406965, 95.02176680,  99.9
 86,  51, 29.68073324, 95.02044465,  99.9
 87,  51, 29.67737196, 95.01916147,  99.9
 88,  51, 29.67398512, 95.01791700,  99.9
 89,  51, 29.67057202, 95.01671098,  99.9
 90,  51, 29.66713194, 95.01554315,  99.9
 91,  51, 29.66366417, 95.01441327,  99.9
 92,  51, 29.66016800, 95.01332110,  99.9
 93,  51, 29.65664269, 95.01226641,  99.9
 94,  51, 29.65308751, 95.01124898,  99.9
 95,  51, 29.64950172, 95.01026859,   6.9
 96,  51, 29.64588457, 95.00932503,   6.9
 97,  51, 29.64223533, 95.00841811,   6.9
 98,  51, 29.63855321, 95.00754763,   6.9
 99,  51, 29.63483747, 95.00671341,   6.9
100,  51, 29.63108733, 95.00591527,   6.9
101,  51, 29.62730200, 95.00515305,   6.9
102,  51, 29.62348070, 95.00442658,   6.9
103,  51, 29.61962264, 95.00373570,   6.9
104,  51, 29.61572701, 95.00308028,   6.9
105,  51, 29.61179301, 95.00246016,   6.9
106,  51, 29.60781981, 95.00187523,  99.9
107,  51, 29.60380659, 95.00132534,  99.9
108,  51, 29.59975251, 95.00081040,  99.9
109,  51, 29.59565673, 95.00033027,  99.9
110,  51, 29.59151840, 94.99988487,  99.9
111,  51, 29.58733666, 94.99947409,  99.9
112,  51, 29.58311064, 94.99909785,   6.9
113,  51, 29.57883945, 94.99875606,   6.9
114,  51, 29.57452221, 94.99844864,   6.9
115,  51, 29.57015803, 94.99817554,   6.9
116,  51, 29.56574598, 94.99793669,   6.9
117,  51, 29.56128517, 94.99773203,   6.9
118,  51, 29.55677465, 94.99756152,   6.9
119,  51, 29.55221348, 94.99742512,   6.9
120,  51, 29.54760073, 94.99732279,   6.9
121,  51, 29.54293542, 94.99725452,   6.9
122,  51, 29.53821660, 94.99722028,   6.9
123,  51, 29.53344327, 94.99722006,   6.9
124,  51, 29.52861444, 94.99725385,   6.9
125,  51, 29.52372911, 94.99732166,   7.0
126,  51, 29.51878626, 94.99742350,  99.9
127,  51, 29.51378486, 94.99755937,  99.9
128,  51, 29.50872387, 94.99772932,  99.9
129,  51, 29.50360224, 94.99793336,  99.9
130,  51, 29.49841891, 94.99817153,  99.9
131,  51, 29.49317278, 94.99844388,  99.9
132,  51, 29.48786277, 94.99875045,  99.9
133,  51, 29.48248778, 94.99909131,  99.9
134,  51, 29.47704669, 94.99946653,  99.9
135,  51, 29.47153836, 94.99987616,  99.9
136,  51, 29.46596164, 95.00032029,  99.9
137,  51, 29.46031538, 95.00079901,   7.2
138,  51, 29.45459840, 95.00131241,   7.2
139,  51, 29.44880951, 95.00186059,  99.9
140,  51, 29.44294751, 95.00244366,  99.9
141,  51, 29.43701116, 95.00306173,  99.9
142,  51, 29.43099925, 95.00371491,  99.9
143,  51, 29.42491051, 95.00440335,  99.9
144,  51, 29.41874368, 95.00512718,  99.9
145,  51, 29.41249748, 95.00588653,  99.9
146,  51, 29.40617059, 95.00668156,  99.9
147,  51, 29.39976172, 95.00751242,  99.9
148,  51, 29.39326951, 95.00837929,  99.9
149,  51, 29.38669263, 95.00928232,  99.9
150,  51, 29.38002969, 95.01022171,  99.9
151,  51, 29.37327932, 95.01119763,  99.9
152,  51, 29.36644011, 95.01221027,  99.9
153,  51, 29.35951062, 95.01325985,  99.9
154,  51, 29.35248943, 95.01434656,  99.9
155,  51, 29.34537506, 95.01547063,  99.9
156,  51, 29.33816604, 95.01663228,   8.7
157,  51, 29.33086086, 95.01783173,   8.8
158,  51, 29.32345801, 95.01906922,   8.8
159,  51, 29.31595594, 95.02034501,   9.0
160,  51, 29.30835308, 95.02165934,   8.8
161,  51, 29.30064786, 95.02301247,   8.8
162,  51, 29.29283867, 95.02440468,   8.8
163,  51, 29.28492388, 95.02583624,   8.8
164,  51, 29.27690185, 95.02730743,   8.8
165,  51, 29.26877090, 95.02881856,   8.8
166,  51, 29.26052934, 95.03036990,   8.8
167,  51, 29.25217545, 95.03196179,   8.8
168,  51, 29.24370750, 95.03359453,   8.8
169,  51, 29.23512372, 95.03526844,   8.8
170,  51, 29.22642232, 95.03698386,   8.7
171,  51, 29.21760148, 95.03874113,   8.7
172,  51, 29.20865938, 95.04054059,   8.7
173,  51, 29.19959415, 95.04238262,   8.7
174,  51, 29.19040389, 95.04426756,   8.7
175,  51, 29.18108670, 95.04619580,   8.7
176,  51, 29.17164064, 95.04816771,   8.7
177,  51, 29.16206373, 95.05018369,   8.7
178,  51, 29.15235398, 95.05224414,   8.7
179,  51, 29.14250937, 95.05434946,   8.7
180,  51, 29.13252785, 95.05650008,   8.8
181,  51, 29.12240734, 95.05869641,   8.8
182,  51, 29.11214572, 95.06093890,   8.8
183,  51, 29.10174086, 95.06322799,   8.8
184,  51, 29.09119060, 95.06556412,   8.7
185,  51, 29.08049273, 95.06794777,   8.7
186,  51, 29.06964503, 95.07037940,   8.6
187,  51, 29.05864524, 95.07285949,   8.5
188,  51, 29.04749105, 95.07538854,   8.4
189,  51, 29.03618016, 95.07796703,   8.3
190,  51, 29.02471020, 95.08059549,   8.3
191,  51, 29.01307878, 95.08327443,   8.2
192,  51, 29.00128348, 95.08600437,   8.1
193,  51, 28.98932184, 95.08878586,   8.0
194,  51, 28.97719137, 95.09161944,   7.9
195,  51, 28.96488954, 95.09450567,   7.8
196,  51, 28.95241379, 95.09744512,   7.7
197,  51, 28.93976151, 95.10043836,   7.6
198,  51, 28.92693008, 95.10348599,   7.5
199,  51, 28.91391681, 95.10658860,   7.4
200,  51, 28.90071899, 95.10974680,   7.3
201,  51, 28.88733388, 95.11296121,   7.1
202,  51, 28.87375868, 95.11623246,   7.0
203,  51, 28.85999057, 95.11956119,   6.9
204,  51, 28.84602667, 95.12294806,   6.8
205,  51, 28.83186408, 95.12639371,   6.7
206,  51, 28.81749984, 95.12989884,   6.6
207,  51, 28.80293096, 95.13346412,   6.4
208,  51, 28.78815441, 95.13709025,   6.3
209,  51, 28.77316710, 95.14077793,   6.2
210,  51, 28.75796590, 95.14452789,   6.1
211,  51, 28.74254766, 95.14834085,   5.9
212,  51, 28.72690916, 95.15221756,   5.8
213,  51, 28.71104714, 95.15615877,   5.7
214,  51, 28.69495829, 95.16016524,   5.6
215,  51, 28.67863925, 95.16423776,   5.4
216,  51, 28.66208664, 95.16837712,   5.3
217,  51, 28.64529699, 95.17258411,   5.2
218,  51, 28.62826681, 95.17685955,   5.0
219,  51, 28.61099254, 95.18120427,   4.9
220,  51, 28.59347059, 95.18561911,   4.7
221,  51, 28.57569731, 95.19010492,   4.6
222,  51, 28.55766898, 95.19466256,   4.4
223,  51, 28.53938186, 95.19929293,   4.3
224,  51, 28.52083212, 95.20399689,   4.1
225,  51, 28.50201591, 95.20877537,   3.9
226,  51, 28.48292930, 95.21362928,   3.8
227,  51, 28.46356831, 95.21855956,   3.6
228,  51, 28.44392890, 95.22356714,   3.4
229,  51, 28.42400698, 95.22865299,   3.3
230,  51, 28.40379841, 95.23381809,   3.1
231,  51, 28.38329895, 95.23906341,   2.9
232,  51, 28.36250435, 95.24438996,   2.7
233,  51, 28.34141027, 95.24979877,   2.5
234,  51, 28.32001231, 95.25529085,   2.3
235,  51, 28.29830600, 95.26086726,   2.2
236,  51, 28.27628683, 95.26652906,   2.0
237,  51, 28.25395021, 95.27227732,   2.0
238,  51, 28.23129147, 95.27811313,   2.0
239,  51, 28.20830590, 95.28403760,   2.0
240,  51, 28.18498869, 95.29005185,   2.0
241,  51, 28.16133500, 95.29615702,   2.0
  1,  52, 29.94609364, 95.31678362,  99.9
  2,  52, 29.94252005, 95.31023068,  99.9
  3,  52, 29.93897563, 95.30377759,  99.9
  4,  52, 29.93545963, 95.29742298,  99.9
  5,  52, 29.93197135, 95.29116552,  99.9
  6,  52, 29.92851008, 95.28500388,  99.9
  7,  52, 29.92507510, 95.27893677,  99.9
  8,  52, 29.92166571, 95.27296292,  99.9
  9,  52, 29.91828123, 95.26708106,  99.9
 10,  52, 29.91492094, 95.26128997,  99.9
 11,  52, 29.91158418, 95.25558841,  99.9
 12,  52, 29.90827025, 95.24997520,  99.9
 13,  52, 29.90497848, 95.24444915,  99.9
 14,  52, 29.90170819, 95.23900909,  99.9
 15,  52, 29.89845872, 95.23365389,  99.9
 16,  52, 29.89522939, 95.22838243,  99.9
 17,  52, 29.89201954, 95.22319358,  99.9
 18,  52, 29.88882853, 95.21808627,  99.9
 19,  52, 29.88565568, 95.21305941,  99.9
 20,  52, 29.88250036, 95.20811195,  99.9
 21,  52, 29.87936191, 95.20324286,  99.9
 22,  52, 29.87623969, 95.19845110,  99.9
 23,  52, 29.87313305, 95.19373568,  99.9
 24,  52, 29.87004137, 95.18909560,  99.9
 25,  52, 29.86696400, 95.18452989,  99.9
 26,  52, 29.86390030, 95.18003758,  99.9
 27,  52, 29.86084967, 95.17561774,  99.9
 28,  52, 29.85781145, 95.17126944,  99.9
 29,  52, 29.85478503, 95.16699177,  99.9
 30,  52, 29.85176979, 95.16278382,  99.9
 31,  52, 29.84876510, 95.15864471,  99.9
 32,  52, 29.84577035, 95.15457358,  99.9
 33,  52, 29.84278491, 95.15056956,  99.9
 34,  52, 29.83980818, 95.14663183,  99.9
 35,  52, 29.83683954, 95.14275955,  99.9
 36,  52, 29.83387837, 95.13895192,  99.9
 37,  52, 29.83092408, 95.13520812,  99.9
 38,  52, 29.82797604, 95.13152739,  99.9
 39,  52, 29.82503365, 95.12790893,  99.9
 40,  52, 29.82209630, 95.12435201,  99.9
 41,  52, 29.81916339, 95.12085586,  99.9
 42,  52, 29.81623431, 95.11741976,  99.9
 43,  52, 29.81330845, 95.11404299,  99.9
 44,  52, 29.81038521, 95.11072483,  99.9
 45,  52, 29.80746400, 95.10746460,  99.9
 46,  52, 29.80454419, 95.10426161,  99.9
 47,  52, 29.80162520, 95.10111518,  99.9
 48,  52, 29.79870641, 95.09802466,  99.9
 49,  52, 29.79578722, 95.09498940,  99.9
 50,  52, 29.79286704, 95.09200876,  99.9
 51,  52, 29.78994525, 95.08908212,  99.9
 52,  52, 29.78702125, 95.08620887,   6.0
 53,  52, 29.78409443, 95.08338839,   5.9
 54,  52, 29.78116420, 95.08062011,  99.9
 55,  52, 29.77822994, 95.07790344,   5.9
 56,  52, 29.77529104, 95.07523781,   5.9
 57,  52, 29.77234691, 95.07262266,   5.9
 58,  52, 29.76939692, 95.07005745,  99.9
 59,  52, 29.76644046, 95.06754163,   5.9
 60,  52, 29.76347694, 95.06507469,   5.9
 61,  52, 29.76050572, 95.06265609,   5.9
 62,  52, 29.75752620, 95.06028534,   5.9
 63,  52, 29.75453775, 95.05796194,   5.9
 64,  52, 29.75153976, 95.05568540,   5.9
 65,  52, 29.74853161, 95.05345525,   5.9
 66,  52, 29.74551267, 95.05127101,   5.9
 67,  52, 29.74248232, 95.04913222,   5.9
 68,  52, 29.73943992, 95.04703845,   5.9
 69,  52, 29.73638485, 95.04498925,   5.9
 70,  52, 29.73331648, 95.04298420,   5.9
 71,  52, 29.73023416, 95.04102286,   5.9
 72,  52, 29.72713726, 95.03910483,   5.9
 73,  52, 29.72402513, 95.03722971,  99.9
 74,  52, 29.72089714, 95.03539710,  99.9
 75,  52, 29.71775262, 95.03360663,  99.9
 76,  52, 29.71459093, 95.03185790,  99.9
 77,  52, 29.71141141, 95.03015057,  99.9
 78,  52, 29.70821340, 95.02848426,   6.5
 79,  52, 29.70499623, 95.02685864,   6.6
 80,  52, 29.70175925, 95.02527335,   6.5
 81,  52, 29.69850177, 95.02372806,   6.5
 82,  52, 29.69522312, 95.02222246,   6.7
 83,  52, 29.69192262, 95.02075622,  99.9
 84,  52, 29.68859958, 95.01932904,  99.9
 85,  52, 29.68525331, 95.01794061,  99.9
 86,  52, 29.68188312, 95.01659065,  99.9
 87,  52, 29.67848831, 95.01527887,  99.9
 88,  52, 29.67506817, 95.01400500,  99.9
 89,  52, 29.67162199, 95.01276876,  99.9
 90,  52, 29.66814906, 95.01156991,  99.9
 91,  52, 29.66464865, 95.01040817,  99.9
 92,  52, 29.66112004, 95.00928332,  99.9
 93,  52, 29.65756249, 95.00819511,  99.9
 94,  52, 29.65397526, 95.00714331,   6.9
 95,  52, 29.65035761, 95.00612770,   6.9
 96,  52, 29.64670878, 95.00514808,   6.9
 97,  52, 29.64302802, 95.00420422,   6.9
 98,  52, 29.63931456, 95.00329594,   6.9
 99,  52, 29.63556763, 95.00242303,   6.9
100,  52, 29.63178645, 95.00158532,   6.9
101,  52, 29.62797024, 95.00078263,   6.9
102,  52, 29.62411819, 95.00001479,   6.9
103,  52, 29.62022952, 94.99928163,   6.9
104,  52, 29.61630340, 94.99858300,   6.9
105,  52, 29.61233903, 94.99791874,   6.9
106,  52, 29.60833558, 94.99728873,  99.9
107,  52, 29.60429221, 94.99669282,  99.9
108,  52, 29.60020809, 94.99613089,  99.9
109,  52, 29.59608236, 94.99560282,  99.9
110,  52, 29.59191417, 94.99510849,   6.9
111,  52, 29.58770266, 94.99464779,   6.9
112,  52, 29.58344693, 94.99422063,   6.9
113,  52, 29.57914612, 94.99382692,   6.9
114,  52, 29.57479932, 94.99346657,   6.9
115,  52, 29.57040563, 94.99313950,   6.9
116,  52, 29.56596414, 94.99284563,   6.9
117,  52, 29.56147391, 94.99258491,   6.9
118,  52, 29.55693403, 94.99235728,   6.9
119,  52, 29.55234354, 94.99216267,   6.9
120,  52, 29.54770148, 94.99200106,   6.9
121,  52, 29.54300689, 94.99187240,   6.9
122,  52, 29.53825880, 94.99177666,   6.9
123,  52, 29.53345622, 94.99171381,   6.9
124,  52, 29.52859814, 94.99168385,   6.9
125,  52, 29.52368356, 94.99168675,   6.9
126,  52, 29.51871145, 94.99172251,   6.9
127,  52, 29.51368078, 94.99179114,  99.9
128,  52, 29.50859050, 94.99189264,  99.9
129,  52, 29.50343955, 94.99202704,  99.9
130,  52, 29.49822685, 94.99219435,  99.9
131,  52, 29.49295134, 94.99239460,  99.9
132,  52, 29.48761190, 94.99262783,  99.9
133,  52, 29.48220742, 94.99289409,  99.9
134,  52, 29.47673678, 94.99319341,  99.9
135,  52, 29.47119885, 94.99352587,  99.9
136,  52, 29.46559246, 94.99389151,  99.9
137,  52, 29.45991645, 94.99429042,   7.2
138,  52, 29.45416964, 94.99472267,   7.2
139,  52, 29.44835083, 94.99518834,   7.3
140,  52, 29.44245882, 94.99568752,   7.3
141,  52, 29.43649237, 94.99622031,   7.4
142,  52, 29.43045024, 94.99678681,  99.9
143,  52, 29.42433118, 94.99738713,  99.9
144,  52, 29.41813390, 94.99802140,  99.9
145,  52, 29.41185713, 94.99868973,  99.9
146,  52, 29.40549955, 94.99939226,  99.9
147,  52, 29.39905984, 95.00012912,  99.9
148,  52, 29.39253665, 95.00090046,  99.9
149,  52, 29.38592864, 95.00170644,  99.9
150,  52, 29.37923442, 95.00254720,  99.9
151,  52, 29.37245260, 95.00342293,  99.9
152,  52, 29.36558177, 95.00433378,  99.9
153,  52, 29.35862050, 95.00527994,  99.9
154,  52, 29.35156734, 95.00626160,   8.1
155,  52, 29.34442081, 95.00727895,  99.9
156,  52, 29.33717944, 95.00833219,   8.7
157,  52, 29.32984170, 95.00942154,   8.7
158,  52, 29.32240609, 95.01054720,   8.8
159,  52, 29.31487103, 95.01170941,   8.8
160,  52, 29.30723498, 95.01290838,   8.8
161,  52, 29.29949633, 95.01414436,   8.8
162,  52, 29.29165348, 95.01541760,   8.7
163,  52, 29.28370479, 95.01672835,   8.7
164,  52, 29.27564860, 95.01807686,   8.7
165,  52, 29.26748324, 95.01946340,   8.7
166,  52, 29.25920702, 95.02088826,   8.7
167,  52, 29.25081819, 95.02235171,   8.7
168,  52, 29.24231502, 95.02385403,   8.7
169,  52, 29.23369574, 95.02539554,   8.7
170,  52, 29.22495854, 95.02697654,   8.7
171,  52, 29.21610162, 95.02859733,   8.7
172,  52, 29.20712312, 95.03025825,   8.7
173,  52, 29.19802118, 95.03195961,   8.7
174,  52, 29.18879389, 95.03370176,   8.6
175,  52, 29.17943935, 95.03548505,   8.6
176,  52, 29.16995559, 95.03730982,   8.6
177,  52, 29.16034065, 95.03917644,   8.6
178,  52, 29.15059251, 95.04108527,   8.7
179,  52, 29.14070916, 95.04303670,   8.8
180,  52, 29.13068852, 95.04503111,   8.8
181,  52, 29.12052852, 95.04706890,   8.8
182,  52, 29.11022704, 95.04915046,   8.8
183,  52, 29.09978193, 95.05127622,   8.7
184,  52, 29.08919101, 95.05344658,   8.6
185,  52, 29.07845208, 95.05566199,   8.5
186,  52, 29.06756290, 95.05792287,   8.5
187,  52, 29.05652120, 95.06022967,   8.4
188,  52, 29.04532469, 95.06258285,   8.3
189,  52, 29.03397102, 95.06498288,   8.2
190,  52, 29.02245784, 95.06743021,   8.1
191,  52, 29.01078275, 95.06992535,   8.0
192,  52, 28.99894330, 95.07246878,   7.9
193,  52, 28.98693705, 95.07506099,   7.8
194,  52, 28.97476147, 95.07770251,   7.7
195,  52, 28.96241405, 95.08039384,   7.6
196,  52, 28.94989220, 95.08313552,   7.5
197,  52, 28.93719332, 95.08592809,   7.4
198,  52, 28.92431475, 95.08877209,   7.3
199,  52, 28.91125383, 95.09166809,   7.2
200,  52, 28.89800782, 95.09461665,   7.1
201,  52, 28.88457396, 95.09761834,   7.0
202,  52, 28.87094946, 95.10067376,   6.9
203,  52, 28.85713148, 95.10378351,   6.8
204,  52, 28.84311713, 95.10694819,   6.7
205,  52, 28.82890350, 95.11016842,   6.6
206,  52, 28.81448763, 95.11344483,   6.4
207,  52, 28.79986651, 95.11677807,   6.3
208,  52, 28.78503709, 95.12016877,   6.2
209,  52, 28.76999629, 95.12361760,   6.1
210,  52, 28.75474097, 95.12712524,   5.9
211,  52, 28.73926795, 95.13069236,   5.8
212,  52, 28.72357401, 95.13431966,   5.7
213,  52, 28.70765587, 95.13800785,   5.6
214,  52, 28.69151022, 95.14175764,   5.4
215,  52, 28.67513370, 95.14556975,   5.3
216,  52, 28.65852289, 95.14944493,   5.2
217,  52, 28.64167433, 95.15338393,   5.1
218,  52, 28.62458451, 95.15738751,   4.9
219,  52, 28.60724986, 95.16145645,   4.8
220,  52, 28.58966678, 95.16559153,   4.6
221,  52, 28.57183160, 95.16979354,   4.5
222,  52, 28.55374060, 95.17406331,   4.3
223,  52, 28.53539002, 95.17840164,   4.2
224,  52, 28.51677602, 95.18280939,   4.0
225,  52, 28.49789474, 95.18728738,   3.9
226,  52, 28.47874223, 95.19183650,   3.7
227,  52, 28.45931450, 95.19645760,   3.5
228,  52, 28.43960751, 95.20115158,   3.3
229,  52, 28.41961714, 95.20591933,   3.2
230,  52, 28.39933923, 95.21076177,   3.0
231,  52, 28.37876956, 95.21567982,   2.8
232,  52, 28.35790384, 95.22067441,   2.6
233,  52, 28.33673771, 95.22574652,   2.5
234,  52, 28.31526677, 95.23089709,   2.3
235,  52, 28.29348655, 95.23612712,   2.1
236,  52, 28.27139250, 95.24143759,   2.0
237,  52, 28.24898002, 95.24682951,   2.0
238,  52, 28.22624444, 95.25230391,   2.0
239,  52, 28.20318102, 95.25786182,   2.0
240,  52, 28.17978495, 95.26350429,   2.0
241,  52, 28.15605136, 95.26923240,   2.0
  1,  53, 29.95182940, 95.31261303,  99.9
  2,  53, 29.94816884, 95.30609483,  99.9
  3,  53, 29.94453862, 95.29967562,  99.9
  4,  53, 29.94093799, 95.29335405,  99.9
  5,  53, 29.93736623, 95.28712879,  99.9
  6,  53, 29.93382260, 95.28099854,  99.9
  7,  53, 29.93030637, 95.27496199,  99.9
  8,  53, 29.92681684, 95.26901788,  99.9
  9,  53, 29.92335328, 95.26316495,  99.9
 10,  53, 29.91991498, 95.25740198,  99.9
 11,  53, 29.91650125, 95.25172776,  99.9
 12,  53, 29.91311138, 95.24614108,  99.9
 13,  53, 29.90974468, 95.24064078,  99.9
 14,  53, 29.90640045, 95.23522569,  99.9
 15,  53, 29.90307802, 95.22989468,  99.9
 16,  53, 29.89977671, 95.22464663,  99.9
 17,  53, 29.89649583, 95.21948043,  99.9
 18,  53, 29.89323471, 95.21439500,  99.9
 19,  53, 29.88999268, 95.20938926,  99.9
 20,  53, 29.88676908, 95.20446217,  99.9
 21,  53, 29.88356325, 95.19961269,  99.9
 22,  53, 29.88037452, 95.19483981,  99.9
 23,  53, 29.87720225, 95.19014251,  99.9
 24,  53, 29.87404577, 95.18551981,  99.9
 25,  53, 29.87090445, 95.18097075,  99.9
 26,  53, 29.86777762, 95.17649435,  99.9
 27,  53, 29.86466466, 95.17208970,  99.9
 28,  53, 29.86156492, 95.16775585,  99.9
 29,  53, 29.85847776, 95.16349191,  99.9
 30,  53, 29.85540254, 95.15929697,  99.9
 31,  53, 29.85233864, 95.15517015,  99.9
 32,  53, 29.84928542, 95.15111059,  99.9
 33,  53, 29.84624225, 95.14711744,  99.9
 34,  53, 29.84320851, 95.14318985,  99.9
 35,  53, 29.84018357, 95.13932701,  99.9
 36,  53, 29.83716680, 95.13552810,  99.9
 37,  53, 29.83415759, 95.13179232,  99.9
 38,  53, 29.83115531, 95.12811890,  99.9
 39,  53, 29.82815934, 95.12450706,  99.9
 40,  53, 29.82516906, 95.12095604,  99.9
 41,  53, 29.82218387, 95.11746510,  99.9
 42,  53, 29.81920313, 95.11403350,  99.9
 43,  53, 29.81622624, 95.11066053,  99.9
 44,  53, 29.81325257, 95.10734549,  99.9
 45,  53, 29.81028153, 95.10408766,  99.9
 46,  53, 29.80731248, 95.10088637,  99.9
 47,  53, 29.80434482, 95.09774096,  99.9
 48,  53, 29.80137794, 95.09465075,  99.9
 49,  53, 29.79841122, 95.09161511,  99.9
 50,  53, 29.79544404, 95.08863339,  99.9
 51,  53, 29.79247579, 95.08570497,   5.9
 52,  53, 29.78950587, 95.08282923,   5.9
 53,  53, 29.78653365, 95.08000558,   5.9
 54,  53, 29.78355851, 95.07723342,   5.9
 55,  53, 29.78057985, 95.07451217,   5.9
 56,  53, 29.77759705, 95.07184126,   5.9
 57,  53, 29.77460948, 95.06922013,  99.9
 58,  53, 29.77161654, 95.06664823,   5.9
 59,  53, 29.76861759, 95.06412502,   5.9
 60,  53, 29.76561202, 95.06164997,   5.9
 61,  53, 29.76259921, 95.05922257,   5.9
 62,  53, 29.75957853, 95.05684230,   5.9
 63,  53, 29.75654935, 95.05450867,   5.9
 64,  53, 29.75351105, 95.05222118,   5.9
 65,  53, 29.75046300, 95.04997936,   5.9
 66,  53, 29.74740457, 95.04778273,   5.9
 67,  53, 29.74433511, 95.04563084,   5.9
 68,  53, 29.74125400, 95.04352324,   5.9
 69,  53, 29.73816059, 95.04145948,   5.9
 70,  53, 29.73505425, 95.03943913,   5.9
 71,  53, 29.73193432, 95.03746177,   5.9
 72,  53, 29.72880017, 95.03552698,   5.9
 73,  53, 29.72565114, 95.03363436,  99.9
 74,  53, 29.72248658, 95.03178350,  99.9
 75,  53, 29.71930582, 95.02997403,  99.9
 76,  53, 29.71610822, 95.02820556,   7.2
 77,  53, 29.71289311, 95.02647772,   7.2
 78,  53, 29.70965981, 95.02479015,   6.8
 79,  53, 29.70640766, 95.02314249,   6.6
 80,  53, 29.70313599, 95.02153440,   6.6
 81,  53, 29.69984410, 95.01996555,  99.9
 82,  53, 29.69653133, 95.01843559,  99.9
 83,  53, 29.69319698, 95.01694422,  99.9
 84,  53, 29.68984036, 95.01549111,  99.9
 85,  53, 29.68646077, 95.01407596,  99.9
 86,  53, 29.68305750, 95.01269848,  99.9
 87,  53, 29.67962986, 95.01135838,  99.9
 88,  53, 29.67617713, 95.01005536,  99.9
 89,  53, 29.67269860, 95.00878917,  99.9
 90,  53, 29.66919353, 95.00755953,  99.9
 91,  53, 29.66566120, 95.00636619,  99.9
 92,  53, 29.66210088, 95.00520889,  99.9
 93,  53, 29.65851183, 95.00408739,   6.9
 94,  53, 29.65489330, 95.00300145,   6.9
 95,  53, 29.65124453, 95.00195085,   6.9
 96,  53, 29.64756478, 95.00093536,   6.9
 97,  53, 29.64385327, 94.99995477,   6.9
 98,  53, 29.64010924, 94.99900887,   6.9
 99,  53, 29.63633190, 94.99809746,   6.9
100,  53, 29.63252047, 94.99722036,   6.9
101,  53, 29.62867415, 94.99637737,   6.9
102,  53, 29.62479216, 94.99556831,   6.9
103,  53, 29.62087367, 94.99479302,   6.9
104,  53, 29.61691788, 94.99405133,   6.9
105,  53, 29.61292397, 94.99334309,   6.9
106,  53, 29.60889109, 94.99266813,  99.9
107,  53, 29.60481842, 94.99202633,  99.9
108,  53, 29.60070510, 94.99141753,  99.9
109,  53, 29.59655028, 94.99084162,  99.9
110,  53, 29.59235310, 94.99029847,   6.9
111,  53, 29.58811268, 94.98978796,   6.9
112,  53, 29.58382814, 94.98930998,   6.9
113,  53, 29.57949859, 94.98886443,   6.9
114,  53, 29.57512313, 94.98845121,   6.9
115,  53, 29.57070084, 94.98807024,   6.9
116,  53, 29.56623082, 94.98772143,   6.9
117,  53, 29.56171212, 94.98740471,   6.9
118,  53, 29.55714381, 94.98712000,   6.9
119,  53, 29.55252494, 94.98686724,   6.9
120,  53, 29.54785454, 94.98664638,   6.9
121,  53, 29.54313165, 94.98645736,   6.9
122,  53, 29.53835527, 94.98630014,   6.9
123,  53, 29.53352443, 94.98617469,   6.9
124,  53, 29.52863811, 94.98608098,   6.9
125,  53, 29.52369529, 94.98601897,   6.9
126,  53, 29.51869495, 94.98598866,   6.9
127,  53, 29.51363604, 94.98599003,  99.9
128,  53, 29.50851752, 94.98602308,  99.9
129,  53, 29.50333832, 94.98608781,  99.9
130,  53, 29.49809735, 94.98618422,  99.9
131,  53, 29.49279354, 94.98631234,  99.9
132,  53, 29.48742576, 94.98647219,  99.9
133,  53, 29.48199292, 94.98666379,   7.3
134,  53, 29.47649387, 94.98688717,   7.3
135,  53, 29.47092747, 94.98714239,  99.9
136,  53, 29.46529257, 94.98742948,  99.9
137,  53, 29.45958799, 94.98774850,  99.9
138,  53, 29.45381254, 94.98809951,   7.2
139,  53, 29.44796502, 94.98848257,   7.2
140,  53, 29.44204421, 94.98889777,   7.2
141,  53, 29.43604889, 94.98934518,   7.2
142,  53, 29.42997779, 94.98982488,  99.9
143,  53, 29.42382967, 94.99033698,  99.9
144,  53, 29.41760323, 94.99088156,  99.9
145,  53, 29.41129718, 94.99145874,  99.9
146,  53, 29.40491022, 94.99206862,  99.9
147,  53, 29.39844100, 94.99271134,  99.9
148,  53, 29.39188819, 94.99338701,  99.9
149,  53, 29.38525041, 94.99409576,  99.9
150,  53, 29.37852629, 94.99483774,  99.9
151,  53, 29.37171443, 94.99561310,  99.9
152,  53, 29.36481340, 94.99642197,  99.9
153,  53, 29.35782177, 94.99726453,  99.9
154,  53, 29.35073809, 94.99814094,   8.5
155,  53, 29.34356088, 94.99905137,  99.9
156,  53, 29.33628865, 94.99999601,   8.6
157,  53, 29.32891987, 95.00097503,   8.6
158,  53, 29.32145303, 95.00198864,   8.7
159,  53, 29.31388655, 95.00303703,   8.7
160,  53, 29.30621887, 95.00412042,   8.7
161,  53, 29.29844839, 95.00523900,   8.7
162,  53, 29.29057349, 95.00639302,   8.6
163,  53, 29.28259254, 95.00758269,   8.6
164,  53, 29.27450386, 95.00880825,   8.6
165,  53, 29.26630578, 95.01006994,   8.6
166,  53, 29.25799658, 95.01136802,   8.6
167,  53, 29.24957454, 95.01270274,   8.6
168,  53, 29.24103791, 95.01407436,   8.6
169,  53, 29.23238490, 95.01548316,   8.6
170,  53, 29.22361371, 95.01692942,   8.6
171,  53, 29.21472252, 95.01841342,   8.6
172,  53, 29.20570947, 95.01993545,   8.6
173,  53, 29.19657269, 95.02149582,   8.6
174,  53, 29.18731028, 95.02309484,   8.6
175,  53, 29.17792030, 95.02473282,   8.6
176,  53, 29.16840080, 95.02641008,   8.6
177,  53, 29.15874980, 95.02812697,   8.6
178,  53, 29.14896528, 95.02988381,   8.7
179,  53, 29.13904521, 95.03168096,   8.8
180,  53, 29.12898753, 95.03351877,   8.8
181,  53, 29.11879013, 95.03539761,   8.7
182,  53, 29.10845089, 95.03731783,   8.7
183,  53, 29.09796767, 95.03927984,   8.6
184,  53, 29.08733827, 95.04128401,   8.5
185,  53, 29.07656048, 95.04333073,   8.4
186,  53, 29.06563206, 95.04542042,   8.4
187,  53, 29.05455073, 95.04755348,   8.3
188,  53, 29.04331418, 95.04973033,   8.2
189,  53, 29.03192007, 95.05195141,   8.1
190,  53, 29.02036603, 95.05421714,   8.0
191,  53, 29.00864965, 95.05652799,   7.9
192,  53, 28.99676849, 95.05888440,   7.8
193,  53, 28.98472008, 95.06128683,   7.7
194,  53, 28.97250190, 95.06373576,   7.6
195,  53, 28.96011141, 95.06623166,   7.5
196,  53, 28.94754603, 95.06877504,   7.4
197,  53, 28.93480314, 95.07136638,   7.3
198,  53, 28.92188009, 95.07400620,   7.2
199,  53, 28.90877418, 95.07669502,   7.1
200,  53, 28.89548268, 95.07943335,   7.0
201,  53, 28.88200283, 95.08222175,   6.9
202,  53, 28.86833181, 95.08506074,   6.8
203,  53, 28.85446678, 95.08795090,   6.7
204,  53, 28.84040486, 95.09089278,   6.6
205,  53, 28.82614310, 95.09388695,   6.4
206,  53, 28.81167853, 95.09693401,   6.3
207,  53, 28.79700816, 95.10003455,   6.2
208,  53, 28.78212891, 95.10318916,   6.1
209,  53, 28.76703769, 95.10639847,   5.9
210,  53, 28.75173135, 95.10966311,   5.8
211,  53, 28.73620671, 95.11298370,   5.7
212,  53, 28.72046052, 95.11636089,   5.6
213,  53, 28.70448952, 95.11979533,   5.5
214,  53, 28.68829037, 95.12328770,   5.3
215,  53, 28.67185969, 95.12683867,   5.2
216,  53, 28.65519407, 95.13044893,   5.1
217,  53, 28.63829003, 95.13411918,   5.0
218,  53, 28.62114405, 95.13785013,   4.8
219,  53, 28.60375255, 95.14164249,   4.7
220,  53, 28.58611191, 95.14549701,   4.5
221,  53, 28.56821846, 95.14941442,   4.4
222,  53, 28.55006848, 95.15339548,   4.2
223,  53, 28.53165816, 95.15744095,   4.1
224,  53, 28.51298369, 95.16155163,   3.9
225,  53, 28.49404117, 95.16572828,   3.8
226,  53, 28.47482665, 95.16997173,   3.6
227,  53, 28.45533613, 95.17428277,   3.4
228,  53, 28.43556555, 95.17866224,   3.3
229,  53, 28.41551078, 95.18311098,   3.1
230,  53, 28.39516766, 95.18762984,   2.9
231,  53, 28.37453194, 95.19221967,   2.8
232,  53, 28.35359932, 95.19688136,   2.6
233,  53, 28.33236544, 95.20161580,   2.4
234,  53, 28.31082587, 95.20642388,   2.2
235,  53, 28.28897614, 95.21130653,   2.1
236,  53, 28.26681168, 95.21626466,   2.0
237,  53, 28.24432787, 95.22129923,   2.0
238,  53, 28.22152004, 95.22641117,   2.0
239,  53, 28.19838344, 95.23160147,   2.0
240,  53, 28.17491323, 95.23687111,   2.0
241,  53, 28.15110453, 95.24222107,   2.0
  1,  54, 29.95753360, 95.30834208,  99.9
  2,  54, 29.95378683, 95.30185998,  99.9
  3,  54, 29.95007157, 95.29547601,  99.9
  4,  54, 29.94638706, 95.28918881,  99.9
  5,  54, 29.94273255, 95.28299707,  99.9
  6,  54, 29.93910730, 95.27689949,  99.9
  7,  54, 29.93551056, 95.27089477,  99.9
  8,  54, 29.93194160, 95.26498165,  99.9
  9,  54, 29.92839968, 95.25915889,  99.9
 10,  54, 29.92488408, 95.25342526,  99.9
 11,  54, 29.92139409, 95.24777956,  99.9
 12,  54, 29.91792898, 95.24222059,  99.9
 13,  54, 29.91448805, 95.23674720,  99.9
 14,  54, 29.91107059, 95.23135821,  99.9
 15,  54, 29.90767590, 95.22605251,  99.9
 16,  54, 29.90430328, 95.22082898,  99.9
 17,  54, 29.90095204, 95.21568651,  99.9
 18,  54, 29.89762150, 95.21062403,  99.9
 19,  54, 29.89431096, 95.20564047,  99.9
 20,  54, 29.89101976, 95.20073478,  99.9
 21,  54, 29.88774721, 95.19590594,  99.9
 22,  54, 29.88449264, 95.19115292,  99.9
 23,  54, 29.88125538, 95.18647474,  99.9
 24,  54, 29.87803477, 95.18187039,  99.9
 25,  54, 29.87483014, 95.17733893,  99.9
 26,  54, 29.87164083, 95.17287939,  99.9
 27,  54, 29.86846619, 95.16849085,  99.9
 28,  54, 29.86530557, 95.16417237,  99.9
 29,  54, 29.86215831, 95.15992305,  99.9
 30,  54, 29.85902376, 95.15574199,  99.9
 31,  54, 29.85590128, 95.15162833,  99.9
 32,  54, 29.85279023, 95.14758120,  99.9
 33,  54, 29.84968996, 95.14359974,  99.9
 34,  54, 29.84659984, 95.13968313,  99.9
 35,  54, 29.84351922, 95.13583053,  99.9
 36,  54, 29.84044747, 95.13204114,  99.9
 37,  54, 29.83738397, 95.12831417,  99.9
 38,  54, 29.83432807, 95.12464883,  99.9
 39,  54, 29.83127914, 95.12104436,  99.9
 40,  54, 29.82823656, 95.11749999,  99.9
 41,  54, 29.82519970, 95.11401499,  99.9
 42,  54, 29.82216793, 95.11058862,  99.9
 43,  54, 29.81914062, 95.10722016,  99.9
 44,  54, 29.81611715, 95.10390891,  99.9
 45,  54, 29.81309689, 95.10065418,  99.9
 46,  54, 29.81007922, 95.09745527,  99.9
 47,  54, 29.80706352, 95.09431153,   5.9
 48,  54, 29.80404915, 95.09122228,   5.9
 49,  54, 29.80103551, 95.08818689,   5.9
 50,  54, 29.79802195, 95.08520471,   5.9
 51,  54, 29.79500787, 95.08227513,   5.9
 52,  54, 29.79199264, 95.07939752,   5.9
 53,  54, 29.78897562, 95.07657128,   5.9
 54,  54, 29.78595621, 95.07379582,   5.9
 55,  54, 29.78293377, 95.07107056,   5.9
 56,  54, 29.77990768, 95.06839493,  99.9
 57,  54, 29.77687730, 95.06576837,  99.9
 58,  54, 29.77384202, 95.06319032,   5.9
 59,  54, 29.77080120, 95.06066025,   5.9
 60,  54, 29.76775422, 95.05817762,   5.9
 61,  54, 29.76470044, 95.05574191,   5.9
 62,  54, 29.76163922, 95.05335262,   5.9
 63,  54, 29.75856995, 95.05100924,   5.9
 64,  54, 29.75549197, 95.04871129,   5.9
 65,  54, 29.75240465, 95.04645827,   5.9
 66,  54, 29.74930735, 95.04424972,   5.9
 67,  54, 29.74619943, 95.04208518,   5.9
 68,  54, 29.74308024, 95.03996419,   5.9
 69,  54, 29.73994914, 95.03788630,   5.9
 70,  54, 29.73680547, 95.03585108,   5.9
 71,  54, 29.73364859, 95.03385811,   5.9
 72,  54, 29.73047783, 95.03190697,   5.9
 73,  54, 29.72729255, 95.02999724,   5.9
 74,  54, 29.72409208, 95.02812852,   5.9
 75,  54, 29.72087575, 95.02630043,   5.8
 76,  54, 29.71764290, 95.02451259,   6.0
 77,  54, 29.71439286, 95.02276461,   8.7
 78,  54, 29.71112495, 95.02105612,   7.2
 79,  54, 29.70783849, 95.01938678,   6.7
 80,  54, 29.70453281, 95.01775623,   6.4
 81,  54, 29.70120720, 95.01616413,   6.4
 82,  54, 29.69786100, 95.01461015,  99.9
 83,  54, 29.69449349, 95.01309395,  99.9
 84,  54, 29.69110398, 95.01161522,  99.9
 85,  54, 29.68769176, 95.01017365,  99.9
 86,  54, 29.68425613, 95.00876894,   6.8
 87,  54, 29.68079637, 95.00740079,   6.8
 88,  54, 29.67731177, 95.00606891,  99.9
 89,  54, 29.67380159, 95.00477303,  99.9
 90,  54, 29.67026511, 95.00351287,  99.9
 91,  54, 29.66670160, 95.00228816,  99.9
 92,  54, 29.66311032, 95.00109866,   6.8
 93,  54, 29.65949051, 94.99994410,   6.8
 94,  54, 29.65584142, 94.99882425,   6.8
 95,  54, 29.65216230, 94.99773888,   6.8
 96,  54, 29.64845239, 94.99668774,   6.8
 97,  54, 29.64471090, 94.99567062,   6.8
 98,  54, 29.64093707, 94.99468731,   6.8
 99,  54, 29.63713010, 94.99373760,   6.8
100,  54, 29.63328921, 94.99282128,   6.8
101,  54, 29.62941360, 94.99193817,   6.8
102,  54, 29.62550246, 94.99108808,   6.8
103,  54, 29.62155498, 94.99027082,   6.8
104,  54, 29.61757033, 94.98948623,   6.8
105,  54, 29.61354769, 94.98873414,   6.8
106,  54, 29.60948623, 94.98801439,   6.8
107,  54, 29.60538509, 94.98732682,  99.9
108,  54, 29.60124343, 94.98667129,  99.9
109,  54, 29.59706038, 94.98604766,   6.8
110,  54, 29.59283507, 94.98545581,   6.8
111,  54, 29.58856663, 94.98489559,   6.8
112,  54, 29.58425416, 94.98436689,   6.8
113,  54, 29.57989677, 94.98386960,   6.8
114,  54, 29.57549356, 94.98340362,   6.8
115,  54, 29.57104360, 94.98296883,   6.8
116,  54, 29.56654596, 94.98256515,   6.8
117,  54, 29.56199973, 94.98219249,   6.8
118,  54, 29.55740394, 94.98185077,   6.8
119,  54, 29.55275764, 94.98153991,   6.9
120,  54, 29.54805987, 94.98125985,   6.9
121,  54, 29.54330965, 94.98101052,   6.9
122,  54, 29.53850599, 94.98079187,   6.9
123,  54, 29.53364788, 94.98060384,   6.9
124,  54, 29.52873433, 94.98044640,   6.9
125,  54, 29.52376430, 94.98031951,   6.9
126,  54, 29.51873676, 94.98022313,   6.9
127,  54, 29.51365067, 94.98015725,   6.9
128,  54, 29.50850496, 94.98012184,  99.9
129,  54, 29.50329858, 94.98011689,  99.9
130,  54, 29.49803042, 94.98014240,  99.9
131,  54, 29.49269940, 94.98019836,  99.9
132,  54, 29.48730441, 94.98028479,  99.9
133,  54, 29.48184432, 94.98040170,   7.0
134,  54, 29.47631800, 94.98054911,   7.3
135,  54, 29.47072429, 94.98072703,   7.4
136,  54, 29.46506204, 94.98093551,   7.4
137,  54, 29.45933006, 94.98117458,  99.9
138,  54, 29.45352717, 94.98144429,   7.2
139,  54, 29.44765214, 94.98174468,   7.2
140,  54, 29.44170377, 94.98207581,  99.9
141,  54, 29.43568080, 94.98243775,  99.9
142,  54, 29.42958200, 94.98283057,  99.9
143,  54, 29.42340608, 94.98325433,  99.9
144,  54, 29.41715177, 94.98370912,  99.9
145,  54, 29.41081775, 94.98419504,  99.9
146,  54, 29.40440272, 94.98471216,  99.9
147,  54, 29.39790533, 94.98526061,  99.9
148,  54, 29.39132424, 94.98584047,  99.9
149,  54, 29.38465807, 94.98645186,  99.9
150,  54, 29.37790544, 94.98709491,  99.9
151,  54, 29.37106494, 94.98776974,  99.9
152,  54, 29.36413514, 94.98847648,  99.9
153,  54, 29.35711460, 94.98921528,  99.9
154,  54, 29.35000187, 94.98998626,   8.5
155,  54, 29.34279545, 94.99078960,   8.5
156,  54, 29.33549386, 94.99162544,   8.6
157,  54, 29.32809556, 94.99249395,   8.6
158,  54, 29.32059903, 94.99339530,   8.6
159,  54, 29.31300269, 94.99432967,   8.6
160,  54, 29.30530496, 94.99529725,   8.6
161,  54, 29.29750425, 94.99629822,   8.6
162,  54, 29.28959893, 94.99733278,   8.6
163,  54, 29.28158736, 94.99840114,   8.6
164,  54, 29.27346785, 94.99950351,   8.6
165,  54, 29.26523873, 95.00064010,   8.5
166,  54, 29.25689828, 95.00181115,   8.5
167,  54, 29.24844477, 95.00301687,   8.6
168,  54, 29.23987642, 95.00425752,   8.6
169,  54, 29.23119147, 95.00553333,   8.5
170,  54, 29.22238809, 95.00684456,   8.5
171,  54, 29.21346446, 95.00819147,   8.5
172,  54, 29.20441873, 95.00957432,   8.5
173,  54, 29.19524899, 95.01099338,   8.5
174,  54, 29.18595335, 95.01244895,   8.5
175,  54, 29.17652987, 95.01394130,   8.5
176,  54, 29.16697658, 95.01547073,   8.6
177,  54, 29.15729151, 95.01703754,   8.6
178,  54, 29.14747262, 95.01864205,   8.8
179,  54, 29.13751788, 95.02028456,   8.8
180,  54, 29.12742520, 95.02196541,   8.7
181,  54, 29.11719250, 95.02368492,   8.6
182,  54, 29.10681764, 95.02544343,   8.6
183,  54, 29.09629845, 95.02724130,   8.5
184,  54, 29.08563276, 95.02907887,   8.4
185,  54, 29.07481832, 95.03095651,   8.3
186,  54, 29.06385290, 95.03287459,   8.2
187,  54, 29.05273421, 95.03483349,   8.2
188,  54, 29.04145993, 95.03683358,   8.1
189,  54, 29.03002772, 95.03887528,   8.0
190,  54, 29.01843519, 95.04095897,   7.9
191,  54, 29.00667993, 95.04308507,   7.8
192,  54, 28.99475949, 95.04525399,   7.7
193,  54, 28.98267139, 95.04746617,   7.6
194,  54, 28.97041311, 95.04972203,   7.5
195,  54, 28.95798209, 95.05202202,   7.4
196,  54, 28.94537575, 95.05436659,   7.3
197,  54, 28.93259147, 95.05675620,   7.2
198,  54, 28.91962657, 95.05919132,   7.1
199,  54, 28.90647836, 95.06167243,   7.0
200,  54, 28.89314409, 95.06420001,   6.9
201,  54, 28.87962100, 95.06677455,   6.8
202,  54, 28.86590627, 95.06939657,   6.7
203,  54, 28.85199703, 95.07206656,   6.6
204,  54, 28.83789039, 95.07478507,   6.4
205,  54, 28.82358341, 95.07755260,   6.3
206,  54, 28.80907312, 95.08036971,   6.2
207,  54, 28.79435648, 95.08323694,   6.1
208,  54, 28.77943044, 95.08615486,   5.9
209,  54, 28.76429188, 95.08912403,   5.8
210,  54, 28.74893764, 95.09214502,   5.7
211,  54, 28.73336455, 95.09521843,   5.6
212,  54, 28.71756933, 95.09834485,   5.5
213,  54, 28.70154872, 95.10152489,   5.4
214,  54, 28.68529937, 95.10475917,   5.2
215,  54, 28.66881789, 95.10804831,   5.1
216,  54, 28.65210085, 95.11139295,   5.0
217,  54, 28.63514477, 95.11479373,   4.9
218,  54, 28.61794611, 95.11825132,   4.7
219,  54, 28.60050130, 95.12176638,   4.6
220,  54, 28.58280670, 95.12533959,   4.4
221,  54, 28.56485863, 95.12897164,   4.3
222,  54, 28.54665334, 95.13266323,   4.1
223,  54, 28.52818703, 95.13641507,   4.0
224,  54, 28.50945588, 95.14022788,   3.8
225,  54, 28.49045597, 95.14410239,   3.7
226,  54, 28.47118334, 95.14803935,   3.5
227,  54, 28.45163398, 95.15203952,   3.4
228,  54, 28.43180382, 95.15610365,   3.2
229,  54, 28.41168873, 95.16023252,   3.0
230,  54, 28.39128452, 95.16442693,   2.9
231,  54, 28.37058693, 95.16868768,   2.7
232,  54, 28.34959165, 95.17301557,   2.5
233,  54, 28.32829432, 95.17741144,   2.4
234,  54, 28.30669049, 95.18187612,   2.2
235,  54, 28.28477566, 95.18641045,   2.1
236,  54, 28.26254527, 95.19101531,   2.0
237,  54, 28.23999469, 95.19569156,   2.0
238,  54, 28.21711923, 95.20044009,   2.0
239,  54, 28.19391411, 95.20526180,   2.0
240,  54, 28.17037450, 95.21015760,   2.0
241,  54, 28.14649550, 95.21512841,   2.0
  1,  55, 29.96320506, 95.30397165,  99.9
  2,  55, 29.95937285, 95.29752702,  99.9
  3,  55, 29.95557331, 95.29117962,  99.9
  4,  55, 29.95180569, 95.28492812,  99.9
  5,  55, 29.94806920, 95.27877121,  99.9
  6,  55, 29.94436308, 95.27270757,  99.9
  7,  55, 29.94068657, 95.26673595,  99.9
  8,  55, 29.93703892, 95.26085507,  99.9
  9,  55, 29.93341938, 95.25506370,  99.9
 10,  55, 29.92982721, 95.24936062,  99.9
 11,  55, 29.92626168, 95.24374463,  99.9
 12,  55, 29.92272205, 95.23821454,  99.9
 13,  55, 29.91920761, 95.23276920,  99.9
 14,  55, 29.91571761, 95.22740746,  99.9
 15,  55, 29.91225136, 95.22212818,  99.9
 16,  55, 29.90880814, 95.21693026,  99.9
 17,  55, 29.90538725, 95.21181261,  99.9
 18,  55, 29.90198797, 95.20677414,  99.9
 19,  55, 29.89860962, 95.20181381,  99.9
 20,  55, 29.89525149, 95.19693055,  99.9
 21,  55, 29.89191290, 95.19212336,  99.9
 22,  55, 29.88859316, 95.18739121,  99.9
 23,  55, 29.88529159, 95.18273312,  99.9
 24,  55, 29.88200751, 95.17814810,  99.9
 25,  55, 29.87874024, 95.17363519,  99.9
 26,  55, 29.87548912, 95.16919345,  99.9
 27,  55, 29.87225346, 95.16482193,  99.9
 28,  55, 29.86903261, 95.16051972,  99.9
 29,  55, 29.86582590, 95.15628592,  99.9
 30,  55, 29.86263267, 95.15211964,  99.9
 31,  55, 29.85945227, 95.14801999,  99.9
 32,  55, 29.85628403, 95.14398614,  99.9
 33,  55, 29.85312730, 95.14001721,  99.9
 34,  55, 29.84998144, 95.13611239,  99.9
 35,  55, 29.84684579, 95.13227084,  99.9
 36,  55, 29.84371971, 95.12849178,  99.9
 37,  55, 29.84060254, 95.12477439,  99.9
 38,  55, 29.83749366, 95.12111790,  99.9
 39,  55, 29.83439241, 95.11752155,  99.9
 40,  55, 29.83129816, 95.11398458,  99.9
 41,  55, 29.82821026, 95.11050625,  99.9
 42,  55, 29.82512808, 95.10708582,  99.9
 43,  55, 29.82205099, 95.10372258,  99.9
 44,  55, 29.81897833, 95.10041583,  99.9
 45,  55, 29.81590949, 95.09716487,  99.9
 46,  55, 29.81284382, 95.09396902,   5.9
 47,  55, 29.80978070, 95.09082760,   5.9
 48,  55, 29.80671948, 95.08773996,   5.9
 49,  55, 29.80365954, 95.08470546,   5.9
 50,  55, 29.80060024, 95.08172345,   5.9
 51,  55, 29.79754095, 95.07879331,   5.9
 52,  55, 29.79448103, 95.07591443,  99.9
 53,  55, 29.79141985, 95.07308620,   5.9
 54,  55, 29.78835678, 95.07030803,   5.9
 55,  55, 29.78529119, 95.06757933,   5.9
 56,  55, 29.78222243, 95.06489954,  99.9
 57,  55, 29.77914988, 95.06226809,  99.9
 58,  55, 29.77607289, 95.05968444,   5.9
 59,  55, 29.77299084, 95.05714803,   5.9
 60,  55, 29.76990307, 95.05465834,   5.9
 61,  55, 29.76680895, 95.05221484,   5.9
 62,  55, 29.76370785, 95.04981703,   5.9
 63,  55, 29.76059910, 95.04746440,   5.9
 64,  55, 29.75748208, 95.04515646,   5.9
 65,  55, 29.75435614, 95.04289272,   5.8
 66,  55, 29.75122062, 95.04067271,  99.9
 67,  55, 29.74807488, 95.03849597,   5.9
 68,  55, 29.74491826, 95.03636203,   5.9
 69,  55, 29.74175011, 95.03427045,   5.9
 70,  55, 29.73856977, 95.03222079,   5.9
 71,  55, 29.73537659, 95.03021263,   5.9
 72,  55, 29.73216989, 95.02824554,   5.9
 73,  55, 29.72894902, 95.02631910,   5.9
 74,  55, 29.72571330, 95.02443292,   5.8
 75,  55, 29.72246207, 95.02258660,   5.9
 76,  55, 29.71919465, 95.02077975,   6.1
 77,  55, 29.71591035, 95.01901199,   6.6
 78,  55, 29.71260851, 95.01728296,   7.5
 79,  55, 29.70928842, 95.01559228,   6.9
 80,  55, 29.70594941, 95.01393962,   6.4
 81,  55, 29.70259078, 95.01232460,   6.4
 82,  55, 29.69921183, 95.01074691,   6.4
 83,  55, 29.69581186, 95.00920621,  99.9
 84,  55, 29.69239017, 95.00770217,  99.9
 85,  55, 29.68894603, 95.00623448,  99.9
 86,  55, 29.68547875, 95.00480283,   6.8
 87,  55, 29.68198759, 95.00340692,   6.8
 88,  55, 29.67847183, 95.00204646,  99.9
 89,  55, 29.67493075, 95.00072116,  99.9
 90,  55, 29.67136360, 94.99943074,  99.9
 91,  55, 29.66776964, 94.99817494,  99.9
 92,  55, 29.66414813, 94.99695348,   6.8
 93,  55, 29.66049831, 94.99576612,   6.8
 94,  55, 29.65681943, 94.99461259,   6.8
 95,  55, 29.65311072, 94.99349266,   6.8
 96,  55, 29.64937141, 94.99240610,   6.8
 97,  55, 29.64560072, 94.99135267,   6.8
 98,  55, 29.64179787, 94.99033215,   6.8
 99,  55, 29.63796207, 94.98934433,   6.8
100,  55, 29.63409252, 94.98838900,   6.8
101,  55, 29.63018841, 94.98746596,   6.8
102,  55, 29.62624894, 94.98657500,   6.8
103,  55, 29.62227327, 94.98571596,   6.8
104,  55, 29.61826060, 94.98488863,   6.8
105,  55, 29.61421008, 94.98409285,   6.8
106,  55, 29.61012087, 94.98332845,   6.8
107,  55, 29.60599212, 94.98259527,   6.8
108,  55, 29.60182297, 94.98189315,   6.8
109,  55, 29.59761256, 94.98122194,   6.8
110,  55, 29.59336000, 94.98058151,   6.8
111,  55, 29.58906442, 94.97997170,   6.8
112,  55, 29.58472492, 94.97939240,   6.8
113,  55, 29.58034059, 94.97884348,   6.8
114,  55, 29.57591053, 94.97832482,   6.8
115,  55, 29.57143381, 94.97783631,   6.8
116,  55, 29.56690951, 94.97737785,   6.8
117,  55, 29.56233668, 94.97694934,   6.8
118,  55, 29.55771436, 94.97655068,   6.8
119,  55, 29.55304160, 94.97618179,   6.8
120,  55, 29.54831743, 94.97584259,   6.8
121,  55, 29.54354086, 94.97553300,   6.8
122,  55, 29.53871090, 94.97525296,   6.8
123,  55, 29.53382654, 94.97500240,   6.8
124,  55, 29.52888677, 94.97478128,   6.8
125,  55, 29.52389056, 94.97458952,   6.8
126,  55, 29.51883687, 94.97442711,   6.8
127,  55, 29.51372464, 94.97429399,   6.8
128,  55, 29.50855282, 94.97419013,  99.9
129,  55, 29.50332033, 94.97411551,  99.9
130,  55, 29.49802607, 94.97407011,  99.9
131,  55, 29.49266895, 94.97405392,  99.9
132,  55, 29.48724786, 94.97406692,  99.9
133,  55, 29.48176165, 94.97410912,   7.3
134,  55, 29.47620920, 94.97418052,   7.3
135,  55, 29.47058934, 94.97428112,   7.3
136,  55, 29.46490091, 94.97441095,   7.3
137,  55, 29.45914272, 94.97457003,   7.2
138,  55, 29.45331358, 94.97475838,   7.2
139,  55, 29.44741226, 94.97497604,  99.9
140,  55, 29.44143755, 94.97522305,  99.9
141,  55, 29.43538820, 94.97549945,  99.9
142,  55, 29.42926294, 94.97580530,  99.9
143,  55, 29.42306051, 94.97614065,  99.9
144,  55, 29.41677961, 94.97650557,  99.9
145,  55, 29.41041893, 94.97690012,  99.9
146,  55, 29.40397716, 94.97732439,  99.9
147,  55, 29.39745295, 94.97777845,  99.9
148,  55, 29.39084493, 94.97826239,  99.9
149,  55, 29.38415175, 94.97877631,  99.9
150,  55, 29.37737200, 94.97932030,  99.9
151,  55, 29.37050426, 94.97989448,  99.9
152,  55, 29.36354712, 94.98049895,  99.9
153,  55, 29.35649913, 94.98113382,  99.9
154,  55, 29.34935881, 94.98179924,   8.4
155,  55, 29.34212467, 94.98249532,   8.5
156,  55, 29.33479523, 94.98322220,   8.5
157,  55, 29.32736893, 94.98398002,   8.5
158,  55, 29.31984425, 94.98476894,   8.5
159,  55, 29.31221962, 94.98558911,   8.5
160,  55, 29.30449344, 94.98644069,   8.5
161,  55, 29.29666410, 94.98732384,   8.5
162,  55, 29.28872999, 94.98823875,   8.5
163,  55, 29.28068944, 94.98918559,   8.5
164,  55, 29.27254079, 94.99016454,   8.5
165,  55, 29.26428232, 94.99117581,   8.5
166,  55, 29.25591234, 94.99221959,   8.5
167,  55, 29.24742908, 94.99329608,   8.5
168,  55, 29.23883080, 94.99440551,   8.5
169,  55, 29.23011569, 94.99554808,   8.5
170,  55, 29.22128194, 94.99672402,   8.5
171,  55, 29.21232771, 94.99793357,   8.5
172,  55, 29.20325114, 94.99917697,   8.5
173,  55, 29.19405033, 95.00045445,   8.5
174,  55, 29.18472338, 95.00176628,   8.5
175,  55, 29.17526833, 95.00311270,   8.5
176,  55, 29.16568323, 95.00449400,   8.6
177,  55, 29.15596607, 95.00591043,   8.8
178,  55, 29.14611483, 95.00736227,   8.7
179,  55, 29.13612745, 95.00884983,   8.7
180,  55, 29.12600187, 95.01037338,   8.6
181,  55, 29.11573597, 95.01193323,   8.5
182,  55, 29.10532761, 95.01352968,   8.5
183,  55, 29.09477462, 95.01516306,   8.4
184,  55, 29.08407482, 95.01683367,   8.3
185,  55, 29.07322596, 95.01854186,   8.2
186,  55, 29.06222579, 95.02028795,   8.1
187,  55, 29.05107202, 95.02207230,   8.1
188,  55, 29.03976232, 95.02389525,   8.0
189,  55, 29.02829435, 95.02575715,   7.9
190,  55, 29.01666571, 95.02765839,   7.8
191,  55, 29.00487398, 95.02959932,   7.7
192,  55, 28.99291670, 95.03158033,   7.6
193,  55, 28.98079139, 95.03360182,   7.5
194,  55, 28.96849551, 95.03566417,   7.4
195,  55, 28.95602652, 95.03776779,   7.3
196,  55, 28.94338180, 95.03991310,   7.2
197,  55, 28.93055874, 95.04210051,   7.1
198,  55, 28.91755465, 95.04433046,   7.0
199,  55, 28.90436683, 95.04660337,   6.9
200,  55, 28.89099253, 95.04891969,   6.8
201,  55, 28.87742896, 95.05127989,   6.7
202,  55, 28.86367331, 95.05368441,   6.6
203,  55, 28.84972270, 95.05613373,   6.5
204,  55, 28.83557424, 95.05862832,   6.3
205,  55, 28.82122497, 95.06116868,   6.2
206,  55, 28.80667190, 95.06375529,   6.1
207,  55, 28.79191201, 95.06638866,   6.0
208,  55, 28.77694222, 95.06906931,   5.9
209,  55, 28.76175941, 95.07179775,   5.7
210,  55, 28.74636042, 95.07457452,   5.6
211,  55, 28.73074204, 95.07740016,   5.5
212,  55, 28.71490102, 95.08027520,   5.4
213,  55, 28.69883406, 95.08320022,   5.3
214,  55, 28.68253782, 95.08617578,   5.1
215,  55, 28.66600889, 95.08920245,   5.0
216,  55, 28.64924384, 95.09228082,   4.9
217,  55, 28.63223918, 95.09541148,   4.8
218,  55, 28.61499135, 95.09859505,   4.6
219,  55, 28.59749678, 95.10183213,   4.5
220,  55, 28.57975181, 95.10512334,   4.3
221,  55, 28.56175276, 95.10846933,   4.2
222,  55, 28.54349587, 95.11187074,   4.0
223,  55, 28.52497733, 95.11532822,   3.9
224,  55, 28.50619330, 95.11884244,   3.7
225,  55, 28.48713985, 95.12241406,   3.6
226,  55, 28.46781303, 95.12604378,   3.4
227,  55, 28.44820881, 95.12973229,   3.3
228,  55, 28.42832309, 95.13348030,   3.1
229,  55, 28.40815175, 95.13728853,   3.0
230,  55, 28.38769058, 95.14115769,   2.8
231,  55, 28.36693532, 95.14508853,   2.6
232,  55, 28.34588164, 95.14908181,   2.5
233,  55, 28.32452516, 95.15313827,   2.3
234,  55, 28.30286144, 95.15725869,   2.2
235,  55, 28.28088595, 95.16144386,   2.0
236,  55, 28.25859414, 95.16569457,   2.0
237,  55, 28.23598134, 95.17001162,   2.0
238,  55, 28.21304286, 95.17439583,   1.9
239,  55, 28.18977391, 95.17884803,   1.9
240,  55, 28.16616966, 95.18336907,   2.0
241,  55, 28.14222517, 95.18795979,   2.0
  1,  56, 29.96884258, 95.29950262,  99.9
  2,  56, 29.96492572, 95.29309682,  99.9
  3,  56, 29.96104271, 95.28678734,  99.9
  4,  56, 29.95719274, 95.28057286,  99.9
  5,  56, 29.95337504, 95.27445206,  99.9
  6,  56, 29.94958882, 95.26842366,  99.9
  7,  56, 29.94583331, 95.26248638,  99.9
  8,  56, 29.94210773, 95.25663898,  99.9
  9,  56, 29.93841132, 95.25088022,  99.9
 10,  56, 29.93474333, 95.24520889,  99.9
 11,  56, 29.93110300, 95.23962379,  99.9
 12,  56, 29.92748959, 95.23412375,  99.9
 13,  56, 29.92390236, 95.22870761,  99.9
 14,  56, 29.92034056, 95.22337424,  99.9
 15,  56, 29.91680347, 95.21812250,  99.9
 16,  56, 29.91329036, 95.21295129,  99.9
 17,  56, 29.90980052, 95.20785953,  99.9
 18,  56, 29.90633321, 95.20284613,  99.9
 19,  56, 29.90288774, 95.19791006,  99.9
 20,  56, 29.89946339, 95.19305027,  99.9
 21,  56, 29.89605945, 95.18826574,  99.9
 22,  56, 29.89267524, 95.18355545,  99.9
 23,  56, 29.88931004, 95.17891843,  99.9
 24,  56, 29.88596318, 95.17435370,  99.9
 25,  56, 29.88263395, 95.16986030,  99.9
 26,  56, 29.87932168, 95.16543727,  99.9
 27,  56, 29.87602568, 95.16108370,  99.9
 28,  56, 29.87274527, 95.15679867,  99.9
 29,  56, 29.86947978, 95.15258128,  99.9
 30,  56, 29.86622853, 95.14843064,  99.9
 31,  56, 29.86299086, 95.14434588,  99.9
 32,  56, 29.85976609, 95.14032614,  99.9
 33,  56, 29.85655356, 95.13637058,  99.9
 34,  56, 29.85335261, 95.13247837,  99.9
 35,  56, 29.85016258, 95.12864868,  99.9
 36,  56, 29.84698281, 95.12488073,  99.9
 37,  56, 29.84381264, 95.12117371,  99.9
 38,  56, 29.84065142, 95.11752684,  99.9
 39,  56, 29.83749849, 95.11393937,  99.9
 40,  56, 29.83435321, 95.11041054,  99.9
 41,  56, 29.83121492, 95.10693960,  99.9
 42,  56, 29.82808297, 95.10352584,  99.9
 43,  56, 29.82495673, 95.10016852,  99.9
 44,  56, 29.82183553, 95.09686696,  99.9
 45,  56, 29.81871874, 95.09362045,  99.9
 46,  56, 29.81560571, 95.09042832,   5.9
 47,  56, 29.81249581, 95.08728990,   5.9
 48,  56, 29.80938837, 95.08420452,   5.9
 49,  56, 29.80628277, 95.08117154,   5.9
 50,  56, 29.80317835, 95.07819032,   5.9
 51,  56, 29.80007448, 95.07526025,   5.9
 52,  56, 29.79697052, 95.07238069,   5.9
 53,  56, 29.79386582, 95.06955106,   5.9
 54,  56, 29.79075973, 95.06677076,   5.9
 55,  56, 29.78765162, 95.06403920,   5.9
 56,  56, 29.78454084, 95.06135581,  99.9
 57,  56, 29.78142675, 95.05872003,  99.9
 58,  56, 29.77830869, 95.05613130,   5.9
 59,  56, 29.77518604, 95.05358909,   5.9
 60,  56, 29.77205813, 95.05109287,   5.9
 61,  56, 29.76892432, 95.04864209,   5.9
 62,  56, 29.76578396, 95.04623626,   5.9
 63,  56, 29.76263640, 95.04387487,   5.8
 64,  56, 29.75948099, 95.04155743,   5.8
 65,  56, 29.75631706, 95.03928344,  99.9
 66,  56, 29.75314398, 95.03705244,  99.9
 67,  56, 29.74996107, 95.03486395,  99.9
 68,  56, 29.74676768, 95.03271751,   5.8
 69,  56, 29.74356314, 95.03061268,   5.8
 70,  56, 29.74034679, 95.02854901,   5.8
 71,  56, 29.73711797, 95.02652608,  99.9
 72,  56, 29.73387600, 95.02454345,  99.9
 73,  56, 29.73062020, 95.02260071,   5.8
 74,  56, 29.72734991, 95.02069746,   5.8
 75,  56, 29.72406445, 95.01883329,   5.8
 76,  56, 29.72076313, 95.01700782,  99.9
 77,  56, 29.71744526, 95.01522066,  99.9
 78,  56, 29.71411016, 95.01347144,  99.9
 79,  56, 29.71075714, 95.01175978,  99.9
 80,  56, 29.70738550, 95.01008534,   6.4
 81,  56, 29.70399454, 95.00844776,   6.4
 82,  56, 29.70058355, 95.00684669,   6.4
 83,  56, 29.69715183, 95.00528181,  99.9
 84,  56, 29.69369866, 95.00375277,  99.9
 85,  56, 29.69022332, 95.00225927,  99.9
 86,  56, 29.68672510, 95.00080098,  99.9
 87,  56, 29.68320327, 94.99937761,   6.7
 88,  56, 29.67965709, 94.99798885,  99.9
 89,  56, 29.67608583, 94.99663441,  99.9
 90,  56, 29.67248875, 94.99531401,  99.9
 91,  56, 29.66886509, 94.99402737,   6.8
 92,  56, 29.66521411, 94.99277422,   6.8
 93,  56, 29.66153504, 94.99155429,   6.8
 94,  56, 29.65782713, 94.99036733,   6.8
 95,  56, 29.65408960, 94.98921309,   6.8
 96,  56, 29.65032167, 94.98809133,   6.8
 97,  56, 29.64652256, 94.98700181,   6.8
 98,  56, 29.64269148, 94.98594430,   6.8
 99,  56, 29.63882763, 94.98491858,   6.8
100,  56, 29.63493022, 94.98392444,   6.8
101,  56, 29.63099843, 94.98296165,   6.8
102,  56, 29.62703143, 94.98203003,   6.8
103,  56, 29.62302842, 94.98112937,   6.8
104,  56, 29.61898855, 94.98025948,   6.8
105,  56, 29.61491099, 94.97942019,   6.8
106,  56, 29.61079488, 94.97861131,   6.8
107,  56, 29.60663937, 94.97783266,   6.8
108,  56, 29.60244360, 94.97708410,   6.8
109,  56, 29.59820670, 94.97636545,   6.8
110,  56, 29.59392777, 94.97567657,   6.8
111,  56, 29.58960594, 94.97501731,   6.8
112,  56, 29.58524030, 94.97438753,   6.8
113,  56, 29.58082995, 94.97378709,   6.8
114,  56, 29.57637396, 94.97321587,   6.8
115,  56, 29.57187142, 94.97267375,   6.8
116,  56, 29.56732137, 94.97216061,   6.8
117,  56, 29.56272289, 94.97167633,   6.8
118,  56, 29.55807501, 94.97122082,   6.8
119,  56, 29.55337675, 94.97079398,   6.8
120,  56, 29.54862716, 94.97039572,   6.8
121,  56, 29.54382523, 94.97002594,   6.8
122,  56, 29.53896997, 94.96968457,   6.8
123,  56, 29.53406037, 94.96937154,   6.8
124,  56, 29.52909541, 94.96908677,   6.8
125,  56, 29.52407405, 94.96883021,   6.8
126,  56, 29.51899525, 94.96860179,   6.8
127,  56, 29.51385795, 94.96840146,   6.8
128,  56, 29.50866108, 94.96822919,   6.8
129,  56, 29.50340356, 94.96808492,  99.9
130,  56, 29.49808430, 94.96796863,  99.9
131,  56, 29.49270219, 94.96788028,  99.9
132,  56, 29.48725611, 94.96781986,   7.2
133,  56, 29.48174493, 94.96778734,   7.3
134,  56, 29.47616749, 94.96778272,   7.3
135,  56, 29.47052265, 94.96780599,   7.2
136,  56, 29.46480921, 94.96785715,   7.2
137,  56, 29.45902600, 94.96793621,   7.2
138,  56, 29.45317182, 94.96804317,  99.9
139,  56, 29.44724543, 94.96817806,  99.9
140,  56, 29.44124561, 94.96834090,  99.9
141,  56, 29.43517112, 94.96853171,  99.9
142,  56, 29.42902068, 94.96875053,  99.9
143,  56, 29.42279301, 94.96899741,  99.9
144,  56, 29.41648682, 94.96927238,  99.9
145,  56, 29.41010080, 94.96957550,  99.9
146,  56, 29.40363362, 94.96990682,  99.9
147,  56, 29.39708392, 94.97026642,  99.9
148,  56, 29.39045036, 94.97065435,  99.9
149,  56, 29.38373153, 94.97107069,  99.9
150,  56, 29.37692606, 94.97151552,  99.9
151,  56, 29.37003252, 94.97198892,  99.9
152,  56, 29.36304947, 94.97249100,  99.9
153,  56, 29.35597547, 94.97302184,  99.9
154,  56, 29.34880904, 94.97358155,   8.4
155,  56, 29.34154868, 94.97417023,   8.4
156,  56, 29.33419289, 94.97478801,   8.4
157,  56, 29.32674013, 94.97543500,   8.4
158,  56, 29.31918886, 94.97611134,   8.4
159,  56, 29.31153750, 94.97681714,   8.4
160,  56, 29.30378445, 94.97755255,   8.4
161,  56, 29.29592811, 94.97831771,   8.4
162,  56, 29.28796684, 94.97911278,   8.4
163,  56, 29.27989898, 94.97993791,   8.4
164,  56, 29.27172285, 94.98079327,   8.4
165,  56, 29.26343675, 94.98167901,   8.4
166,  56, 29.25503895, 94.98259532,   8.4
167,  56, 29.24652770, 94.98354237,   8.4
168,  56, 29.23790124, 94.98452035,   8.4
169,  56, 29.22915777, 94.98552946,   8.4
170,  56, 29.22029546, 94.98656988,   8.4
171,  56, 29.21131248, 94.98764184,   8.4
172,  56, 29.20220694, 94.98874553,   8.4
173,  56, 29.19297696, 94.98988118,   8.5
174,  56, 29.18362061, 94.99104901,   8.5
175,  56, 29.17413594, 94.99224924,   8.6
176,  56, 29.16452099, 94.99348212,   8.7
177,  56, 29.15477374, 94.99474789,   8.7
178,  56, 29.14489217, 94.99604680,   8.7
179,  56, 29.13487423, 94.99737910,   8.6
180,  56, 29.12471781, 94.99874505,   8.5
181,  56, 29.11442082, 95.00014493,   8.4
182,  56, 29.10398110, 95.00157901,   8.4
183,  56, 29.09339648, 95.00304757,   8.3
184,  56, 29.08266476, 95.00455090,   8.2
185,  56, 29.07178370, 95.00608930,   8.1
186,  56, 29.06075104, 95.00766307,   8.0
187,  56, 29.04956448, 95.00927251,   7.9
188,  56, 29.03822169, 95.01091795,   7.9
189,  56, 29.02672031, 95.01259970,   7.8
190,  56, 29.01505794, 95.01431811,   7.7
191,  56, 29.00323216, 95.01607349,   7.6
192,  56, 28.99124049, 95.01786621,   7.5
193,  56, 28.97908045, 95.01969661,   7.4
194,  56, 28.96674951, 95.02156505,   7.3
195,  56, 28.95424508, 95.02347189,   7.2
196,  56, 28.94156458, 95.02541751,   7.1
197,  56, 28.92870536, 95.02740229,   7.0
198,  56, 28.91566474, 95.02942662,   6.9
199,  56, 28.90244001, 95.03149090,   6.8
200,  56, 28.88902841, 95.03359552,   6.7
201,  56, 28.87542715, 95.03574090,   6.6
202,  56, 28.86163339, 95.03792745,   6.5
203,  56, 28.84764427, 95.04015562,   6.4
204,  56, 28.83345687, 95.04242582,   6.2
205,  56, 28.81906824, 95.04473850,   6.1
206,  56, 28.80447537, 95.04709411,   6.0
207,  56, 28.78967524, 95.04949311,   5.9
208,  56, 28.77466476, 95.05193597,   5.8
209,  56, 28.75944080, 95.05442316,   5.6
210,  56, 28.74400019, 95.05695516,   5.5
211,  56, 28.72833972, 95.05953247,   5.4
212,  56, 28.71245612, 95.06215558,   5.3
213,  56, 28.69634609, 95.06482501,   5.2
214,  56, 28.68000628, 95.06754127,   5.1
215,  56, 28.66343327, 95.07030489,   4.9
216,  56, 28.64662362, 95.07311639,   4.8
217,  56, 28.62957383, 95.07597633,   4.7
218,  56, 28.61228035, 95.07888526,   4.5
219,  56, 28.59473958, 95.08184373,   4.4
220,  56, 28.57694785, 95.08485232,   4.3
221,  56, 28.55890148, 95.08791161,   4.1
222,  56, 28.54059670, 95.09102218,   4.0
223,  56, 28.52202969, 95.09418464,   3.8
224,  56, 28.50319659, 95.09739958,   3.7
225,  56, 28.48409349, 95.10066764,   3.5
226,  56, 28.46471640, 95.10398942,   3.4
227,  56, 28.44506128, 95.10736558,   3.2
228,  56, 28.42512404, 95.11079675,   3.1
229,  56, 28.40490054, 95.11428359,   2.9
230,  56, 28.38438656, 95.11782677,   2.8
231,  56, 28.36357783, 95.12142696,   2.6
232,  56, 28.34247001, 95.12508485,   2.4
233,  56, 28.32105872, 95.12880114,   2.3
234,  56, 28.29933949, 95.13257653,   2.1
235,  56, 28.27730779, 95.13641173,   2.0
236,  56, 28.25495905, 95.14030748,   2.0
237,  56, 28.23228861, 95.14426452,   1.9
238,  56, 28.20929175, 95.14828358,   1.9
239,  56, 28.18596367, 95.15236544,   2.0
240,  56, 28.16229954, 95.15651086,   2.0
241,  56, 28.13829440, 95.16072063,   2.0
  1,  57, 29.97444497, 95.29493592,  99.9
  2,  57, 29.97044429, 95.28857029,  99.9
  3,  57, 29.96647860, 95.28230006,  99.9
  4,  57, 29.96254710, 95.27612391,  99.9
  5,  57, 29.95864898, 95.27004052,  99.9
  6,  57, 29.95478344, 95.26404862,  99.9
  7,  57, 29.95094970, 95.25814695,  99.9
  8,  57, 29.94714697, 95.25233425,  99.9
  9,  57, 29.94337446, 95.24660932,  99.9
 10,  57, 29.93963141, 95.24097093,  99.9
 11,  57, 29.93591704, 95.23541790,  99.9
 12,  57, 29.93223060, 95.22994907,  99.9
 13,  57, 29.92857132, 95.22456327,  99.9
 14,  57, 29.92493846, 95.21925938,  99.9
 15,  57, 29.92133126, 95.21403628,  99.9
 16,  57, 29.91774900, 95.20889287,  99.9
 17,  57, 29.91419093, 95.20382807,  99.9
 18,  57, 29.91065632, 95.19884081,  99.9
 19,  57, 29.90714444, 95.19393004,  99.9
 20,  57, 29.90365457, 95.18909473,  99.9
 21,  57, 29.90018600, 95.18433386,  99.9
 22,  57, 29.89673801, 95.17964644,  99.9
 23,  57, 29.89330989, 95.17503146,  99.9
 24,  57, 29.88990093, 95.17048798,  99.9
 25,  57, 29.88651044, 95.16601502,  99.9
 26,  57, 29.88313771, 95.16161165,  99.9
 27,  57, 29.87978205, 95.15727694,  99.9
 28,  57, 29.87644276, 95.15300999,  99.9
 29,  57, 29.87311917, 95.14880989,  99.9
 30,  57, 29.86981058, 95.14467576,  99.9
 31,  57, 29.86651631, 95.14060674,  99.9
 32,  57, 29.86323569, 95.13660197,  99.9
 33,  57, 29.85996803, 95.13266060,  99.9
 34,  57, 29.85671266, 95.12878182,  99.9
 35,  57, 29.85346890, 95.12496480,  99.9
 36,  57, 29.85023610, 95.12120875,  99.9
 37,  57, 29.84701358, 95.11751287,  99.9
 38,  57, 29.84380068, 95.11387639,  99.9
 39,  57, 29.84059673, 95.11029855,  99.9
 40,  57, 29.83740107, 95.10677860,  99.9
 41,  57, 29.83421304, 95.10331579,  99.9
 42,  57, 29.83103198, 95.09990940,  99.9
 43,  57, 29.82785723, 95.09655872,  99.9
 44,  57, 29.82468814, 95.09326304,   5.9
 45,  57, 29.82152405, 95.09002166,   5.9
 46,  57, 29.81836431, 95.08683392,   5.9
 47,  57, 29.81520827, 95.08369914,   5.9
 48,  57, 29.81205526, 95.08061667,   5.9
 49,  57, 29.80890464, 95.07758585,   5.9
 50,  57, 29.80575576, 95.07460605,   5.9
 51,  57, 29.80260796, 95.07167665,   5.9
 52,  57, 29.79946059, 95.06879704,   5.9
 53,  57, 29.79631300, 95.06596660,   5.9
 54,  57, 29.79316455, 95.06318474,   5.9
 55,  57, 29.79001456, 95.06045089,   5.9
 56,  57, 29.78686241, 95.05776447,  99.9
 57,  57, 29.78370742, 95.05512491,  99.9
 58,  57, 29.78054895, 95.05253166,  99.9
 59,  57, 29.77738634, 95.04998418,   5.9
 60,  57, 29.77421894, 95.04748194,   5.9
 61,  57, 29.77104609, 95.04502440,   5.9
 62,  57, 29.76786713, 95.04261106,   5.8
 63,  57, 29.76468141, 95.04024140,   5.8
 64,  57, 29.76148826, 95.03791494,  99.9
 65,  57, 29.75828702, 95.03563118,  99.9
 66,  57, 29.75507702, 95.03338965,  99.9
 67,  57, 29.75185761, 95.03118987,  99.9
 68,  57, 29.74862810, 95.02903139,  99.9
 69,  57, 29.74538784, 95.02691374,  99.9
 70,  57, 29.74213615, 95.02483650,  99.9
 71,  57, 29.73887236, 95.02279922,  99.9
 72,  57, 29.73559578, 95.02080147,  99.9
 73,  57, 29.73230575, 95.01884284,   5.8
 74,  57, 29.72900156, 95.01692291,   5.8
 75,  57, 29.72568255, 95.01504129,   5.9
 76,  57, 29.72234801, 95.01319758,   6.0
 77,  57, 29.71899727, 95.01139139,   6.6
 78,  57, 29.71562961, 95.00962234,   6.5
 79,  57, 29.71224435, 95.00789007,   6.5
 80,  57, 29.70884078, 95.00619421,   6.5
 81,  57, 29.70541818, 95.00453440,   6.5
 82,  57, 29.70197586, 95.00291029,   6.5
 83,  57, 29.69851310, 95.00132155,   6.5
 84,  57, 29.69502917, 94.99976784,  99.9
 85,  57, 29.69152336, 94.99824884,  99.9
 86,  57, 29.68799493, 94.99676423,  99.9
 87,  57, 29.68444315, 94.99531369,   6.7
 88,  57, 29.68086729, 94.99389692,   6.7
 89,  57, 29.67726659, 94.99251363,  99.9
 90,  57, 29.67364032, 94.99116352,  99.9
 91,  57, 29.66998772, 94.98984631,   6.8
 92,  57, 29.66630802, 94.98856173,   6.8
 93,  57, 29.66260047, 94.98730949,   6.8
 94,  57, 29.65886429, 94.98608935,   6.8
 95,  57, 29.65509871, 94.98490104,   6.8
 96,  57, 29.65130295, 94.98374432,   6.8
 97,  57, 29.64747621, 94.98261894,   6.8
 98,  57, 29.64361769, 94.98152466,   6.8
 99,  57, 29.63972661, 94.98046126,   6.8
100,  57, 29.63580214, 94.97942851,   6.8
101,  57, 29.63184348, 94.97842619,   6.8
102,  57, 29.62784979, 94.97745409,   6.8
103,  57, 29.62382025, 94.97651201,   6.8
104,  57, 29.61975402, 94.97559975,   6.8
105,  57, 29.61565026, 94.97471711,   6.8
106,  57, 29.61150811, 94.97386392,   6.8
107,  57, 29.60732671, 94.97303998,   6.8
108,  57, 29.60310518, 94.97224513,   6.8
109,  57, 29.59884266, 94.97147920,   6.8
110,  57, 29.59453826, 94.97074202,   6.8
111,  57, 29.59019107, 94.97003344,   6.8
112,  57, 29.58580020, 94.96935331,   6.8
113,  57, 29.58136473, 94.96870149,   6.8
114,  57, 29.57688375, 94.96807783,   6.8
115,  57, 29.57235630, 94.96748221,   6.8
116,  57, 29.56778147, 94.96691449,   6.8
117,  57, 29.56315829, 94.96637456,   6.8
118,  57, 29.55848580, 94.96586230,   6.8
119,  57, 29.55376302, 94.96537760,   6.8
120,  57, 29.54898899, 94.96492036,   6.8
121,  57, 29.54416270, 94.96449047,   6.8
122,  57, 29.53928315, 94.96408785,   6.8
123,  57, 29.53434932, 94.96371241,   6.8
124,  57, 29.52936019, 94.96336407,   6.8
125,  57, 29.52431472, 94.96304275,   6.8
126,  57, 29.51921186, 94.96274838,   6.8
127,  57, 29.51405055, 94.96248089,   6.8
128,  57, 29.50882971, 94.96224024,   6.8
129,  57, 29.50354826, 94.96202635,  99.9
130,  57, 29.49820509, 94.96183919,  99.9
131,  57, 29.49279911, 94.96167872,  99.9
132,  57, 29.48732917, 94.96154489,   7.1
133,  57, 29.48179414, 94.96143767,   7.2
134,  57, 29.47619288, 94.96135704,   7.2
135,  57, 29.47052421, 94.96130297,   7.1
136,  57, 29.46478696, 94.96127545,   7.2
137,  57, 29.45897992, 94.96127448,   7.2
138,  57, 29.45310190, 94.96130003,  99.9
139,  57, 29.44715167, 94.96135213,  99.9
140,  57, 29.44112799, 94.96143077,  99.9
141,  57, 29.43502961, 94.96153596,  99.9
142,  57, 29.42885525, 94.96166772,  99.9
143,  57, 29.42260364, 94.96182607,  99.9
144,  57, 29.41627347, 94.96201104,  99.9
145,  57, 29.40986342, 94.96222267,  99.9
146,  57, 29.40337216, 94.96246099,  99.9
147,  57, 29.39679834, 94.96272605,  99.9
148,  57, 29.39014058, 94.96301789,  99.9
149,  57, 29.38339752, 94.96333657,  99.9
150,  57, 29.37656773, 94.96368215,  99.9
151,  57, 29.36964980, 94.96405470,  99.9
152,  57, 29.36264229, 94.96445429,  99.9
153,  57, 29.35554374, 94.96488099,  99.9
154,  57, 29.34835267, 94.96533488,   8.3
155,  57, 29.34106758, 94.96581606,   8.3
156,  57, 29.33368697, 94.96632462,   8.3
157,  57, 29.32620928, 94.96686065,   8.3
158,  57, 29.31863298, 94.96742426,   8.3
159,  57, 29.31095647, 94.96801556,   8.3
160,  57, 29.30317815, 94.96863466,   8.3
161,  57, 29.29529643, 94.96928168,   8.3
162,  57, 29.28730964, 94.96995676,   8.3
163,  57, 29.27921612, 94.97066002,   8.3
164,  57, 29.27101420, 94.97139160,   8.3
165,  57, 29.26270217, 94.97215164,   8.3
166,  57, 29.25427829, 94.97294030,   8.3
167,  57, 29.24574081, 94.97375772,   8.3
168,  57, 29.23708795, 94.97460407,   8.4
169,  57, 29.22831791, 94.97547951,   8.4
170,  57, 29.21942887, 94.97638422,   8.4
171,  57, 29.21041897, 94.97731837,   8.4
172,  57, 29.20128635, 94.97828214,   8.4
173,  57, 29.19202909, 94.97927573,   8.5
174,  57, 29.18264527, 94.98029933,   8.6
175,  57, 29.17313293, 94.98135314,   8.7
176,  57, 29.16349011, 94.98243736,   8.7
177,  57, 29.15371478, 94.98355222,   8.6
178,  57, 29.14380491, 94.98469793,   8.6
179,  57, 29.13375845, 94.98587472,   8.5
180,  57, 29.12357329, 94.98708281,   8.4
181,  57, 29.11324732, 94.98832244,   8.3
182,  57, 29.10277838, 94.98959386,   8.3
183,  57, 29.09216431, 94.99089732,   8.2
184,  57, 29.08140288, 94.99223307,   8.1
185,  57, 29.07049185, 94.99360137,   8.0
186,  57, 29.05942897, 94.99500250,   7.9
187,  57, 29.04821191, 94.99643673,   7.8
188,  57, 29.03683835, 94.99790433,   7.7
189,  57, 29.02530592, 94.99940561,   7.7
190,  57, 29.01361221, 95.00094084,   7.6
191,  57, 29.00175480, 95.00251034,   7.5
192,  57, 28.98973120, 95.00411441,   7.4
193,  57, 28.97753893, 95.00575336,   7.3
194,  57, 28.96517544, 95.00742751,   7.2
195,  57, 28.95263815, 95.00913720,   7.1
196,  57, 28.93992446, 95.01088276,   7.0
197,  57, 28.92703171, 95.01266452,   6.9
198,  57, 28.91395723, 95.01448284,   6.8
199,  57, 28.90069829, 95.01633808,   6.7
200,  57, 28.88725213, 95.01823058,   6.6
201,  57, 28.87361596, 95.02016073,   6.5
202,  57, 28.85978692, 95.02212890,   6.4
203,  57, 28.84576214, 95.02413547,   6.3
204,  57, 28.83153871, 95.02618083,   6.1
205,  57, 28.81711365, 95.02826539,   6.0
206,  57, 28.80248397, 95.03038954,   5.9
207,  57, 28.78764662, 95.03255370,   5.8
208,  57, 28.77259851, 95.03475830,   5.7
209,  57, 28.75733650, 95.03700375,   5.6
210,  57, 28.74185742, 95.03929049,   5.4
211,  57, 28.72615805, 95.04161898,   5.3
212,  57, 28.71023512, 95.04398965,   5.2
213,  57, 28.69408530, 95.04640297,   5.1
214,  57, 28.67770525, 95.04885941,   5.0
215,  57, 28.66109154, 95.05135944,   4.8
216,  57, 28.64424072, 95.05390354,   4.7
217,  57, 28.62714928, 95.05649220,   4.6
218,  57, 28.60981366, 95.05912593,   4.4
219,  57, 28.59223025, 95.06180522,   4.3
220,  57, 28.57439538, 95.06453061,   4.2
221,  57, 28.55630536, 95.06730260,   4.0
222,  57, 28.53795641, 95.07012174,   3.9
223,  57, 28.51934470, 95.07298856,   3.7
224,  57, 28.50046637, 95.07590362,   3.6
225,  57, 28.48131748, 95.07886748,   3.4
226,  57, 28.46189405, 95.08188069,   3.3
227,  57, 28.44219203, 95.08494385,   3.2
228,  57, 28.42220732, 95.08805753,   3.0
229,  57, 28.40193576, 95.09122232,   2.9
230,  57, 28.38137312, 95.09443884,   2.7
231,  57, 28.36051514, 95.09770770,   2.5
232,  57, 28.33935746, 95.10102951,   2.4
233,  57, 28.31789568, 95.10440491,   2.2
234,  57, 28.29612533, 95.10783454,   2.1
235,  57, 28.27404188, 95.11131906,   2.0
236,  57, 28.25164074, 95.11485911,   1.9
237,  57, 28.22891723, 95.11845538,   1.9
238,  57, 28.20586664, 95.12210854,   1.9
239,  57, 28.18248415, 95.12581929,   2.0
240,  57, 28.15876491, 95.12958831,   2.0
241,  57, 28.13470397, 95.13341633,   2.0
  1,  58, 29.98001107, 95.29027248,  99.9
  2,  58, 29.97592738, 95.28394838,  99.9
  3,  58, 29.97187984, 95.27771872,  99.9
  4,  58, 29.96786762, 95.27158219,  99.9
  5,  58, 29.96388990, 95.26553750,  99.9
  6,  58, 29.95994585, 95.25958336,  99.9
  7,  58, 29.95603468, 95.25371854,  99.9
  8,  58, 29.95215558, 95.24794178,  99.9
  9,  58, 29.94830776, 95.24225187,  99.9
 10,  58, 29.94449042, 95.23664761,  99.9
 11,  58, 29.94070278, 95.23112782,  99.9
 12,  58, 29.93694407, 95.22569134,  99.9
 13,  58, 29.93321351, 95.22033702,  99.9
 14,  58, 29.92951034, 95.21506374,  99.9
 15,  58, 29.92583379, 95.20987038,  99.9
 16,  58, 29.92218311, 95.20475585,  99.9
 17,  58, 29.91855755, 95.19971908,  99.9
 18,  58, 29.91495637, 95.19475899,  99.9
 19,  58, 29.91137882, 95.18987456,  99.9
 20,  58, 29.90782416, 95.18506475,  99.9
 21,  58, 29.90429168, 95.18032855,  99.9
 22,  58, 29.90078063, 95.17566497,  99.9
 23,  58, 29.89729029, 95.17107301,  99.9
 24,  58, 29.89381995, 95.16655172,  99.9
 25,  58, 29.89036889, 95.16210015,  99.9
 26,  58, 29.88693641, 95.15771736,  99.9
 27,  58, 29.88352178, 95.15340243,  99.9
 28,  58, 29.88012432, 95.14915445,  99.9
 29,  58, 29.87674331, 95.14497252,  99.9
 30,  58, 29.87337807, 95.14085578,  99.9
 31,  58, 29.87002789, 95.13680335,  99.9
 32,  58, 29.86669209, 95.13281439,  99.9
 33,  58, 29.86336997, 95.12888805,  99.9
 34,  58, 29.86006086, 95.12502351,  99.9
 35,  58, 29.85676406, 95.12121996,  99.9
 36,  58, 29.85347890, 95.11747660,  99.9
 37,  58, 29.85020470, 95.11379264,  99.9
 38,  58, 29.84694078, 95.11016731,  99.9
 39,  58, 29.84368647, 95.10659985,   5.9
 40,  58, 29.84044110, 95.10308951,   5.9
 41,  58, 29.83720399, 95.09963556,   5.9
 42,  58, 29.83397448, 95.09623726,   5.9
 43,  58, 29.83075189, 95.09289391,   5.9
 44,  58, 29.82753557, 95.08960480,  99.9
 45,  58, 29.82432484, 95.08636925,   5.9
 46,  58, 29.82111904, 95.08318657,   5.9
 47,  58, 29.81791751, 95.08005609,   5.9
 48,  58, 29.81471959, 95.07697717,  99.9
 49,  58, 29.81152461, 95.07394915,   5.9
 50,  58, 29.80833191, 95.07097139,   5.9
 51,  58, 29.80514083, 95.06804328,   5.9
 52,  58, 29.80195072, 95.06516421,   5.9
 53,  58, 29.79876090, 95.06233355,   5.9
 54,  58, 29.79557073, 95.05955073,   5.9
 55,  58, 29.79237953, 95.05681516,  99.9
 56,  58, 29.78918665, 95.05412626,  99.9
 57,  58, 29.78599142, 95.05148348,  99.9
 58,  58, 29.78279319, 95.04888625,  99.9
 59,  58, 29.77959129, 95.04633404,  99.9
 60,  58, 29.77638506, 95.04382630,  99.9
 61,  58, 29.77317382, 95.04136252,  99.9
 62,  58, 29.76995693, 95.03894217,  99.9
 63,  58, 29.76673370, 95.03656474,  99.9
 64,  58, 29.76350347, 95.03422975,  99.9
 65,  58, 29.76026558, 95.03193670,  99.9
 66,  58, 29.75701934, 95.02968511,  99.9
 67,  58, 29.75376409, 95.02747451,  99.9
 68,  58, 29.75049914, 95.02530443,  99.9
 69,  58, 29.74722384, 95.02317441,  99.9
 70,  58, 29.74393748, 95.02108403,  99.9
 71,  58, 29.74063939, 95.01903283,  99.9
 72,  58, 29.73732890, 95.01702038,  99.9
 73,  58, 29.73400530, 95.01504626,  99.9
 74,  58, 29.73066790, 95.01311007,  99.9
 75,  58, 29.72731603, 95.01121139,  99.9
 76,  58, 29.72394898, 95.00934982,  99.9
 77,  58, 29.72056604, 95.00752498,   6.5
 78,  58, 29.71716653, 95.00573648,   6.5
 79,  58, 29.71374973, 95.00398395,   6.5
 80,  58, 29.71031493, 95.00226702,   6.5
 81,  58, 29.70686142, 95.00058533,   6.5
 82,  58, 29.70338848, 94.99893853,   6.5
 83,  58, 29.69989540, 94.99732627,   6.5
 84,  58, 29.69638143, 94.99574821,   6.5
 85,  58, 29.69284587, 94.99420403,   6.5
 86,  58, 29.68928796, 94.99269340,  99.9
 87,  58, 29.68570698, 94.99121600,  99.9
 88,  58, 29.68210217, 94.98977152,   6.7
 89,  58, 29.67847279, 94.98835966,  99.9
 90,  58, 29.67481808, 94.98698013,  99.9
 91,  58, 29.67113728, 94.98563263,   6.7
 92,  58, 29.66742964, 94.98431688,   6.7
 93,  58, 29.66369437, 94.98303261,   6.7
 94,  58, 29.65993071, 94.98177954,   6.8
 95,  58, 29.65613786, 94.98055741,   6.8
 96,  58, 29.65231504, 94.97936597,   6.8
 97,  58, 29.64846146, 94.97820496,   6.8
 98,  58, 29.64457632, 94.97707415,   6.8
 99,  58, 29.64065880, 94.97597329,   6.8
100,  58, 29.63670810, 94.97490215,   6.8
101,  58, 29.63272338, 94.97386050,   6.8
102,  58, 29.62870383, 94.97284813,   6.8
103,  58, 29.62464860, 94.97186483,   6.8
104,  58, 29.62055686, 94.97091039,   6.8
105,  58, 29.61642775, 94.96998460,   6.8
106,  58, 29.61226041, 94.96908727,   6.8
107,  58, 29.60805398, 94.96821821,   6.7
108,  58, 29.60380758, 94.96737725,   6.7
109,  58, 29.59952033, 94.96656419,   6.7
110,  58, 29.59519133, 94.96577887,   6.7
111,  58, 29.59081969, 94.96502113,   6.7
112,  58, 29.58640450, 94.96429080,   6.7
113,  58, 29.58194484, 94.96358772,   6.7
114,  58, 29.57743978, 94.96291176,   6.7
115,  58, 29.57288838, 94.96226276,   6.8
116,  58, 29.56828969, 94.96164059,   6.8
117,  58, 29.56364277, 94.96104512,   6.8
118,  58, 29.55894664, 94.96047622,   6.8
119,  58, 29.55420033, 94.95993376,   6.8
120,  58, 29.54940284, 94.95941764,   6.8
121,  58, 29.54455319, 94.95892774,   6.8
122,  58, 29.53965036, 94.95846395,   6.8
123,  58, 29.53469332, 94.95802619,   6.8
124,  58, 29.52968106, 94.95761435,   6.8
125,  58, 29.52461253, 94.95722834,   6.8
126,  58, 29.51948666, 94.95686808,   6.8
127,  58, 29.51430241, 94.95653350,   6.8
128,  58, 29.50905868, 94.95622451,   6.8
129,  58, 29.50375438, 94.95594106,  99.9
130,  58, 29.49838842, 94.95568308,  99.9
131,  58, 29.49295967, 94.95545051,  99.9
132,  58, 29.48746701, 94.95524330,   7.0
133,  58, 29.48190929, 94.95506141,   7.1
134,  58, 29.47628535, 94.95490479,   7.1
135,  58, 29.47059403, 94.95477340,   7.1
136,  58, 29.46483414, 94.95466722,   7.1
137,  58, 29.45900449, 94.95458621,  99.9
138,  58, 29.45310385, 94.95453036,  99.9
139,  58, 29.44713100, 94.95449966,  99.9
140,  58, 29.44108470, 94.95449408,  99.9
141,  58, 29.43496369, 94.95451363,  99.9
142,  58, 29.42876670, 94.95455831,  99.9
143,  58, 29.42249243, 94.95462811,   0.9
144,  58, 29.41613958, 94.95472305,  99.9
145,  58, 29.40970683, 94.95484315,  99.9
146,  58, 29.40319283, 94.95498842,  99.9
147,  58, 29.39659624, 94.95515889,  99.9
148,  58, 29.38991568, 94.95535459,  99.9
149,  58, 29.38314975, 94.95557555,  99.9
150,  58, 29.37629706, 94.95582182,  99.9
151,  58, 29.36935617, 94.95609344,  99.9
152,  58, 29.36232564, 94.95639046,  99.9
153,  58, 29.35520401, 94.95671294,  99.9
154,  58, 29.34798979, 94.95706093,  99.9
155,  58, 29.34068148, 94.95743451,   8.2
156,  58, 29.33327756, 94.95783375,   8.2
157,  58, 29.32577649, 94.95825871,   8.2
158,  58, 29.31817671, 94.95870949,   8.2
159,  58, 29.31047664, 94.95918617,   8.3
160,  58, 29.30267466, 94.95968884,   8.3
161,  58, 29.29476917, 94.96021760,   8.3
162,  58, 29.28675851, 94.96077256,   8.3
163,  58, 29.27864101, 94.96135381,   8.3
164,  58, 29.27041499, 94.96196147,   8.3
165,  58, 29.26207874, 94.96259567,   8.3
166,  58, 29.25363051, 94.96325652,   8.3
167,  58, 29.24506855, 94.96394415,   8.3
168,  58, 29.23639107, 94.96465870,   8.3
169,  58, 29.22759628, 94.96540030,   8.3
170,  58, 29.21868233, 94.96616911,   8.3
171,  58, 29.20964738, 94.96696527,   8.3
172,  58, 29.20048954, 94.96778893,   8.4
173,  58, 29.19120691, 94.96864027,   8.5
174,  58, 29.18179755, 94.96951944,   8.6
175,  58, 29.17225950, 94.97042661,   8.7
176,  58, 29.16259078, 94.97136197,   8.6
177,  58, 29.15278938, 94.97232570,   8.5
178,  58, 29.14285326, 94.97331799,   8.5
179,  58, 29.13278034, 94.97433903,   8.4
180,  58, 29.12256853, 94.97538901,   8.3
181,  58, 29.11221570, 94.97646816,   8.3
182,  58, 29.10171970, 94.97757667,   8.2
183,  58, 29.09107834, 94.97871477,   8.1
184,  58, 29.08028941, 94.97988268,   8.0
185,  58, 29.06935067, 94.98108062,   7.9
186,  58, 29.05825982, 94.98230884,   7.8
187,  58, 29.04701457, 94.98356757,   7.7
188,  58, 29.03561257, 94.98485705,   7.7
189,  58, 29.02405146, 94.98617755,   7.6
190,  58, 29.01232881, 94.98752932,   7.5
191,  58, 29.00044220, 94.98891262,   7.4
192,  58, 28.98838914, 94.99032772,   7.3
193,  58, 28.97616713, 94.99177490,   7.2
194,  58, 28.96377362, 94.99325445,   7.1
195,  58, 28.95120604, 94.99476665,   7.0
196,  58, 28.93846176, 94.99631180,   6.9
197,  58, 28.92553813, 94.99789020,   6.8
198,  58, 28.91243246, 94.99950216,   6.7
199,  58, 28.89914203, 95.00114799,   6.6
200,  58, 28.88566406, 95.00282801,   6.5
201,  58, 28.87199576, 95.00454255,   6.4
202,  58, 28.85813426, 95.00629194,   6.3
203,  58, 28.84407670, 95.00807653,   6.2
204,  58, 28.82982013, 95.00989666,   6.0
205,  58, 28.81536160, 95.01175268,   5.9
206,  58, 28.80069809, 95.01364496,   5.8
207,  58, 28.78582655, 95.01557386,   5.7
208,  58, 28.77074388, 95.01753976,   5.6
209,  58, 28.75544694, 95.01954304,   5.5
210,  58, 28.73993256, 95.02158409,   5.4
211,  58, 28.72419749, 95.02366330,   5.2
212,  58, 28.70823846, 95.02578107,   5.1
213,  58, 28.69205215, 95.02793782,   5.0
214,  58, 28.67563519, 95.03013396,   4.9
215,  58, 28.65898416, 95.03236991,   4.7
216,  58, 28.64209560, 95.03464612,   4.6
217,  58, 28.62496599, 95.03696300,   4.5
218,  58, 28.60759175, 95.03932102,   4.4
219,  58, 28.58996929, 95.04172063,   4.2
220,  58, 28.57209491, 95.04416228,   4.1
221,  58, 28.55396492, 95.04664645,   3.9
222,  58, 28.53557552, 95.04917361,   3.8
223,  58, 28.51692290, 95.05174426,   3.7
224,  58, 28.49800316, 95.05435887,   3.5
225,  58, 28.47881238, 95.05701796,   3.4
226,  58, 28.45934655, 95.05972203,   3.2
227,  58, 28.43960162, 95.06247160,   3.1
228,  58, 28.41957349, 95.06526719,   3.0
229,  58, 28.39925798, 95.06810933,   2.8
230,  58, 28.37865086, 95.07099858,   2.7
231,  58, 28.35774785, 95.07393547,   2.5
232,  58, 28.33654459, 95.07692058,   2.3
233,  58, 28.31503667, 95.07995445,   2.2
234,  58, 28.29321961, 95.08303768,   2.1
235,  58, 28.27108888, 95.08617084,   2.0
236,  58, 28.24863986, 95.08935454,   1.9
237,  58, 28.22586788, 95.09258936,   1.9
238,  58, 28.20276821, 95.09587592,   1.9
239,  58, 28.17933603, 95.09921485,   2.0
240,  58, 28.15556646, 95.10260677,   2.0
241,  58, 28.13145457, 95.10605232,   2.0
  1,  59, 29.98553970, 95.28551327,  99.9
  2,  59, 29.98137386, 95.27923202,  99.9
  3,  59, 29.97724531, 95.27304425,  99.9
  4,  59, 29.97315320, 95.26694864,  99.9
  5,  59, 29.96909670, 95.26094392,  99.9
  6,  59, 29.96507496, 95.25502881,  99.9
  7,  59, 29.96108718, 95.24920206,  99.9
  8,  59, 29.95713252, 95.24346245,  99.9
  9,  59, 29.95321017, 95.23780877,  99.9
 10,  59, 29.94931934, 95.23223982,  99.9
 11,  59, 29.94545922, 95.22675444,  99.9
 12,  59, 29.94162902, 95.22135146,  99.9
 13,  59, 29.93782796, 95.21602974,  99.9
 14,  59, 29.93405524, 95.21078817,  99.9
 15,  59, 29.93031010, 95.20562565,  99.9
 16,  59, 29.92659177, 95.20054108,  99.9
 17,  59, 29.92289948, 95.19553339,  99.9
 18,  59, 29.91923247, 95.19060153,  99.9
 19,  59, 29.91558999, 95.18574446,  99.9
 20,  59, 29.91197129, 95.18096117,  99.9
 21,  59, 29.90837562, 95.17625063,  99.9
 22,  59, 29.90480224, 95.17161186,  99.9
 23,  59, 29.90125041, 95.16704389,  99.9
 24,  59, 29.89771941, 95.16254576,  99.9
 25,  59, 29.89420851, 95.15811651,  99.9
 26,  59, 29.89071698, 95.15375522,  99.9
 27,  59, 29.88724410, 95.14946097,  99.9
 28,  59, 29.88378916, 95.14523285,  99.9
 29,  59, 29.88035145, 95.14106998,  99.9
 30,  59, 29.87693025, 95.13697149,  99.9
 31,  59, 29.87352485, 95.13293651,  99.9
 32,  59, 29.87013457, 95.12896419,  99.9
 33,  59, 29.86675869, 95.12505369,  99.9
 34,  59, 29.86339652, 95.12120421,  99.9
 35,  59, 29.86004736, 95.11741492,  99.9
 36,  59, 29.85671053, 95.11368504,  99.9
 37,  59, 29.85338533, 95.11001378,  99.9
 38,  59, 29.85007107, 95.10640036,  99.9
 39,  59, 29.84676708, 95.10284403,   5.9
 40,  59, 29.84347267, 95.09934405,   5.8
 41,  59, 29.84018716, 95.09589967,  99.9
 42,  59, 29.83690986, 95.09251018,  99.9
 43,  59, 29.83364010, 95.08917486,   6.0
 44,  59, 29.83037721, 95.08589302,   5.9
 45,  59, 29.82712051, 95.08266396,  99.9
 46,  59, 29.82386932, 95.07948700,   5.9
 47,  59, 29.82062297, 95.07636149,  99.9
 48,  59, 29.81738080, 95.07328676,  99.9
 49,  59, 29.81414212, 95.07026217,   5.9
 50,  59, 29.81090627, 95.06728709,   5.9
 51,  59, 29.80767258, 95.06436088,   5.9
 52,  59, 29.80444038, 95.06148295,   5.8
 53,  59, 29.80120900, 95.05865268,   5.8
 54,  59, 29.79797777, 95.05586947,  99.9
 55,  59, 29.79474602, 95.05313276,  99.9
 56,  59, 29.79151308, 95.05044195,  99.9
 57,  59, 29.78827828, 95.04779649,  99.9
 58,  59, 29.78504095, 95.04519583,  99.9
 59,  59, 29.78180042, 95.04263942,  99.9
 60,  59, 29.77855602, 95.04012671,  99.9
 61,  59, 29.77530707, 95.03765720,  99.9
 62,  59, 29.77205290, 95.03523035,  99.9
 63,  59, 29.76879284, 95.03284566,  99.9
 64,  59, 29.76552621, 95.03050262,  99.9
 65,  59, 29.76225233, 95.02820076,  99.9
 66,  59, 29.75897053, 95.02593958,  99.9
 67,  59, 29.75568011, 95.02371862,  99.9
 68,  59, 29.75238041, 95.02153740,  99.9
 69,  59, 29.74907073, 95.01939546,  99.9
 70,  59, 29.74575039, 95.01729237,  99.9
 71,  59, 29.74241870, 95.01522768,  99.9
 72,  59, 29.73907496, 95.01320095,  99.9
 73,  59, 29.73571849, 95.01121177,  99.9
 74,  59, 29.73234859, 95.00925971,  99.9
 75,  59, 29.72896455, 95.00734437,  99.9
 76,  59, 29.72556568, 95.00546534,  99.9
 77,  59, 29.72215126, 95.00362223,  99.9
 78,  59, 29.71872059, 95.00181465,  99.9
 79,  59, 29.71527296, 95.00004223,   6.5
 80,  59, 29.71180765, 94.99830459,   6.5
 81,  59, 29.70832394, 94.99660138,   6.5
 82,  59, 29.70482111, 94.99493222,   6.5
 83,  59, 29.70129842, 94.99329678,   6.5
 84,  59, 29.69775516, 94.99169471,   6.5
 85,  59, 29.69419057, 94.99012567,   6.6
 86,  59, 29.69060393, 94.98858934,   6.6
 87,  59, 29.68699448, 94.98708539,   6.6
 88,  59, 29.68336147, 94.98561350,   6.6
 89,  59, 29.67970416, 94.98417338,   6.7
 90,  59, 29.67602177, 94.98276471,   6.7
 91,  59, 29.67231355, 94.98138720,   6.7
 92,  59, 29.66857873, 94.98004056,   6.7
 93,  59, 29.66481652, 94.97872452,   6.7
 94,  59, 29.66102614, 94.97743879,   6.7
 95,  59, 29.65720682, 94.97618310,   6.7
 96,  59, 29.65335775, 94.97495719,   6.7
 97,  59, 29.64947813, 94.97376080,   6.7
 98,  59, 29.64556716, 94.97259368,   6.7
 99,  59, 29.64162402, 94.97145559,   6.7
100,  59, 29.63764789, 94.97034629,   6.7
101,  59, 29.63363795, 94.96926554,   6.7
102,  59, 29.62959337, 94.96821312,   6.7
103,  59, 29.62551329, 94.96718880,   6.7
104,  59, 29.62139688, 94.96619237,   6.7
105,  59, 29.61724328, 94.96522362,   6.7
106,  59, 29.61305162, 94.96428235,   6.7
107,  59, 29.60882103, 94.96336836,   6.7
108,  59, 29.60455063, 94.96248145,   6.7
109,  59, 29.60023954, 94.96162144,   6.7
110,  59, 29.59588685, 94.96078815,   6.7
111,  59, 29.59149167, 94.95998140,   6.7
112,  59, 29.58705307, 94.95920102,   6.7
113,  59, 29.58257013, 94.95844685,   6.7
114,  59, 29.57804193, 94.95771872,   6.7
115,  59, 29.57346752, 94.95701649,   6.7
116,  59, 29.56884594, 94.95634000,   6.7
117,  59, 29.56417624, 94.95568911,   6.7
118,  59, 29.55945744, 94.95506369,   6.7
119,  59, 29.55468857, 94.95446359,   6.7
120,  59, 29.54986863, 94.95388870,   6.7
121,  59, 29.54499662, 94.95333889,   6.7
122,  59, 29.54007152, 94.95281404,   6.7
123,  59, 29.53509231, 94.95231404,   6.7
124,  59, 29.53005795, 94.95183879,   6.7
125,  59, 29.52496740, 94.95138818,   6.7
126,  59, 29.51981959, 94.95096211,   6.7
127,  59, 29.51461346, 94.95056050,   6.7
128,  59, 29.50934793, 94.95018326,   6.7
129,  59, 29.50402189, 94.94983030,   6.8
130,  59, 29.49863424, 94.94950156,  99.9
131,  59, 29.49318385, 94.94919695,  99.9
132,  59, 29.48766960, 94.94891641,   7.1
133,  59, 29.48209033, 94.94865988,   7.0
134,  59, 29.47644489, 94.94842730,   7.0
135,  59, 29.47073210, 94.94821862,   7.0
136,  59, 29.46495076, 94.94803380,   7.0
137,  59, 29.45909969, 94.94787279,  99.9
138,  59, 29.45317765, 94.94773555,  99.9
139,  59, 29.44718343, 94.94762206,  99.9
140,  59, 29.44111576, 94.94753228,  99.9
141,  59, 29.43497338, 94.94746619,  99.9
142,  59, 29.42875503, 94.94742377,   0.4
143,  59, 29.42245940, 94.94740501,   0.4
144,  59, 29.41608519, 94.94740991,  99.9
145,  59, 29.40963106, 94.94743846,  99.9
146,  59, 29.40309568, 94.94749066,  99.9
147,  59, 29.39647768, 94.94756651,  99.9
148,  59, 29.38977568, 94.94766603,  99.9
149,  59, 29.38298830, 94.94778923,  99.9
150,  59, 29.37611411, 94.94793614,  99.9
151,  59, 29.36915170, 94.94810678,  99.9
152,  59, 29.36209960, 94.94830118,  99.9
153,  59, 29.35495635, 94.94851937,  99.9
154,  59, 29.34772047, 94.94876140,  99.9
155,  59, 29.34039045, 94.94902731,   8.1
156,  59, 29.33296475, 94.94931715,   8.1
157,  59, 29.32544184, 94.94963097,   8.2
158,  59, 29.31782016, 94.94996883,   8.2
159,  59, 29.31009810, 94.95033080,   8.2
160,  59, 29.30227408, 94.95071694,   8.2
161,  59, 29.29434645, 94.95112733,   8.2
162,  59, 29.28631357, 94.95156205,   8.2
163,  59, 29.27817376, 94.95202119,   8.2
164,  59, 29.26992533, 94.95250482,   8.2
165,  59, 29.26156657, 94.95301304,   8.2
166,  59, 29.25309573, 94.95354595,   8.2
167,  59, 29.24451106, 94.95410366,   8.2
168,  59, 29.23581075, 94.95468627,   8.2
169,  59, 29.22699301, 94.95529390,   8.2
170,  59, 29.21805600, 94.95592665,   8.3
171,  59, 29.20899785, 94.95658467,   8.3
172,  59, 29.19981668, 94.95726806,   8.5
173,  59, 29.19051058, 94.95797697,   8.6
174,  59, 29.18107762, 94.95871154,   8.6
175,  59, 29.17151582, 94.95947191,   8.6
176,  59, 29.16182320, 94.96025822,   8.5
177,  59, 29.15199774, 94.96107063,   8.5
178,  59, 29.14203740, 94.96190930,   8.4
179,  59, 29.13194009, 94.96277439,   8.3
180,  59, 29.12170373, 94.96366607,   8.2
181,  59, 29.11132617, 94.96458451,   8.2
182,  59, 29.10080526, 94.96552990,   8.1
183,  59, 29.09013881, 94.96650242,   8.0
184,  59, 29.07932460, 94.96750225,   7.9
185,  59, 29.06836037, 94.96852960,   7.8
186,  59, 29.05724384, 94.96958466,   7.7
187,  59, 29.04597271, 94.97066765,   7.6
188,  59, 29.03454461, 94.97177876,   7.6
189,  59, 29.02295718, 94.97291822,   7.5
190,  59, 29.01120800, 94.97408626,   7.4
191,  59, 28.99929462, 94.97528309,   7.3
192,  59, 28.98721457, 94.97650895,   7.2
193,  59, 28.97496532, 94.97776409,   7.1
194,  59, 28.96254434, 94.97904874,   7.0
195,  59, 28.94994903, 94.98036316,   6.9
196,  59, 28.93717677, 94.98170760,   6.8
197,  59, 28.92422491, 94.98308232,   6.7
198,  59, 28.91109074, 94.98448760,   6.6
199,  59, 28.89777153, 94.98592370,   6.5
200,  59, 28.88426451, 94.98739091,   6.4
201,  59, 28.87056687, 94.98888951,   6.3
202,  59, 28.85667576, 94.99041979,   6.2
203,  59, 28.84258827, 94.99198205,   6.1
204,  59, 28.82830149, 94.99357659,   5.9
205,  59, 28.81381243, 94.99520372,   5.8
206,  59, 28.79911809, 94.99686376,   5.7
207,  59, 28.78421539, 94.99855703,   5.6
208,  59, 28.76910125, 95.00028386,   5.5
209,  59, 28.75377250, 95.00204458,   5.4
210,  59, 28.73822597, 95.00383953,   5.3
211,  59, 28.72245841, 95.00566906,   5.2
212,  59, 28.70646655, 95.00753352,   5.0
213,  59, 28.69024704, 95.00943328,   4.9
214,  59, 28.67379652, 95.01136870,   4.8
215,  59, 28.65711157, 95.01334015,   4.7
216,  59, 28.64018870, 95.01534801,   4.5
217,  59, 28.62302440, 95.01739268,   4.4
218,  59, 28.60561509, 95.01947453,   4.3
219,  59, 28.58795715, 95.02159399,   4.1
220,  59, 28.57004690, 95.02375144,   4.0
221,  59, 28.55188062, 95.02594731,   3.9
222,  59, 28.53345452, 95.02818201,   3.7
223,  59, 28.51476477, 95.03045598,   3.6
224,  59, 28.49580747, 95.03276965,   3.5
225,  59, 28.47657869, 95.03512346,   3.3
226,  59, 28.45707441, 95.03751787,   3.2
227,  59, 28.43729058, 95.03995332,   3.0
228,  59, 28.41722309, 95.04243029,   2.9
229,  59, 28.39686774, 95.04494925,   2.8
230,  59, 28.37622032, 95.04751067,   2.6
231,  59, 28.35527651, 95.05011505,   2.5
232,  59, 28.33403197, 95.05276287,   2.3
233,  59, 28.31248226, 95.05545465,   2.2
234,  59, 28.29062291, 95.05819088,   2.0
235,  59, 28.26844936, 95.06097210,   2.0
236,  59, 28.24595700, 95.06379883,   1.9
237,  59, 28.22314116, 95.06667159,   1.9
238,  59, 28.19999707, 95.06959094,   1.9
239,  59, 28.17651993, 95.07255742,   2.0
240,  59, 28.15270484, 95.07557160,   2.0
241,  59, 28.12854686, 95.07863403,   2.0
  1,  60, 29.99102971, 95.28065926,  99.9
  2,  60, 29.98678258, 95.27442220,  99.9
  3,  60, 29.98257388, 95.26827762,  99.9
  4,  60, 29.97840273, 95.26222422,  99.9
  5,  60, 29.97426829, 95.25626073,  99.9
  6,  60, 29.97016970, 95.25038588,  99.9
  7,  60, 29.96610612, 95.24459845,  99.9
  8,  60, 29.96207673, 95.23889720,  99.9
  9,  60, 29.95808068, 95.23328094,  99.9
 10,  60, 29.95411716, 95.22774848,  99.9
 11,  60, 29.95018537, 95.22229865,  99.9
 12,  60, 29.94628448, 95.21693031,  99.9
 13,  60, 29.94241369, 95.21164232,  99.9
 14,  60, 29.93857222, 95.20643357,  99.9
 15,  60, 29.93475927, 95.20130297,  99.9
 16,  60, 29.93097406, 95.19624942,  99.9
 17,  60, 29.92721580, 95.19127188,  99.9
 18,  60, 29.92348373, 95.18636928,  99.9
 19,  60, 29.91977708, 95.18154060,  99.9
 20,  60, 29.91609508, 95.17678482,  99.9
 21,  60, 29.91243697, 95.17210094,  99.9
 22,  60, 29.90880200, 95.16748797,  99.9
 23,  60, 29.90518943, 95.16294495,  99.9
 24,  60, 29.90159850, 95.15847091,  99.9
 25,  60, 29.89802848, 95.15406491,  99.9
 26,  60, 29.89447864, 95.14972604,  99.9
 27,  60, 29.89094823, 95.14545337,  99.9
 28,  60, 29.88743653, 95.14124601,  99.9
 29,  60, 29.88394282, 95.13710307,  99.9
 30,  60, 29.88046637, 95.13302369,  99.9
 31,  60, 29.87700647, 95.12900700,  99.9
 32,  60, 29.87356241, 95.12505216,  99.9
 33,  60, 29.87013346, 95.12115834,  99.9
 34,  60, 29.86671894, 95.11732472,  99.9
 35,  60, 29.86331812, 95.11355049,  99.9
 36,  60, 29.85993030, 95.10983487,  99.9
 37,  60, 29.85655479, 95.10617707,  99.9
 38,  60, 29.85319089, 95.10257632,  99.9
 39,  60, 29.84983791, 95.09903187,   5.8
 40,  60, 29.84649514, 95.09554298,   5.8
 41,  60, 29.84316190, 95.09210890,  99.9
 42,  60, 29.83983751, 95.08872893,  99.9
 43,  60, 29.83652126, 95.08540234,  99.9
 44,  60, 29.83321248, 95.08212845,   5.8
 45,  60, 29.82991048, 95.07890656,   5.8
 46,  60, 29.82661457, 95.07573600,   5.9
 47,  60, 29.82332408, 95.07261611,   5.9
 48,  60, 29.82003833, 95.06954622,  99.9
 49,  60, 29.81675663, 95.06652570,  99.9
 50,  60, 29.81347830, 95.06355390,  99.9
 51,  60, 29.81020267, 95.06063022,  99.9
 52,  60, 29.80692906, 95.05775403,  99.9
 53,  60, 29.80365678, 95.05492473,  99.9
 54,  60, 29.80038516, 95.05214173,  99.9
 55,  60, 29.79711353, 95.04940444,  99.9
 56,  60, 29.79384120, 95.04671229,  99.9
 57,  60, 29.79056750, 95.04406472,  99.9
 58,  60, 29.78729175, 95.04146116,  99.9
 59,  60, 29.78401326, 95.03890108,  99.9
 60,  60, 29.78073137, 95.03638394,  99.9
 61,  60, 29.77744538, 95.03390921,  99.9
 62,  60, 29.77415462, 95.03147637,  99.9
 63,  60, 29.77085840, 95.02908491,  99.9
 64,  60, 29.76755605, 95.02673433,  99.9
 65,  60, 29.76424687, 95.02442414,  99.9
 66,  60, 29.76093017, 95.02215385,  99.9
 67,  60, 29.75760528, 95.01992298,  99.9
 68,  60, 29.75427150, 95.01773108,  99.9
 69,  60, 29.75092814, 95.01557767,  99.9
 70,  60, 29.74757451, 95.01346232,  99.9
 71,  60, 29.74420990, 95.01138457,  99.9
 72,  60, 29.74083363, 95.00934399,  99.9
 73,  60, 29.73744498, 95.00734015,  99.9
 74,  60, 29.73404326, 95.00537264,  99.9
 75,  60, 29.73062776, 95.00344103,  99.9
 76,  60, 29.72719777, 95.00154493,  99.9
 77,  60, 29.72375258, 94.99968394,  99.9
 78,  60, 29.72029147, 94.99785767,  99.9
 79,  60, 29.71681373, 94.99606573,  99.9
 80,  60, 29.71331863, 94.99430775,  99.9
 81,  60, 29.70980544, 94.99258336,   6.5
 82,  60, 29.70627344, 94.99089221,   6.5
 83,  60, 29.70272189, 94.98923393,   6.5
 84,  60, 29.69915005, 94.98760817,   6.5
 85,  60, 29.69555719, 94.98601461,   6.6
 86,  60, 29.69194255, 94.98445289,   6.6
 87,  60, 29.68830538, 94.98292271,   6.6
 88,  60, 29.68464494, 94.98142372,   6.6
 89,  60, 29.68096045, 94.97995563,   6.6
 90,  60, 29.67725115, 94.97851813,   6.7
 91,  60, 29.67351627, 94.97711090,   6.7
 92,  60, 29.66975504, 94.97573366,   6.7
 93,  60, 29.66596667, 94.97438612,   6.7
 94,  60, 29.66215038, 94.97306799,   6.7
 95,  60, 29.65830536, 94.97177900,   6.7
 96,  60, 29.65443083, 94.97051888,   6.7
 97,  60, 29.65052598, 94.96928736,   6.7
 98,  60, 29.64658999, 94.96808419,   6.7
 99,  60, 29.64262205, 94.96690911,   6.7
100,  60, 29.63862133, 94.96576188,   6.7
101,  60, 29.63458700, 94.96464225,   6.7
102,  60, 29.63051822, 94.96354999,   6.7
103,  60, 29.62641414, 94.96248488,   6.7
104,  60, 29.62227392, 94.96144668,   6.7
105,  60, 29.61809668, 94.96043517,   6.7
106,  60, 29.61388157, 94.95945016,   6.7
107,  60, 29.60962770, 94.95849142,   6.7
108,  60, 29.60533419, 94.95755876,   6.7
109,  60, 29.60100015, 94.95665198,   6.7
110,  60, 29.59662467, 94.95577089,   6.7
111,  60, 29.59220685, 94.95491530,   6.7
112,  60, 29.58774577, 94.95408504,   6.7
113,  60, 29.58324049, 94.95327992,   6.7
114,  60, 29.57869008, 94.95249979,   6.7
115,  60, 29.57409360, 94.95174447,   6.7
116,  60, 29.56945009, 94.95101380,   6.7
117,  60, 29.56475858, 94.95030764,   6.7
118,  60, 29.56001810, 94.94962583,   6.7
119,  60, 29.55522765, 94.94896822,   6.7
120,  60, 29.55038625, 94.94833468,   6.7
121,  60, 29.54549288, 94.94772508,   6.7
122,  60, 29.54054654, 94.94713927,   6.7
123,  60, 29.53554618, 94.94657715,   6.7
124,  60, 29.53049077, 94.94603859,   6.7
125,  60, 29.52537926, 94.94552347,   6.7
126,  60, 29.52021057, 94.94503169,   6.7
127,  60, 29.51498365, 94.94456314,   6.7
128,  60, 29.50969740, 94.94411772,   6.7
129,  60, 29.50435072, 94.94369534,   6.7
130,  60, 29.49894249, 94.94329589,  99.9
131,  60, 29.49347160, 94.94291931,   6.8
132,  60, 29.48793689, 94.94256550,   6.9
133,  60, 29.48233724, 94.94223440,   7.0
134,  60, 29.47667145, 94.94192592,   7.0
135,  60, 29.47093837, 94.94164000,   7.0
136,  60, 29.46513679, 94.94137658,   7.0
137,  60, 29.45926550, 94.94113560,  99.9
138,  60, 29.45332329, 94.94091700,  99.9
139,  60, 29.44730892, 94.94072074,  99.9
140,  60, 29.44122114, 94.94054678,  99.9
141,  60, 29.43505867, 94.94039507,  99.9
142,  60, 29.42882025, 94.94026557,   0.4
143,  60, 29.42250456, 94.94015827,   0.4
144,  60, 29.41611030, 94.94007312,  99.9
145,  60, 29.40963613, 94.94001012,  99.9
146,  60, 29.40308070, 94.93996923,  99.9
147,  60, 29.39644266, 94.93995046,  99.9
148,  60, 29.38972062, 94.93995379,  99.9
149,  60, 29.38291318, 94.93997921,  99.9
150,  60, 29.37601892, 94.94002674,  99.9
151,  60, 29.36903642, 94.94009636,  99.9
152,  60, 29.36196421, 94.94018810,  99.9
153,  60, 29.35480082, 94.94030197,  99.9
154,  60, 29.34754477, 94.94043799,   8.0
155,  60, 29.34019454, 94.94059618,   8.1
156,  60, 29.33274860, 94.94077656,   8.1
157,  60, 29.32520540, 94.94097918,   8.1
158,  60, 29.31756338, 94.94120406,   8.1
159,  60, 29.30982094, 94.94145125,   8.1
160,  60, 29.30197647, 94.94172079,   8.1
161,  60, 29.29402834, 94.94201274,   8.1
162,  60, 29.28597490, 94.94232714,   8.1
163,  60, 29.27781446, 94.94266406,   8.1
164,  60, 29.26954532, 94.94302357,   8.1
165,  60, 29.26116578, 94.94340572,   8.1
166,  60, 29.25267408, 94.94381060,   8.2
167,  60, 29.24406845, 94.94423827,   8.2
168,  60, 29.23534711, 94.94468883,   8.2
169,  60, 29.22650824, 94.94516236,   8.2
170,  60, 29.21754999, 94.94565894,   8.2
171,  60, 29.20847051, 94.94617868,   8.4
172,  60, 29.19926790, 94.94672167,   8.5
173,  60, 29.18994026, 94.94728803,   8.6
174,  60, 29.18048563, 94.94787785,   8.6
175,  60, 29.17090204, 94.94849126,   8.5
176,  60, 29.16118751, 94.94912836,   8.4
177,  60, 29.15134002, 94.94978930,   8.4
178,  60, 29.14135750, 94.95047419,   8.3
179,  60, 29.13123789, 94.95118316,   8.2
180,  60, 29.12097907, 94.95191636,   8.2
181,  60, 29.11057892, 94.95267392,   8.1
182,  60, 29.10003526, 94.95345600,   8.0
183,  60, 29.08934590, 94.95426275,   7.9
184,  60, 29.07850862, 94.95509432,   7.8
185,  60, 29.06752116, 94.95595087,   7.7
186,  60, 29.05638123, 94.95683257,   7.6
187,  60, 29.04508652, 94.95773960,   7.6
188,  60, 29.03363467, 94.95867212,   7.5
189,  60, 29.02202330, 94.95963033,   7.4
190,  60, 29.01024999, 94.96061440,   7.3
191,  60, 28.99831229, 94.96162453,   7.2
192,  60, 28.98620772, 94.96266092,   7.1
193,  60, 28.97393376, 94.96372376,   7.0
194,  60, 28.96148784, 94.96481326,   6.9
195,  60, 28.94886739, 94.96592964,   6.8
196,  60, 28.93606976, 94.96707311,   6.7
197,  60, 28.92309231, 94.96824389,   6.6
198,  60, 28.90993233, 94.96944222,   6.5
199,  60, 28.89658707, 94.97066832,   6.4
200,  60, 28.88305376, 94.97192243,   6.3
201,  60, 28.86932959, 94.97320479,   6.2
202,  60, 28.85541169, 94.97451566,   6.1
203,  60, 28.84129717, 94.97585528,   6.0
204,  60, 28.82698309, 94.97722393,   5.8
205,  60, 28.81246647, 94.97862185,   5.7
206,  60, 28.79774429, 94.98004933,   5.6
207,  60, 28.78281348, 94.98150664,   5.5
208,  60, 28.76767094, 94.98299406,   5.4
209,  60, 28.75231352, 94.98451187,   5.3
210,  60, 28.73673801, 94.98606038,   5.2
211,  60, 28.72094118, 94.98763988,   5.1
212,  60, 28.70491973, 94.98925068,   5.0
213,  60, 28.68867034, 94.99089308,   4.8
214,  60, 28.67218961, 94.99256740,   4.7
215,  60, 28.65547413, 94.99427397,   4.6
216,  60, 28.63852040, 94.99601311,   4.5
217,  60, 28.62132490, 94.99778516,   4.3
218,  60, 28.60388406, 94.99959045,   4.2
219,  60, 28.58619424, 95.00142934,   4.1
220,  60, 28.56825176, 95.00330218,   3.9
221,  60, 28.55005288, 95.00520933,   3.8
222,  60, 28.53159382, 95.00715114,   3.7
223,  60, 28.51287073, 95.00912800,   3.5
224,  60, 28.49387973, 95.01114028,   3.4
225,  60, 28.47461685, 95.01318837,   3.3
226,  60, 28.45507808, 95.01527265,   3.1
227,  60, 28.43525937, 95.01739353,   3.0
228,  60, 28.41515658, 95.01955141,   2.8
229,  60, 28.39476553, 95.02174669,   2.7
230,  60, 28.37408198, 95.02397981,   2.6
231,  60, 28.35310162, 95.02625117,   2.4
232,  60, 28.33182009, 95.02856121,   2.3
233,  60, 28.31023296, 95.03091038,   2.1
234,  60, 28.28833573, 95.03329911,   2.0
235,  60, 28.26612385, 95.03572786,   1.9
236,  60, 28.24359271, 95.03819708,   1.9
237,  60, 28.22073760, 95.04070725,   1.9
238,  60, 28.19755377, 95.04325883,   1.9
239,  60, 28.17403641, 95.04585231,   2.0
240,  60, 28.15018061, 95.04848817,   2.0
241,  60, 28.12598141, 95.05116691,   2.0
  1,  61, 29.99647993, 95.27571146,  99.9
  2,  61, 29.99215241, 95.26951990,  99.9
  3,  61, 29.98786442, 95.26341980,  99.9
  4,  61, 29.98361511, 95.25740989,  99.9
  5,  61, 29.97940359, 95.25148889,  99.9
  6,  61, 29.97522899, 95.24565555,  99.9
  7,  61, 29.97109047, 95.23990865,  99.9
  8,  61, 29.96698717, 95.23424697,  99.9
  9,  61, 29.96291826, 95.22866931,  99.9
 10,  61, 29.95888288, 95.22317450,  99.9
 11,  61, 29.95488022, 95.21776138,  99.9
 12,  61, 29.95090945, 95.21242881,  99.9
 13,  61, 29.94696976, 95.20717566,  99.9
 14,  61, 29.94306033, 95.20200083,  99.9
 15,  61, 29.93918036, 95.19690323,  99.9
 16,  61, 29.93532905, 95.19188178,  99.9
 17,  61, 29.93150561, 95.18693542,  99.9
 18,  61, 29.92770925, 95.18206312,  99.9
 19,  61, 29.92393919, 95.17726384,  99.9
 20,  61, 29.92019466, 95.17253658,  99.9
 21,  61, 29.91647488, 95.16788034,  99.9
 22,  61, 29.91277908, 95.16329414,  99.9
 23,  61, 29.90910651, 95.15877701,  99.9
 24,  61, 29.90545640, 95.15432801,  99.9
 25,  61, 29.90182801, 95.14994620,  99.9
 26,  61, 29.89822058, 95.14563066,  99.9
 27,  61, 29.89463338, 95.14138047,  99.9
 28,  61, 29.89106565, 95.13719475,  99.9
 29,  61, 29.88751667, 95.13307261,  99.9
 30,  61, 29.88398570, 95.12901320,  99.9
 31,  61, 29.88047202, 95.12501564,  99.9
 32,  61, 29.87697489, 95.12107911,  99.9
 33,  61, 29.87349359, 95.11720278,  99.9
 34,  61, 29.87002742, 95.11338583,  99.9
 35,  61, 29.86657564, 95.10962746,  99.9
 36,  61, 29.86313755, 95.10592688,  99.9
 37,  61, 29.85971244, 95.10228331,  99.9
 38,  61, 29.85629959, 95.09869599,  99.9
 39,  61, 29.85289831, 95.09516416,   5.8
 40,  61, 29.84950788, 95.09168709,   5.8
 41,  61, 29.84612761, 95.08826404,  99.9
 42,  61, 29.84275680, 95.08489429,  99.9
 43,  61, 29.83939475, 95.08157713,  99.9
 44,  61, 29.83604077, 95.07831188,   5.8
 45,  61, 29.83269416, 95.07509784,   5.8
 46,  61, 29.82935422, 95.07193434,   5.8
 47,  61, 29.82602028, 95.06882072,   5.9
 48,  61, 29.82269163, 95.06575632,   5.9
 49,  61, 29.81936759, 95.06274049,  99.9
 50,  61, 29.81604746, 95.05977262,  99.9
 51,  61, 29.81273057, 95.05685206,  99.9
 52,  61, 29.80941622, 95.05397822,  99.9
 53,  61, 29.80610373, 95.05115049,  99.9
 54,  61, 29.80279241, 95.04836827,  99.9
 55,  61, 29.79948158, 95.04563099,  99.9
 56,  61, 29.79617054, 95.04293806,  99.9
 57,  61, 29.79285862, 95.04028892,  99.9
 58,  61, 29.78954512, 95.03768302,  99.9
 59,  61, 29.78622936, 95.03511982,  99.9
 60,  61, 29.78291065, 95.03259876,  99.9
 61,  61, 29.77958831, 95.03011934,  99.9
 62,  61, 29.77626164, 95.02768101,  99.9
 63,  61, 29.77292995, 95.02528328,  99.9
 64,  61, 29.76959255, 95.02292565,  99.9
 65,  61, 29.76624876, 95.02060761,  99.9
 66,  61, 29.76289787, 95.01832868,  99.9
 67,  61, 29.75953919, 95.01608839,  99.9
 68,  61, 29.75617203, 95.01388626,  99.9
 69,  61, 29.75279568, 95.01172184,  99.9
 70,  61, 29.74940945, 95.00959466,  99.9
 71,  61, 29.74601263, 95.00750429,  99.9
 72,  61, 29.74260451, 95.00545028,  99.9
 73,  61, 29.73918440, 95.00343221,  99.9
 74,  61, 29.73575157, 95.00144965,  99.9
 75,  61, 29.73230532, 94.99950219,  99.9
 76,  61, 29.72884492, 94.99758942,  99.9
 77,  61, 29.72536967, 94.99571094,  99.9
 78,  61, 29.72187884, 94.99386635,  99.9
 79,  61, 29.71837171, 94.99205527,   6.5
 80,  61, 29.71484754, 94.99027732,   6.5
 81,  61, 29.71130560, 94.98853212,   6.5
 82,  61, 29.70774517, 94.98681932,   6.5
 83,  61, 29.70416549, 94.98513854,   6.5
 84,  61, 29.70056582, 94.98348945,   6.5
 85,  61, 29.69694543, 94.98187169,   6.6
 86,  61, 29.69330354, 94.98028493,   6.6
 87,  61, 29.68963942, 94.97872882,   6.6
 88,  61, 29.68595229, 94.97720306,   6.6
 89,  61, 29.68224139, 94.97570731,   6.6
 90,  61, 29.67850595, 94.97424126,   6.7
 91,  61, 29.67474519, 94.97280461,   6.7
 92,  61, 29.67095833, 94.97139706,   6.7
 93,  61, 29.66714459, 94.97001830,   6.7
 94,  61, 29.66330317, 94.96866806,   6.7
 95,  61, 29.65943326, 94.96734604,   6.7
 96,  61, 29.65553408, 94.96605197,   6.7
 97,  61, 29.65160480, 94.96478558,   6.7
 98,  61, 29.64764461, 94.96354661,   6.7
 99,  61, 29.64365269, 94.96233479,   6.7
100,  61, 29.63962821, 94.96114987,   6.7
101,  61, 29.63557032, 94.95999160,   6.7
102,  61, 29.63147819, 94.95885973,   6.7
103,  61, 29.62735096, 94.95775404,   6.7
104,  61, 29.62318778, 94.95667428,   6.7
105,  61, 29.61898778, 94.95562024,   6.7
106,  61, 29.61475009, 94.95459168,   6.7
107,  61, 29.61047382, 94.95358840,   6.7
108,  61, 29.60615809, 94.95261018,   6.7
109,  61, 29.60180200, 94.95165682,   6.7
110,  61, 29.59740464, 94.95072812,   6.7
111,  61, 29.59296510, 94.94982388,   6.7
112,  61, 29.58848245, 94.94894391,   6.7
113,  61, 29.58395576, 94.94808802,   6.7
114,  61, 29.57938410, 94.94725604,   6.7
115,  61, 29.57476650, 94.94644780,   6.7
116,  61, 29.57010201, 94.94566311,   6.7
117,  61, 29.56538967, 94.94490182,   6.7
118,  61, 29.56062847, 94.94416376,   6.7
119,  61, 29.55581745, 94.94344878,   6.7
120,  61, 29.55095559, 94.94275673,   6.7
121,  61, 29.54604189, 94.94208746,   6.7
122,  61, 29.54107532, 94.94144083,   6.7
123,  61, 29.53605485, 94.94081670,   6.7
124,  61, 29.53097943, 94.94021495,   6.7
125,  61, 29.52584801, 94.93963543,   6.7
126,  61, 29.52065953, 94.93907804,   6.7
127,  61, 29.51541289, 94.93854265,   6.7
128,  61, 29.51010701, 94.93802915,   6.7
129,  61, 29.50474079, 94.93753742,   6.7
130,  61, 29.49931311, 94.93706737,   6.7
131,  61, 29.49382284, 94.93661890,   6.8
132,  61, 29.48826884, 94.93619190,   6.8
133,  61, 29.48264994, 94.93578629,   6.9
134,  61, 29.47696499, 94.93540197,   6.9
135,  61, 29.47121280, 94.93503887,   6.9
136,  61, 29.46539217, 94.93469691,   6.9
137,  61, 29.45950189, 94.93437601,   6.9
138,  61, 29.45354074, 94.93407611,   7.0
139,  61, 29.44750747, 94.93379714,  99.9
140,  61, 29.44140082, 94.93353903,   0.1
141,  61, 29.43521954, 94.93330173,   0.2
142,  61, 29.42896233, 94.93308519,   0.2
143,  61, 29.42262789, 94.93288936,  99.9
144,  61, 29.41621490, 94.93271419,  99.9
145,  61, 29.40972202, 94.93255965,  99.9
146,  61, 29.40314791, 94.93242570,  99.9
147,  61, 29.39649120, 94.93231231,  99.9
148,  61, 29.38975050, 94.93221945,  99.9
149,  61, 29.38292441, 94.93214709,  99.9
150,  61, 29.37601150, 94.93209522,  99.9
151,  61, 29.36901034, 94.93206383,  99.9
152,  61, 29.36191948, 94.93205290,  99.9
153,  61, 29.35473743, 94.93206243,  99.9
154,  61, 29.34746271, 94.93209241,  99.9
155,  61, 29.34009379, 94.93214285,   8.0
156,  61, 29.33262914, 94.93221375,   8.0
157,  61, 29.32506721, 94.93230512,   8.0
158,  61, 29.31740643, 94.93241698,   8.0
159,  61, 29.30964520, 94.93254934,   8.0
160,  61, 29.30178191, 94.93270224,   8.0
161,  61, 29.29381492, 94.93287568,   8.1
162,  61, 29.28574256, 94.93306971,   8.1
163,  61, 29.27756317, 94.93328436,   8.1
164,  61, 29.26927504, 94.93351967,   8.1
165,  61, 29.26087644, 94.93377568,   8.1
166,  61, 29.25236562, 94.93405244,   8.1
167,  61, 29.24374082, 94.93435000,   8.1
168,  61, 29.23500023, 94.93466842,   8.1
169,  61, 29.22614204, 94.93500776,   8.1
170,  61, 29.21716441, 94.93536807,   8.3
171,  61, 29.20806547, 94.93574944,   8.7
172,  61, 29.19884332, 94.93615193,   8.5
173,  61, 29.18949604, 94.93657561,   8.5
174,  61, 29.18002168, 94.93702057,   8.5
175,  61, 29.17041829, 94.93748690,   8.4
176,  61, 29.16068384, 94.93797468,   8.4
177,  61, 29.15081633, 94.93848401,   8.3
178,  61, 29.14081370, 94.93901499,   8.2
179,  61, 29.13067385, 94.93956771,   8.2
180,  61, 29.12039469, 94.94014228,   8.1
181,  61, 29.10997408, 94.94073882,   8.0
182,  61, 29.09940983, 94.94135744,   7.9
183,  61, 29.08869977, 94.94199825,   7.8
184,  61, 29.07784164, 94.94266139,   7.7
185,  61, 29.06683321, 94.94334698,   7.6
186,  61, 29.05567217, 94.94405516,   7.5
187,  61, 29.04435620, 94.94478605,   7.5
188,  61, 29.03288294, 94.94553980,   7.4
189,  61, 29.02125001, 94.94631657,   7.3
190,  61, 29.00945499, 94.94711649,   7.2
191,  61, 28.99749542, 94.94793972,   7.1
192,  61, 28.98536880, 94.94878642,   7.0
193,  61, 28.97307263, 94.94965676,   6.9
194,  61, 28.96060433, 94.95055091,   6.8
195,  61, 28.94796132, 94.95146903,   6.7
196,  61, 28.93514095, 94.95241131,   6.6
197,  61, 28.92214057, 94.95337792,   6.5
198,  61, 28.90895746, 94.95436906,   6.4
199,  61, 28.89558888, 94.95538492,   6.3
200,  61, 28.88203205, 94.95642569,   6.2
201,  61, 28.86828415, 94.95749157,   6.1
202,  61, 28.85434231, 94.95858277,   6.0
203,  61, 28.84020364, 94.95969951,   5.9
204,  61, 28.82586519, 94.96084199,   5.8
205,  61, 28.81132397, 94.96201043,   5.7
206,  61, 28.79657696, 94.96320507,   5.5
207,  61, 28.78162109, 94.96442614,   5.4
208,  61, 28.76645325, 94.96567386,   5.3
209,  61, 28.75107027, 94.96694848,   5.2
210,  61, 28.73546897, 94.96825025,   5.1
211,  61, 28.71964608, 94.96957941,   5.0
212,  61, 28.70359832, 94.97093623,   4.9
213,  61, 28.68732235, 94.97232096,   4.8
214,  61, 28.67081477, 94.97373386,   4.6
215,  61, 28.65407216, 94.97517522,   4.5
216,  61, 28.63709103, 94.97664530,   4.4
217,  61, 28.61986784, 94.97814439,   4.2
218,  61, 28.60239901, 94.97967278,   4.1
219,  61, 28.58468091, 94.98123076,   4.0
220,  61, 28.56670984, 94.98281862,   3.9
221,  61, 28.54848206, 94.98443668,   3.7
222,  61, 28.52999379, 94.98608523,   3.6
223,  61, 28.51124118, 94.98776461,   3.5
224,  61, 28.49222032, 94.98947511,   3.3
225,  61, 28.47292725, 94.99121709,   3.2
226,  61, 28.45335796, 94.99299085,   3.1
227,  61, 28.43350837, 94.99479675,   2.9
228,  61, 28.41337437, 94.99663512,   2.8
229,  61, 28.39295174, 94.99850632,   2.7
230,  61, 28.37223626, 95.00041069,   2.5
231,  61, 28.35122360, 95.00234861,   2.4
232,  61, 28.32990939, 95.00432044,   2.2
233,  61, 28.30828920, 95.00632655,   2.1
234,  61, 28.28635853, 95.00836732,   2.0
235,  61, 28.26411282, 95.01044314,   1.9
236,  61, 28.24154743, 95.01255439,   1.9
237,  61, 28.21865768, 95.01470148,   1.9
238,  61, 28.19543880, 95.01688482,   1.9
239,  61, 28.17188596, 95.01910480,   2.0
240,  61, 28.14799426, 95.02136186,   2.0
241,  61, 28.12375872, 95.02365641,   2.0
  1,  62, 30.00188924, 95.27067089,  99.9
  2,  62, 29.99748220, 95.26452613,  99.9
  3,  62, 29.99311584, 95.25847181,  99.9
  4,  62, 29.98878923, 95.25250665,  99.9
  5,  62, 29.98450151, 95.24662939,  99.9
  6,  62, 29.98025178, 95.24083880,  99.9
  7,  62, 29.97603918, 95.23513364,  99.9
  8,  62, 29.97186283, 95.22951271,  99.9
  9,  62, 29.96772189, 95.22397483,  99.9
 10,  62, 29.96361549, 95.21851883,  99.9
 11,  62, 29.95954280, 95.21314356,  99.9
 12,  62, 29.95550298, 95.20784789,  99.9
 13,  62, 29.95149519, 95.20263069,  99.9
 14,  62, 29.94751861, 95.19749086,  99.9
 15,  62, 29.94357243, 95.19242734,  99.9
 16,  62, 29.93965583, 95.18743904,  99.9
 17,  62, 29.93576800, 95.18252491,  99.9
 18,  62, 29.93190815, 95.17768393,  99.9
 19,  62, 29.92807547, 95.17291506,  99.9
 20,  62, 29.92426918, 95.16821732,  99.9
 21,  62, 29.92048850, 95.16358970,  99.9
 22,  62, 29.91673264, 95.15903123,  99.9
 23,  62, 29.91300083, 95.15454096,  99.9
 24,  62, 29.90929230, 95.15011793,  99.9
 25,  62, 29.90560629, 95.14576123,  99.9
 26,  62, 29.90194204, 95.14146992,  99.9
 27,  62, 29.89829878, 95.13724311,  99.9
 28,  62, 29.89467577, 95.13307991,  99.9
 29,  62, 29.89107225, 95.12897944,  99.9
 30,  62, 29.88748750, 95.12494084,  99.9
 31,  62, 29.88392076, 95.12096326,  99.9
 32,  62, 29.88037129, 95.11704587,  99.9
 33,  62, 29.87683837, 95.11318784,  99.9
 34,  62, 29.87332127, 95.10938836,  99.9
 35,  62, 29.86981925, 95.10564664,  99.9
 36,  62, 29.86633160, 95.10196187,  99.9
 37,  62, 29.86285759, 95.09833330,  99.9
 38,  62, 29.85939651, 95.09476016,   5.7
 39,  62, 29.85594763, 95.09124170,   5.8
 40,  62, 29.85251025, 95.08777718,   5.8
 41,  62, 29.84908366, 95.08436587,  99.9
 42,  62, 29.84566714, 95.08100705,  99.9
 43,  62, 29.84225999, 95.07770003,  99.9
 44,  62, 29.83886150, 95.07444410,   5.7
 45,  62, 29.83547097, 95.07123858,  99.9
 46,  62, 29.83208770, 95.06808281,   5.8
 47,  62, 29.82871099, 95.06497611,   5.9
 48,  62, 29.82534014, 95.06191783,   5.9
 49,  62, 29.82197444, 95.05890734,  99.9
 50,  62, 29.81861321, 95.05594400,  99.9
 51,  62, 29.81525575, 95.05302720,  99.9
 52,  62, 29.81190136, 95.05015631,  99.9
 53,  62, 29.80854934, 95.04733073,  99.9
 54,  62, 29.80519901, 95.04454988,  99.9
 55,  62, 29.80184966, 95.04181317,  99.9
 56,  62, 29.79850060, 95.03912003,  99.9
 57,  62, 29.79515114, 95.03646989,  99.9
 58,  62, 29.79180059, 95.03386219,  99.9
 59,  62, 29.78844825, 95.03129640,  99.9
 60,  62, 29.78509342, 95.02877196,  99.9
 61,  62, 29.78173540, 95.02628836,  99.9
 62,  62, 29.77837351, 95.02384506,  99.9
 63,  62, 29.77500705, 95.02144157,  99.9
 64,  62, 29.77163531, 95.01907737,  99.9
 65,  62, 29.76825759, 95.01675197,  99.9
 66,  62, 29.76487320, 95.01446489,  99.9
 67,  62, 29.76148144, 95.01221563,  99.9
 68,  62, 29.75808159, 95.01000374,  99.9
 69,  62, 29.75467296, 95.00782875,  99.9
 70,  62, 29.75125483, 95.00569020,  99.9
 71,  62, 29.74782650, 95.00358764,  99.9
 72,  62, 29.74438725, 95.00152064,  99.9
 73,  62, 29.74093637, 94.99948876,  99.9
 74,  62, 29.73747315, 94.99749158,  99.9
 75,  62, 29.73399686, 94.99552867,  99.9
 76,  62, 29.73050679, 94.99359962,  99.9
 77,  62, 29.72700220, 94.99170404,   6.5
 78,  62, 29.72348237, 94.98984152,   6.5
 79,  62, 29.71994657, 94.98801168,   6.5
 80,  62, 29.71639407, 94.98621413,  99.9
 81,  62, 29.71282412, 94.98444849,  99.9
 82,  62, 29.70923598, 94.98271439,   6.5
 83,  62, 29.70562892, 94.98101148,   6.5
 84,  62, 29.70200218, 94.97933939,   6.5
 85,  62, 29.69835500, 94.97769778,   6.5
 86,  62, 29.69468663, 94.97608630,   6.6
 87,  62, 29.69099630, 94.97450460,   6.6
 88,  62, 29.68728326, 94.97295237,   6.6
 89,  62, 29.68354672, 94.97142928,   6.6
 90,  62, 29.67978591, 94.96993500,   6.6
 91,  62, 29.67600005, 94.96846923,   6.7
 92,  62, 29.67218835, 94.96703166,   6.7
 93,  62, 29.66835003, 94.96562198,   6.7
 94,  62, 29.66448427, 94.96423990,   6.7
 95,  62, 29.66059028, 94.96288513,   6.7
 96,  62, 29.65666725, 94.96155739,   6.7
 97,  62, 29.65271436, 94.96025639,   6.7
 98,  62, 29.64873080, 94.95898187,  99.9
 99,  62, 29.64471572, 94.95773357,  99.9
100,  62, 29.64066831, 94.95651120,  99.9
101,  62, 29.63658771, 94.95531453,  99.9
102,  62, 29.63247307, 94.95414330,   6.7
103,  62, 29.62832355, 94.95299726,   6.7
104,  62, 29.62413828, 94.95187618,  99.9
105,  62, 29.61991639, 94.95077981,  99.9
106,  62, 29.61565699, 94.94970794,   6.7
107,  62, 29.61135921, 94.94866032,   6.7
108,  62, 29.60702216, 94.94763675,   6.7
109,  62, 29.60264492, 94.94663701,   6.7
110,  62, 29.59822658, 94.94566089,   6.7
111,  62, 29.59376624, 94.94470819,   6.7
112,  62, 29.58926296, 94.94377869,   6.7
113,  62, 29.58471580, 94.94287222,   6.7
114,  62, 29.58012383, 94.94198857,   6.7
115,  62, 29.57548607, 94.94112756,   6.7
116,  62, 29.57080157, 94.94028902,   6.7
117,  62, 29.56606936, 94.93947276,   6.7
118,  62, 29.56128845, 94.93867862,   6.7
119,  62, 29.55645784, 94.93790641,   6.6
120,  62, 29.55157653, 94.93715600,   6.6
121,  62, 29.54664351, 94.93642720,   6.6
122,  62, 29.54165775, 94.93571988,   6.6
123,  62, 29.53661820, 94.93503388,   6.6
124,  62, 29.53152383, 94.93436906,   6.7
125,  62, 29.52637357, 94.93372527,   6.7
126,  62, 29.52116635, 94.93310239,   6.7
127,  62, 29.51590109, 94.93250027,   6.7
128,  62, 29.51057669, 94.93191880,   6.7
129,  62, 29.50519204, 94.93135784,   6.7
130,  62, 29.49974603, 94.93081728,   6.7
131,  62, 29.49423751, 94.93029701,   6.7
132,  62, 29.48866535, 94.92979691,   6.8
133,  62, 29.48302839, 94.92931688,   6.8
134,  62, 29.47732544, 94.92885681,   6.9
135,  62, 29.47155533, 94.92841661,   6.9
136,  62, 29.46571686, 94.92799619,   6.9
137,  62, 29.45980880, 94.92759544,   6.9
138,  62, 29.45382993, 94.92721429,   6.9
139,  62, 29.44777901, 94.92685266,  99.9
140,  62, 29.44165477, 94.92651047,   0.0
141,  62, 29.43545595, 94.92618764,   0.0
142,  62, 29.42918125, 94.92588410,   0.1
143,  62, 29.42282936, 94.92559979,   0.4
144,  62, 29.41639896, 94.92533464,  99.9
145,  62, 29.40988873, 94.92508860,  99.9
146,  62, 29.40329729, 94.92486161,  99.9
147,  62, 29.39662328, 94.92465363,  99.9
148,  62, 29.38986531, 94.92446460,  99.9
149,  62, 29.38302197, 94.92429448,  99.9
150,  62, 29.37609185, 94.92414324,  99.9
151,  62, 29.36907349, 94.92401084,  99.9
152,  62, 29.36196543, 94.92389724,  99.9
153,  62, 29.35476620, 94.92380243,   8.0
154,  62, 29.34747430, 94.92372638,   8.0
155,  62, 29.34008822, 94.92366906,   8.0
156,  62, 29.33260640, 94.92363047,   8.0
157,  62, 29.32502730, 94.92361058,   8.0
158,  62, 29.31734934, 94.92360940,   8.0
159,  62, 29.30957092, 94.92362692,   8.0
160,  62, 29.30169043, 94.92366313,   8.0
161,  62, 29.29370621, 94.92371804,   8.0
162,  62, 29.28561661, 94.92379166,   8.0
163,  62, 29.27741995, 94.92388400,   8.0
164,  62, 29.26911452, 94.92399507,   8.0
165,  62, 29.26069860, 94.92412489,   8.0
166,  62, 29.25217042, 94.92427349,   8.0
167,  62, 29.24352821, 94.92444088,   8.1
168,  62, 29.23477018, 94.92462710,   8.1
169,  62, 29.22589451, 94.92483218,   8.2
170,  62, 29.21689934, 94.92505616,   8.4
171,  62, 29.20778280, 94.92529908,   8.5
172,  62, 29.19854300, 94.92556098,   8.5
173,  62, 29.18917801, 94.92584192,   8.5
174,  62, 29.17968589, 94.92614194,   8.4
175,  62, 29.17006465, 94.92646110,   8.3
176,  62, 29.16031229, 94.92679946,   8.3
177,  62, 29.15042679, 94.92715708,   8.2
178,  62, 29.14040609, 94.92753404,   8.1
179,  62, 29.13024810, 94.92793040,   8.1
180,  62, 29.11995071, 94.92834624,   8.0
181,  62, 29.10951177, 94.92878164,   7.9
182,  62, 29.09892912, 94.92923668,   7.8
183,  62, 29.08820054, 94.92971144,   7.7
184,  62, 29.07732380, 94.93020602,   7.7
185,  62, 29.06629665, 94.93072052,   7.5
186,  62, 29.05511678, 94.93125502,   7.5
187,  62, 29.04378187, 94.93180964,   7.4
188,  62, 29.03228956, 94.93238448,   7.3
189,  62, 29.02063746, 94.93297965,   7.2
190,  62, 29.00882314, 94.93359526,   7.1
191,  62, 28.99684415, 94.93423144,   7.0
192,  62, 28.98469798, 94.93488830,   6.9
193,  62, 28.97238212, 94.93556597,   6.8
194,  62, 28.95989399, 94.93626458,   6.8
195,  62, 28.94723100, 94.93698427,   6.6
196,  62, 28.93439052, 94.93772517,   6.5
197,  62, 28.92136986, 94.93848743,   6.4
198,  62, 28.90816633, 94.93927119,   6.3
199,  62, 28.89477717, 94.94007661,   6.2
200,  62, 28.88119959, 94.94090383,   6.1
201,  62, 28.86743077, 94.94175303,   6.0
202,  62, 28.85346785, 94.94262436,   5.9
203,  62, 28.83930791, 94.94351798,   5.8
204,  62, 28.82494801, 94.94443408,   5.7
205,  62, 28.81038516, 94.94537282,   5.6
206,  62, 28.79561634, 94.94633440,   5.5
207,  62, 28.78063846, 94.94731898,   5.4
208,  62, 28.76544840, 94.94832677,   5.3
209,  62, 28.75004302, 94.94935795,   5.1
210,  62, 28.73441910, 94.95041272,   5.0
211,  62, 28.71857338, 94.95149129,   4.9
212,  62, 28.70250258, 94.95259387,   4.8
213,  62, 28.68620334, 94.95372066,   4.7
214,  62, 28.66967228, 94.95487187,   4.6
215,  62, 28.65290595, 94.95604774,   4.4
216,  62, 28.63590087, 94.95724848,   4.3
217,  62, 28.61865349, 94.95847433,   4.2
218,  62, 28.60116023, 94.95972552,   4.0
219,  62, 28.58341745, 94.96100228,   3.9
220,  62, 28.56542145, 94.96230487,   3.8
221,  62, 28.54716848, 94.96363353,   3.7
222,  62, 28.52865476, 94.96498851,   3.5
223,  62, 28.50987642, 94.96637007,   3.4
224,  62, 28.49082957, 94.96777848,   3.3
225,  62, 28.47151023, 94.96921401,   3.1
226,  62, 28.45191438, 94.97067691,   3.0
227,  62, 28.43203796, 94.97216749,   2.9
228,  62, 28.41187681, 94.97368601,   2.7
229,  62, 28.39142676, 94.97523276,   2.6
230,  62, 28.37068353, 94.97680804,   2.5
231,  62, 28.34964282, 94.97841215,   2.3
232,  62, 28.32830025, 94.98004538,   2.2
233,  62, 28.30665138, 94.98170806,   2.1
234,  62, 28.28469170, 94.98340048,   2.0
235,  62, 28.26241665, 94.98512298,   1.9
236,  62, 28.23982159, 94.98687587,   1.9
237,  62, 28.21690182, 94.98865948,   1.9
238,  62, 28.19365257, 94.99047416,   1.9
239,  62, 28.17006901, 94.99232024,   2.0
240,  62, 28.14614622, 94.99419806,   2.0
241,  62, 28.12187924, 94.99610798,   2.0
  1,  63, 30.00725648, 95.26553858,  99.9
  2,  63, 30.00277086, 95.25944192,  99.9
  3,  63, 29.99832701, 95.25343466,  99.9
  4,  63, 29.99392402, 95.24751551,  99.9
  5,  63, 29.98956099, 95.24168324,  99.9
  6,  63, 29.98523701, 95.23593660,  99.9
  7,  63, 29.98095120, 95.23027439,  99.9
  8,  63, 29.97670267, 95.22469541,  99.9
  9,  63, 29.97249056, 95.21919848,  99.9
 10,  63, 29.96831400, 95.21378244,  99.9
 11,  63, 29.96417213, 95.20844616,  99.9
 12,  63, 29.96006409, 95.20318849,  99.9
 13,  63, 29.95598905, 95.19800834,  99.9
 14,  63, 29.95194615, 95.19290461,  99.9
 15,  63, 29.94793458, 95.18787622,  99.9
 16,  63, 29.94395349, 95.18292212,  99.9
 17,  63, 29.94000209, 95.17804127,  99.9
 18,  63, 29.93607954, 95.17323262,  99.9
 19,  63, 29.93218504, 95.16849518,  99.9
 20,  63, 29.92831779, 95.16382793,  99.9
 21,  63, 29.92447699, 95.15922991,  99.9
 22,  63, 29.92066185, 95.15470014,  99.9
 23,  63, 29.91687158, 95.15023766,  99.9
 24,  63, 29.91310541, 95.14584154,  99.9
 25,  63, 29.90936254, 95.14151085,  99.9
 26,  63, 29.90564222, 95.13724468,  99.9
 27,  63, 29.90194366, 95.13304214,  99.9
 28,  63, 29.89826612, 95.12890233,  99.9
 29,  63, 29.89460883, 95.12482440,  99.9
 30,  63, 29.89097103, 95.12080747,  99.9
 31,  63, 29.88735197, 95.11685070,  99.9
 32,  63, 29.88375091, 95.11295327,  99.9
 33,  63, 29.88016710, 95.10911436,  99.9
 34,  63, 29.87659980, 95.10533315,  99.9
 35,  63, 29.87304827, 95.10160885,  99.9
 36,  63, 29.86951178, 95.09794068,  99.9
 37,  63, 29.86598960, 95.09432787,   5.7
 38,  63, 29.86248100, 95.09076966,   5.7
 39,  63, 29.85898525, 95.08726530,  99.9
 40,  63, 29.85550163, 95.08381406,  99.9
 41,  63, 29.85202942, 95.08041520,  99.9
 42,  63, 29.84856790, 95.07706803,  99.9
 43,  63, 29.84511636, 95.07377182,  99.9
 44,  63, 29.84167407, 95.07052590,  99.9
 45,  63, 29.83824033, 95.06732958,  99.9
 46,  63, 29.83481443, 95.06418219,   5.8
 47,  63, 29.83139566, 95.06108307,   5.8
 48,  63, 29.82798330, 95.05803157,  99.9
 49,  63, 29.82457666, 95.05502704,  99.9
 50,  63, 29.82117502, 95.05206886,  99.9
 51,  63, 29.81777768, 95.04915641,  99.9
 52,  63, 29.81438394, 95.04628908,  99.9
 53,  63, 29.81099309, 95.04346626,  99.9
 54,  63, 29.80760444, 95.04068736,  99.9
 55,  63, 29.80421727, 95.03795180,  99.9
 56,  63, 29.80083089, 95.03525901,  99.9
 57,  63, 29.79744460, 95.03260841,  99.9
 58,  63, 29.79405769, 95.02999947,  99.9
 59,  63, 29.79066946, 95.02743162,  99.9
 60,  63, 29.78727920, 95.02490433,  99.9
 61,  63, 29.78388622, 95.02241707,  99.9
 62,  63, 29.78048981, 95.01996932,  99.9
 63,  63, 29.77708926, 95.01756056,  99.9
 64,  63, 29.77368388, 95.01519030,  99.9
 65,  63, 29.77027294, 95.01285803,  99.9
 66,  63, 29.76685576, 95.01056326,  99.9
 67,  63, 29.76343161, 95.00830552,  99.9
 68,  63, 29.75999978, 95.00608433,  99.9
 69,  63, 29.75655957, 95.00389922,  99.9
 70,  63, 29.75311026, 95.00174975,  99.9
 71,  63, 29.74965113, 94.99963545,  99.9
 72,  63, 29.74618146, 94.99755588,  99.9
 73,  63, 29.74270054, 94.99551062,  99.9
 74,  63, 29.73920764, 94.99349922,  99.9
 75,  63, 29.73570204, 94.99152128,  99.9
 76,  63, 29.73218301, 94.98957637,   6.5
 77,  63, 29.72864981, 94.98766408,   6.5
 78,  63, 29.72510172, 94.98578403,  99.9
 79,  63, 29.72153799, 94.98393580,  99.9
 80,  63, 29.71795789, 94.98211902,  99.9
 81,  63, 29.71436067, 94.98033331,  99.9
 82,  63, 29.71074558, 94.97857829,  99.9
 83,  63, 29.70711188, 94.97685360,   6.5
 84,  63, 29.70345881, 94.97515886,   6.5
 85,  63, 29.69978561, 94.97349374,   6.5
 86,  63, 29.69609151, 94.97185787,   6.6
 87,  63, 29.69237575, 94.97025093,   6.6
 88,  63, 29.68863756, 94.96867256,   6.6
 89,  63, 29.68487616, 94.96712244,   6.6
 90,  63, 29.68109076, 94.96560024,   6.6
 91,  63, 29.67728059, 94.96410566,   6.6
 92,  63, 29.67344484, 94.96263836,   6.6
 93,  63, 29.66958272, 94.96119805,   6.6
 94,  63, 29.66569344, 94.95978443,   6.7
 95,  63, 29.66177617, 94.95839719,   6.7
 96,  63, 29.65783011, 94.95703605,   6.7
 97,  63, 29.65385443, 94.95570073,   6.7
 98,  63, 29.64984831, 94.95439093,   6.6
 99,  63, 29.64581092, 94.95310640,   6.6
100,  63, 29.64174141, 94.95184685,   6.7
101,  63, 29.63763895, 94.95061203,  99.9
102,  63, 29.63350266, 94.94940168,   6.7
103,  63, 29.62933171, 94.94821553,   6.7
104,  63, 29.62512521, 94.94705336,  99.9
105,  63, 29.62088230, 94.94591490,  99.9
106,  63, 29.61660209, 94.94479993,  99.9
107,  63, 29.61228369, 94.94370820,   6.7
108,  63, 29.60792620, 94.94263950,   6.6
109,  63, 29.60352872, 94.94159359,   6.6
110,  63, 29.59909033, 94.94057025,   6.6
111,  63, 29.59461012, 94.93956928,   6.6
112,  63, 29.59008713, 94.93859046,   6.6
113,  63, 29.58552045, 94.93763358,   6.6
114,  63, 29.58090911, 94.93669845,   6.6
115,  63, 29.57625216, 94.93578487,   6.6
116,  63, 29.57154862, 94.93489265,   6.6
117,  63, 29.56679753, 94.93402159,   6.6
118,  63, 29.56199788, 94.93317153,   6.6
119,  63, 29.55714869, 94.93234227,   6.6
120,  63, 29.55224895, 94.93153364,   6.6
121,  63, 29.54729762, 94.93074548,   6.6
122,  63, 29.54229370, 94.92997761,   6.6
123,  63, 29.53723612, 94.92922989,   6.6
124,  63, 29.53212385, 94.92850214,   6.6
125,  63, 29.52695581, 94.92779421,   6.6
126,  63, 29.52173094, 94.92710597,   6.6
127,  63, 29.51644814, 94.92643725,   6.6
128,  63, 29.51110631, 94.92578793,   6.6
129,  63, 29.50570435, 94.92515786,   6.6
130,  63, 29.50024113, 94.92454691,   6.6
131,  63, 29.49471552, 94.92395495,   6.7
132,  63, 29.48912636, 94.92338185,   6.7
133,  63, 29.48347248, 94.92282751,   6.8
134,  63, 29.47775273, 94.92229179,   6.8
135,  63, 29.47196589, 94.92177458,   6.8
136,  63, 29.46611078, 94.92127578,   6.8
137,  63, 29.46018617, 94.92079527,   6.9
138,  63, 29.45419082, 94.92033296,   6.9
139,  63, 29.44812350, 94.91988875,   6.9
140,  63, 29.44198293, 94.91946255,   0.0
141,  63, 29.43576785, 94.91905425,   0.1
142,  63, 29.42947695, 94.91866378,   0.3
143,  63, 29.42310893, 94.91829105,   0.5
144,  63, 29.41666246, 94.91793598,  99.9
145,  63, 29.41013620, 94.91759849,  99.9
146,  63, 29.40352879, 94.91727852,  99.9
147,  63, 29.39683887, 94.91697599,  99.9
148,  63, 29.39006502, 94.91669084,  99.9
149,  63, 29.38320586, 94.91642300,  99.9
150,  63, 29.37625994, 94.91617242,  99.9
151,  63, 29.36922582, 94.91593904,  99.9
152,  63, 29.36210204, 94.91572280,   8.4
153,  63, 29.35488712, 94.91552368,   7.9
154,  63, 29.34757956, 94.91534160,   8.0
155,  63, 29.34017782, 94.91517655,   8.0
156,  63, 29.33268038, 94.91502847,   7.9
157,  63, 29.32508567, 94.91489734,   7.9
158,  63, 29.31739212, 94.91478312,   7.9
159,  63, 29.30959811, 94.91468579,   7.9
160,  63, 29.30170203, 94.91460532,   7.9
161,  63, 29.29370224, 94.91454170,   7.9
162,  63, 29.28559707, 94.91449490,   7.9
163,  63, 29.27738483, 94.91446491,   8.0
164,  63, 29.26906382, 94.91445172,   8.0
165,  63, 29.26063229, 94.91445533,   8.0
166,  63, 29.25208851, 94.91447573,   8.0
167,  63, 29.24343068, 94.91451293,   8.0
168,  63, 29.23465701, 94.91456691,   8.1
169,  63, 29.22576567, 94.91463770,   8.3
170,  63, 29.21675482, 94.91472531,   8.4
171,  63, 29.20762256, 94.91482973,   8.5
172,  63, 29.19836701, 94.91495100,   8.4
173,  63, 29.18898624, 94.91508914,   8.4
174,  63, 29.17947829, 94.91524416,   8.3
175,  63, 29.16984119, 94.91541609,   8.3
176,  63, 29.16007293, 94.91560497,   8.2
177,  63, 29.15017148, 94.91581082,   8.1
178,  63, 29.14013477, 94.91603369,   8.1
179,  63, 29.12996072, 94.91627362,   8.0
180,  63, 29.11964721, 94.91653065,   7.9
181,  63, 29.10919210, 94.91680482,   7.8
182,  63, 29.09859320, 94.91709619,   7.7
183,  63, 29.08784831, 94.91740481,   7.7
184,  63, 29.07695519, 94.91773074,   7.6
185,  63, 29.06591159, 94.91807404,   7.5
186,  63, 29.05471519, 94.91843478,   7.4
187,  63, 29.04336367, 94.91881301,   7.3
188,  63, 29.03185466, 94.91920883,   7.2
189,  63, 29.02018578, 94.91962229,   7.1
190,  63, 29.00835459, 94.92005347,   7.0
191,  63, 28.99635862, 94.92050247,   7.0
192,  63, 28.98419539, 94.92096936,   6.9
193,  63, 28.97186236, 94.92145423,   6.8
194,  63, 28.95935696, 94.92195718,   6.7
195,  63, 28.94667659, 94.92247829,   6.6
196,  63, 28.93381861, 94.92301768,   6.5
197,  63, 28.92078035, 94.92357543,   6.4
198,  63, 28.90755909, 94.92415167,   6.2
199,  63, 28.89415208, 94.92474649,   6.1
200,  63, 28.88055653, 94.92536002,   6.0
201,  63, 28.86676962, 94.92599236,   5.9
202,  63, 28.85278846, 94.92664364,   5.8
203,  63, 28.83861015, 94.92731399,   5.7
204,  63, 28.82423174, 94.92800352,   5.6
205,  63, 28.80965024, 94.92871238,   5.5
206,  63, 28.79486261, 94.92944070,   5.4
207,  63, 28.77986577, 94.93018862,   5.3
208,  63, 28.76465661, 94.93095628,   5.2
209,  63, 28.74923196, 94.93174382,   5.1
210,  63, 28.73358861, 94.93255140,   5.0
211,  63, 28.71772330, 94.93337917,   4.8
212,  63, 28.70163272, 94.93422729,   4.7
213,  63, 28.68531355, 94.93509593,   4.6
214,  63, 28.66876237, 94.93598523,   4.5
215,  63, 28.65197574, 94.93689539,   4.4
216,  63, 28.63495016, 94.93782656,   4.2
217,  63, 28.61768211, 94.93877893,   4.1
218,  63, 28.60016797, 94.93975268,   4.0
219,  63, 28.58240412, 94.94074799,   3.9
220,  63, 28.56438684, 94.94176505,   3.7
221,  63, 28.54611240, 94.94280406,   3.6
222,  63, 28.52757698, 94.94386520,   3.5
223,  63, 28.50877674, 94.94494870,   3.4
224,  63, 28.48970775, 94.94605474,   3.2
225,  63, 28.47036606, 94.94718354,   3.1
226,  63, 28.45074764, 94.94833532,   3.0
227,  63, 28.43084840, 94.94951028,   2.8
228,  63, 28.41066421, 94.95070866,   2.7
229,  63, 28.39019086, 94.95193068,   2.6
230,  63, 28.36942410, 94.95317656,   2.4
231,  63, 28.34835961, 94.95444655,   2.3
232,  63, 28.32699300, 94.95574089,   2.1
233,  63, 28.30531982, 94.95705981,   2.0
234,  63, 28.28333558, 94.95840357,   2.0
235,  63, 28.26103569, 94.95977242,   1.9
236,  63, 28.23841552, 94.96116662,   1.9
237,  63, 28.21547036, 94.96258642,   1.9
238,  63, 28.19219543, 94.96403210,   1.9
239,  63, 28.16858591, 94.96550392,   2.0
240,  63, 28.14463687, 94.96700216,   2.0
241,  63, 28.12034333, 94.96852710,   2.0
  1,  64, 30.01258053, 95.26031559,  99.9
  2,  64, 30.00801726, 95.25426833,  99.9
  3,  64, 30.00349686, 95.24830939,  99.9
  4,  64, 29.99901840, 95.24243751,  99.9
  5,  64, 29.99458096, 95.23665145,  99.9
  6,  64, 29.99018363, 95.23094999,  99.9
  7,  64, 29.98582550, 95.22533192,  99.9
  8,  64, 29.98150569, 95.21979606,  99.9
  9,  64, 29.97722329, 95.21434124,  99.9
 10,  64, 29.97297743, 95.20896631,  99.9
 11,  64, 29.96876723, 95.20367013,  99.9
 12,  64, 29.96459184, 95.19845158,  99.9
 13,  64, 29.96045038, 95.19330957,  99.9
 14,  64, 29.95634201, 95.18824301,  99.9
 15,  64, 29.95226587, 95.18325082,  99.9
 16,  64, 29.94822114, 95.17833197,  99.9
 17,  64, 29.94420697, 95.17348541,  99.9
 18,  64, 29.94022255, 95.16871012,  99.9
 19,  64, 29.93626704, 95.16400509,  99.9
 20,  64, 29.93233963, 95.15936933,  99.9
 21,  64, 29.92843952, 95.15480187,  99.9
 22,  64, 29.92456589, 95.15030174,  99.9
 23,  64, 29.92071795, 95.14586800,  99.9
 24,  64, 29.91689490, 95.14149971,  99.9
 25,  64, 29.91309596, 95.13719596,  99.9
 26,  64, 29.90932035, 95.13295583,  99.9
 27,  64, 29.90556727, 95.12877843,   5.5
 28,  64, 29.90183596, 95.12466289,   5.5
 29,  64, 29.89812564, 95.12060834,   5.6
 30,  64, 29.89443556, 95.11661393,   5.6
 31,  64, 29.89076494, 95.11267881,   5.6
 32,  64, 29.88711303, 95.10880216,  99.9
 33,  64, 29.88347907, 95.10498317,  99.9
 34,  64, 29.87986232, 95.10122102,  99.9
 35,  64, 29.87626202, 95.09751494,  99.9
 36,  64, 29.87267743, 95.09386413,   5.7
 37,  64, 29.86910781, 95.09026784,   5.7
 38,  64, 29.86555242, 95.08672531,  99.9
 39,  64, 29.86201052, 95.08323579,  99.9
 40,  64, 29.85848139, 95.07979855,  99.9
 41,  64, 29.85496429, 95.07641287,  99.9
 42,  64, 29.85145849, 95.07307803,  99.9
 43,  64, 29.84796326, 95.06979334,  99.9
 44,  64, 29.84447790, 95.06655811,  99.9
 45,  64, 29.84100166, 95.06337166,  99.9
 46,  64, 29.83753384, 95.06023331,  99.9
 47,  64, 29.83407371, 95.05714242,  99.9
 48,  64, 29.83062056, 95.05409833,  99.9
 49,  64, 29.82717368, 95.05110040,  99.9
 50,  64, 29.82373234, 95.04814800,  99.9
 51,  64, 29.82029583, 95.04524052,  99.9
 52,  64, 29.81686345, 95.04237734,  99.9
 53,  64, 29.81343448, 95.03955786,  99.9
 54,  64, 29.81000821, 95.03678150,  99.9
 55,  64, 29.80658393, 95.03404766,  99.9
 56,  64, 29.80316093, 95.03135578,  99.9
 57,  64, 29.79973851, 95.02870529,  99.9
 58,  64, 29.79631594, 95.02609564,  99.9
 59,  64, 29.79289252, 95.02352628,  99.9
 60,  64, 29.78946755, 95.02099667,  99.9
 61,  64, 29.78604030, 95.01850627,  99.9
 62,  64, 29.78261007, 95.01605458,  99.9
 63,  64, 29.77917616, 95.01364106,  99.9
 64,  64, 29.77573783, 95.01126523,  99.9
 65,  64, 29.77229439, 95.00892657,  99.9
 66,  64, 29.76884512, 95.00662461,  99.9
 67,  64, 29.76538929, 95.00435885,  99.9
 68,  64, 29.76192620, 95.00212883,  99.9
 69,  64, 29.75845513, 94.99993407,  99.9
 70,  64, 29.75497535, 94.99777412,  99.9
 71,  64, 29.75148614, 94.99564852,  99.9
 72,  64, 29.74798678, 94.99355683,  99.9
 73,  64, 29.74447654, 94.99149860,  99.9
 74,  64, 29.74095469, 94.98947342,  99.9
 75,  64, 29.73742050, 94.98748085,  99.9
 76,  64, 29.73387324, 94.98552048,   6.6
 77,  64, 29.73031216, 94.98359190,  99.9
 78,  64, 29.72673654, 94.98169469,  99.9
 79,  64, 29.72314562, 94.97982848,  99.9
 80,  64, 29.71953867, 94.97799286,  99.9
 81,  64, 29.71591493, 94.97618745,  99.9
 82,  64, 29.71227364, 94.97441187,  99.9
 83,  64, 29.70861406, 94.97266575,  99.9
 84,  64, 29.70493541, 94.97094873,  99.9
 85,  64, 29.70123695, 94.96926044,  99.9
 86,  64, 29.69751789, 94.96760054,   6.6
 87,  64, 29.69377747, 94.96596867,   6.6
 88,  64, 29.69001491, 94.96436449,   6.6
 89,  64, 29.68622942, 94.96278767,   6.6
 90,  64, 29.68242023, 94.96123788,   6.6
 91,  64, 29.67858653, 94.95971479,   6.6
 92,  64, 29.67472753, 94.95821808,   6.6
 93,  64, 29.67084243, 94.95674744,   6.6
 94,  64, 29.66693042, 94.95530257,   6.6
 95,  64, 29.66299069, 94.95388316,   6.6
 96,  64, 29.65902241, 94.95248891,   6.6
 97,  64, 29.65502477, 94.95111953,   6.6
 98,  64, 29.65099693, 94.94977473,   6.6
 99,  64, 29.64693805, 94.94845424,   6.6
100,  64, 29.64284730, 94.94715777,   6.6
101,  64, 29.63872382, 94.94588506,   6.6
102,  64, 29.63456674, 94.94463584,   6.6
103,  64, 29.63037522, 94.94340984,   6.6
104,  64, 29.62614837, 94.94220682,   6.6
105,  64, 29.62188532, 94.94102651,   6.6
106,  64, 29.61758518, 94.93986867,   6.6
107,  64, 29.61324705, 94.93873306,   6.6
108,  64, 29.60887004, 94.93761945,   6.6
109,  64, 29.60445323, 94.93652758,   6.6
110,  64, 29.59999571, 94.93545725,   6.6
111,  64, 29.59549654, 94.93440822,   6.6
112,  64, 29.59095480, 94.93338028,   6.6
113,  64, 29.58636953, 94.93237321,   6.6
114,  64, 29.58173978, 94.93138679,   6.6
115,  64, 29.57706460, 94.93042082,   6.6
116,  64, 29.57234300, 94.92947511,   6.6
117,  64, 29.56757401, 94.92854944,   6.6
118,  64, 29.56275663, 94.92764363,   6.6
119,  64, 29.55788986, 94.92675749,   6.6
120,  64, 29.55297268, 94.92589082,   6.6
121,  64, 29.54800409, 94.92504346,   6.6
122,  64, 29.54298303, 94.92421521,   6.6
123,  64, 29.53790848, 94.92340591,   6.6
124,  64, 29.53277936, 94.92261539,   6.6
125,  64, 29.52759462, 94.92184348,   6.6
126,  64, 29.52235317, 94.92109002,   6.6
127,  64, 29.51705393, 94.92035484,   6.6
128,  64, 29.51169578, 94.91963781,   6.6
129,  64, 29.50627763, 94.91893876,   6.6
130,  64, 29.50079833, 94.91825754,   6.6
131,  64, 29.49525676, 94.91759402,  99.9
132,  64, 29.48965175, 94.91694806,  99.9
133,  64, 29.48398214, 94.91631951,   6.7
134,  64, 29.47824675, 94.91570825,   6.8
135,  64, 29.47244439, 94.91511414,   6.8
136,  64, 29.46657385, 94.91453707,   6.8
137,  64, 29.46063390, 94.91397691,   6.8
138,  64, 29.45462332, 94.91343354,   6.8
139,  64, 29.44854085, 94.91290684,   6.8
140,  64, 29.44238522, 94.91239671,  99.9
141,  64, 29.43615516, 94.91190304,  99.9
142,  64, 29.42984937, 94.91142572,   0.5
143,  64, 29.42346653, 94.91096465,   0.6
144,  64, 29.41700532, 94.91051974,  99.9
145,  64, 29.41046439, 94.91009088,  99.9
146,  64, 29.40384238, 94.90967799,  99.9
147,  64, 29.39713791, 94.90928098,  99.9
148,  64, 29.39034960, 94.90889976,  99.9
149,  64, 29.38347602, 94.90853426,  99.9
150,  64, 29.37651574, 94.90818439,  99.9
151,  64, 29.36946732, 94.90785008,  99.9
152,  64, 29.36232929, 94.90753126,   8.3
153,  64, 29.35510016, 94.90722786,   7.9
154,  64, 29.34777843, 94.90693981,   7.9
155,  64, 29.34036258, 94.90666706,   7.9
156,  64, 29.33285106, 94.90640953,   7.9
157,  64, 29.32524231, 94.90616718,   7.9
158,  64, 29.31753474, 94.90593996,   7.9
159,  64, 29.30972676, 94.90572780,   7.9
160,  64, 29.30181673, 94.90553067,   7.9
161,  64, 29.29380301, 94.90534852,   7.9
162,  64, 29.28568393, 94.90518132,   7.9
163,  64, 29.27745780, 94.90502901,   7.9
164,  64, 29.26912292, 94.90489158,   7.9
165,  64, 29.26067754, 94.90476898,   7.9
166,  64, 29.25211991, 94.90466119,   8.0
167,  64, 29.24344824, 94.90456818,   8.0
168,  64, 29.23466074, 94.90448993,   8.2
169,  64, 29.22575557, 94.90442642,   8.3
170,  64, 29.21673087, 94.90437763,   8.4
171,  64, 29.20758478, 94.90434355,   8.4
172,  64, 29.19831539, 94.90432417,   8.4
173,  64, 29.18892076, 94.90431947,   8.3
174,  64, 29.17939895, 94.90432947,   8.3
175,  64, 29.16974797, 94.90435414,   8.2
176,  64, 29.15996581, 94.90439350,   8.1
177,  64, 29.15005044, 94.90444755,   8.0
178,  64, 29.13999979, 94.90451629,   8.0
179,  64, 29.12981177, 94.90459974,   7.9
180,  64, 29.11948426, 94.90469790,   7.8
181,  64, 29.10901511, 94.90481080,   7.7
182,  64, 29.09840215, 94.90493845,   7.7
183,  64, 29.08764315, 94.90508087,   7.6
184,  64, 29.07673590, 94.90523809,   7.5
185,  64, 29.06567810, 94.90541013,   7.4
186,  64, 29.05446747, 94.90559703,   7.3
187,  64, 29.04310166, 94.90579881,   7.2
188,  64, 29.03157832, 94.90601552,   7.1
189,  64, 29.01989505, 94.90624720,   7.1
190,  64, 29.00804940, 94.90649388,   7.0
191,  64, 28.99603893, 94.90675561,   6.9
192,  64, 28.98386112, 94.90703244,   6.8
193,  64, 28.97151345, 94.90732442,   6.7
194,  64, 28.95899334, 94.90763160,   6.6
195,  64, 28.94629819, 94.90795405,   6.5
196,  64, 28.93342535, 94.90829181,   6.4
197,  64, 28.92037215, 94.90864496,   6.3
198,  64, 28.90713587, 94.90901356,   6.2
199,  64, 28.89371376, 94.90939767,   6.1
200,  64, 28.88010302, 94.90979738,   6.0
201,  64, 28.86630082, 94.91021275,   5.8
202,  64, 28.85230428, 94.91064386,   5.7
203,  64, 28.83811050, 94.91109080,   5.6
204,  64, 28.82371651, 94.91155365,   5.5
205,  64, 28.80911934, 94.91203249,   5.4
206,  64, 28.79431592, 94.91252742,   5.3
207,  64, 28.77930320, 94.91303852,   5.2
208,  64, 28.76407803, 94.91356590,   5.1
209,  64, 28.74863726, 94.91410966,   5.0
210,  64, 28.73297766, 94.91466989,   4.9
211,  64, 28.71709599, 94.91524670,   4.8
212,  64, 28.70098893, 94.91584021,   4.7
213,  64, 28.68465314, 94.91645052,   4.5
214,  64, 28.66808520, 94.91707775,   4.4
215,  64, 28.65128169, 94.91772202,   4.3
216,  64, 28.63423910, 94.91838344,   4.2
217,  64, 28.61695388, 94.91906215,   4.0
218,  64, 28.59942243, 94.91975828,   3.9
219,  64, 28.58164112, 94.92047194,   3.8
220,  64, 28.56360623, 94.92120328,   3.7
221,  64, 28.54531402, 94.92195244,   3.6
222,  64, 28.52676067, 94.92271956,   3.4
223,  64, 28.50794234, 94.92350477,   3.3
224,  64, 28.48885510, 94.92430824,   3.2
225,  64, 28.46949498, 94.92513011,   3.0
226,  64, 28.44985796, 94.92597053,   2.9
227,  64, 28.42993995, 94.92682966,   2.8
228,  64, 28.40973680, 94.92770767,   2.7
229,  64, 28.38924431, 94.92860472,   2.5
230,  64, 28.36845822, 94.92952098,   2.4
231,  64, 28.34737420, 94.93045662,   2.2
232,  64, 28.32598787, 94.93141181,   2.1
233,  64, 28.30429478, 94.93238674,   2.0
234,  64, 28.28229042, 94.93338158,   2.0
235,  64, 28.25997020, 94.93439653,   1.9
236,  64, 28.23732949, 94.93543176,   1.9
237,  64, 28.21436357, 94.93648749,   1.9
238,  64, 28.19106768, 94.93756390,   1.9
239,  64, 28.16743696, 94.93866119,   2.0
240,  64, 28.14346649, 94.93977956,   2.0
241,  64, 28.11915130, 94.94091924,   2.0
  1,  65, 30.01786028, 95.25500301,  99.9
  2,  65, 30.01322031, 95.24900642,  99.9
  3,  65, 30.00862429, 95.24309706,  99.9
  4,  65, 30.00407129, 95.23727369,  99.9
  5,  65, 29.99956037, 95.23153507,  99.9
  6,  65, 29.99509061, 95.22587999,  99.9
  7,  65, 29.99066107, 95.22030725,  99.9
  8,  65, 29.98627086, 95.21481568,  99.9
  9,  65, 29.98191906, 95.20940412,  99.9
 10,  65, 29.97760479, 95.20407142,  99.9
 11,  65, 29.97332715, 95.19881647,  99.9
 12,  65, 29.96908526, 95.19363814,  99.9
 13,  65, 29.96487825, 95.18853535,  99.9
 14,  65, 29.96070526, 95.18350703,  99.9
 15,  65, 29.95656542, 95.17855210,  99.9
 16,  65, 29.95245787, 95.17366953,  99.9
 17,  65, 29.94838178, 95.16885828,  99.9
 18,  65, 29.94433631, 95.16411735,  99.9
 19,  65, 29.94032061, 95.15944573,  99.9
 20,  65, 29.93633386, 95.15484244,  99.9
 21,  65, 29.93237524, 95.15030650,  99.9
 22,  65, 29.92844393, 95.14583697,  99.9
 23,  65, 29.92453912, 95.14143290,  99.9
 24,  65, 29.92066001, 95.13709336,  99.9
 25,  65, 29.91680578, 95.13281744,  99.9
 26,  65, 29.91297566, 95.12860424,   5.5
 27,  65, 29.90916884, 95.12445287,   5.5
 28,  65, 29.90538453, 95.12036247,  99.9
 29,  65, 29.90162197, 95.11633216,  99.9
 30,  65, 29.89788037, 95.11236110,  99.9
 31,  65, 29.89415895, 95.10844845,   5.6
 32,  65, 29.89045695, 95.10459340,  99.9
 33,  65, 29.88677360, 95.10079513,  99.9
 34,  65, 29.88310815, 95.09705284,   5.7
 35,  65, 29.87945982, 95.09336575,   5.7
 36,  65, 29.87582788, 95.08973307,   5.7
 37,  65, 29.87221156, 95.08615406,  99.9
 38,  65, 29.86861012, 95.08262794,  99.9
 39,  65, 29.86502281, 95.07915400,  99.9
 40,  65, 29.86144890, 95.07573148,  99.9
 41,  65, 29.85788764, 95.07235968,  99.9
 42,  65, 29.85433829, 95.06903789,  99.9
 43,  65, 29.85080011, 95.06576541,  99.9
 44,  65, 29.84727239, 95.06254154,  99.9
 45,  65, 29.84375438, 95.05936563,  99.9
 46,  65, 29.84024536, 95.05623699,  99.9
 47,  65, 29.83674460, 95.05315497,  99.9
 48,  65, 29.83325138, 95.05011893,  99.9
 49,  65, 29.82976496, 95.04712822,  99.9
 50,  65, 29.82628464, 95.04418222,  99.9
 51,  65, 29.82280968, 95.04128032,  99.9
 52,  65, 29.81933937, 95.03842189,  99.9
 53,  65, 29.81587299, 95.03560635,  99.9
 54,  65, 29.81240982, 95.03283310,  99.9
 55,  65, 29.80894914, 95.03010157,  99.9
 56,  65, 29.80549023, 95.02741117,  99.9
 57,  65, 29.80203238, 95.02476134,  99.9
 58,  65, 29.79857487, 95.02215153,  99.9
 59,  65, 29.79511698, 95.01958119,  99.9
 60,  65, 29.79165799, 95.01704979,  99.9
 61,  65, 29.78819720, 95.01455678,  99.9
 62,  65, 29.78473387, 95.01210165,  99.9
 63,  65, 29.78126729, 95.00968389,  99.9
 64,  65, 29.77779675, 95.00730298,  99.9
 65,  65, 29.77432151, 95.00495843,  99.9
 66,  65, 29.77084087, 95.00264975,  99.9
 67,  65, 29.76735409, 95.00037646,  99.9
 68,  65, 29.76386045, 94.99813806,  99.9
 69,  65, 29.76035924, 94.99593411,  99.9
 70,  65, 29.75684971, 94.99376413,  99.9
 71,  65, 29.75333115, 94.99162768,  99.9
 72,  65, 29.74980282, 94.98952430,  99.9
 73,  65, 29.74626399, 94.98745355,  99.9
 74,  65, 29.74271392, 94.98541501,   6.6
 75,  65, 29.73915188, 94.98340823,   6.6
 76,  65, 29.73557712, 94.98143281,   6.6
 77,  65, 29.73198891, 94.97948833,  99.9
 78,  65, 29.72838650, 94.97757438,  99.9
 79,  65, 29.72476914, 94.97569056,  99.9
 80,  65, 29.72113608, 94.97383648,  99.9
 81,  65, 29.71748657, 94.97201175,  99.9
 82,  65, 29.71381984, 94.97021598,  99.9
 83,  65, 29.71013513, 94.96844881,  99.9
 84,  65, 29.70643168, 94.96670986,  99.9
 85,  65, 29.70270872, 94.96499876,  99.9
 86,  65, 29.69896548, 94.96331517,   6.6
 87,  65, 29.69520117, 94.96165872,   6.6
 88,  65, 29.69141502, 94.96002907,   6.6
 89,  65, 29.68760624, 94.95842588,   6.6
 90,  65, 29.68377403, 94.95684881,   6.6
 91,  65, 29.67991760, 94.95529754,   6.6
 92,  65, 29.67603615, 94.95377173,   6.6
 93,  65, 29.67212887, 94.95227108,   6.6
 94,  65, 29.66819495, 94.95079526,   6.6
 95,  65, 29.66423357, 94.94934396,   6.6
 96,  65, 29.66024390, 94.94791689,   6.6
 97,  65, 29.65622513, 94.94651375,   6.6
 98,  65, 29.65217640, 94.94513423,   6.6
 99,  65, 29.64809689, 94.94377806,   6.6
100,  65, 29.64398573, 94.94244494,   6.6
101,  65, 29.63984209, 94.94113461,   6.6
102,  65, 29.63566509, 94.93984678,   6.6
103,  65, 29.63145386, 94.93858118,   6.6
104,  65, 29.62720754, 94.93733756,   6.6
105,  65, 29.62292523, 94.93611565,   6.6
106,  65, 29.61860605, 94.93491519,   6.6
107,  65, 29.61424910, 94.93373593,   6.6
108,  65, 29.60985347, 94.93257764,   6.6
109,  65, 29.60541825, 94.93144005,   6.6
110,  65, 29.60094251, 94.93032295,   6.6
111,  65, 29.59642533, 94.92922608,   6.6
112,  65, 29.59186576, 94.92814923,   6.6
113,  65, 29.58726286, 94.92709217,   6.6
114,  65, 29.58261567, 94.92605467,   6.6
115,  65, 29.57792322, 94.92503653,   6.6
116,  65, 29.57318454, 94.92403752,   6.6
117,  65, 29.56839863, 94.92305743,   6.6
118,  65, 29.56356451, 94.92209607,   6.6
119,  65, 29.55868117, 94.92115322,   6.6
120,  65, 29.55374760, 94.92022870,   6.6
121,  65, 29.54876276, 94.91932231,   6.6
122,  65, 29.54372561, 94.91843386,   6.6
123,  65, 29.53863512, 94.91756316,   6.6
124,  65, 29.53349023, 94.91671003,   6.6
125,  65, 29.52828985, 94.91587430,   6.6
126,  65, 29.52303291, 94.91505578,   6.6
127,  65, 29.51771832, 94.91425430,   6.6
128,  65, 29.51234497, 94.91346970,   6.6
129,  65, 29.50691174, 94.91270182,   6.6
130,  65, 29.50141751, 94.91195048,   6.6
131,  65, 29.49586112, 94.91121554,   6.6
132,  65, 29.49024142, 94.91049684,   6.6
133,  65, 29.48455725, 94.90979422,   6.7
134,  65, 29.47880742, 94.90910755,   6.7
135,  65, 29.47299073, 94.90843667,   6.7
136,  65, 29.46710597, 94.90778145,   6.8
137,  65, 29.46115192, 94.90714175,   6.8
138,  65, 29.45512734, 94.90651743,   6.8
139,  65, 29.44903098, 94.90590837,   6.8
140,  65, 29.44286157, 94.90531442,   6.8
141,  65, 29.43661781, 94.90473548,  99.9
142,  65, 29.43029843, 94.90417141,   0.6
143,  65, 29.42390209, 94.90362210,   0.6
144,  65, 29.41742747, 94.90308743,  99.9
145,  65, 29.41087322, 94.90256730,  99.9
146,  65, 29.40423798, 94.90206158,  99.9
147,  65, 29.39752036, 94.90157017,  99.9
148,  65, 29.39071897, 94.90109298,  99.9
149,  65, 29.38383239, 94.90062989,  99.9
150,  65, 29.37685919, 94.90018081,  99.9
151,  65, 29.36979792, 94.89974565,  99.9
152,  65, 29.36264711, 94.89932430,   8.1
153,  65, 29.35540527, 94.89891670,   7.8
154,  65, 29.34807089, 94.89852274,   7.8
155,  65, 29.34064245, 94.89814234,   7.8
156,  65, 29.33311840, 94.89777542,   7.8
157,  65, 29.32549717, 94.89742191,   7.8
158,  65, 29.31777719, 94.89708172,   7.8
159,  65, 29.30995683, 94.89675479,   7.8
160,  65, 29.30203448, 94.89644104,   7.8
161,  65, 29.29400848, 94.89614041,   7.8
162,  65, 29.28587717, 94.89585284,   7.8
163,  65, 29.27763886, 94.89557825,   7.8
164,  65, 29.26929182, 94.89531660,   7.8
165,  65, 29.26083432, 94.89506782,   7.9
166,  65, 29.25226460, 94.89483186,   7.9
167,  65, 29.24358088, 94.89460867,   8.1
168,  65, 29.23478135, 94.89439820,   8.3
169,  65, 29.22586418, 94.89420041,   8.4
170,  65, 29.21682751, 94.89401524,   8.4
171,  65, 29.20766946, 94.89384266,   8.4
172,  65, 29.19838813, 94.89368264,   8.3
173,  65, 29.18898159, 94.89353512,   8.2
174,  65, 29.17944787, 94.89340009,   8.2
175,  65, 29.16978499, 94.89327751,   8.1
176,  65, 29.15999094, 94.89316735,   8.0
177,  65, 29.15006369, 94.89306958,   8.0
178,  65, 29.14000116, 94.89298419,   7.9
179,  65, 29.12980126, 94.89291114,   7.8
180,  65, 29.11946188, 94.89285043,   7.7
181,  65, 29.10898085, 94.89280203,   7.7
182,  65, 29.09835600, 94.89276594,   7.6
183,  65, 29.08758511, 94.89274213,   7.5
184,  65, 29.07666594, 94.89273061,   7.4
185,  65, 29.06559623, 94.89273136,   7.3
186,  65, 29.05437366, 94.89274439,   7.2
187,  65, 29.04299590, 94.89276969,   7.1
188,  65, 29.03146059, 94.89280726,   7.1
189,  65, 29.01976532, 94.89285711,   7.0
190,  65, 29.00790765, 94.89291923,   6.9
191,  65, 28.99588513, 94.89299365,   6.8
192,  65, 28.98369525, 94.89308037,   6.7
193,  65, 28.97133546, 94.89317940,   6.6
194,  65, 28.95880320, 94.89329077,   6.5
195,  65, 28.94609587, 94.89341448,   6.4
196,  65, 28.93321081, 94.89355056,   6.3
197,  65, 28.92014534, 94.89369904,   6.2
198,  65, 28.90689675, 94.89385993,   6.1
199,  65, 28.89346228, 94.89403326,   6.0
200,  65, 28.87983913, 94.89421908,   5.9
201,  65, 28.86602446, 94.89441740,   5.8
202,  65, 28.85201541, 94.89462826,   5.7
203,  65, 28.83780906, 94.89485171,   5.6
204,  65, 28.82340244, 94.89508778,   5.5
205,  65, 28.80879256, 94.89533651,   5.4
206,  65, 28.79397639, 94.89559795,   5.3
207,  65, 28.77895083, 94.89587215,   5.2
208,  65, 28.76371277, 94.89615915,   5.0
209,  65, 28.74825902, 94.89645902,   4.9
210,  65, 28.73258638, 94.89677179,   4.8
211,  65, 28.71669158, 94.89709754,   4.7
212,  65, 28.70057132, 94.89743632,   4.6
213,  65, 28.68422224, 94.89778820,   4.5
214,  65, 28.66764093, 94.89815323,   4.4
215,  65, 28.65082396, 94.89853149,   4.2
216,  65, 28.63376781, 94.89892304,   4.1
217,  65, 28.61646894, 94.89932797,   4.0
218,  65, 28.59892375, 94.89974633,   3.9
219,  65, 28.58112859, 94.90017822,   3.8
220,  65, 28.56307976, 94.90062370,   3.6
221,  65, 28.54477350, 94.90108287,   3.5
222,  65, 28.52620600, 94.90155581,   3.4
223,  65, 28.50737340, 94.90204260,   3.3
224,  65, 28.48827178, 94.90254334,   3.1
225,  65, 28.46889716, 94.90305812,   3.0
226,  65, 28.44924552, 94.90358703,   2.9
227,  65, 28.42931277, 94.90413017,   2.7
228,  65, 28.40909476, 94.90468765,   2.6
229,  65, 28.38858728, 94.90525956,   2.5
230,  65, 28.36778607, 94.90584602,   2.3
231,  65, 28.34668680, 94.90644713,   2.2
232,  65, 28.32528509, 94.90706300,   2.1
233,  65, 28.30357647, 94.90769374,   2.0
234,  65, 28.28155643, 94.90833948,   2.0
235,  65, 28.25922040, 94.90900034,   1.9
236,  65, 28.23656372, 94.90967642,   1.9
237,  65, 28.21358169, 94.91036787,   1.9
238,  65, 28.19026953, 94.91107481,   1.9
239,  65, 28.16662238, 94.91179737,   2.0
240,  65, 28.14263532, 94.91253567,   2.0
241,  65, 28.11830338, 94.91328987,   2.0
  1,  66, 30.02309461, 95.24960193,  99.9
  2,  66, 30.01837890, 95.24365728,  99.9
  3,  66, 30.01370823, 95.23779876,  99.9
  4,  66, 30.00908164, 95.23202512,  99.9
  5,  66, 30.00449818, 95.22633515,  99.9
  6,  66, 29.99995691, 95.22072764,  99.9
  7,  66, 29.99545689, 95.21520141,  99.9
  8,  66, 29.99099719, 95.20975529,  99.9
  9,  66, 29.98657690, 95.20438813,  99.9
 10,  66, 29.98219511, 95.19909880,  99.9
 11,  66, 29.97785092, 95.19388618,  99.9
 12,  66, 29.97354342, 95.18874917,  99.9
 13,  66, 29.96927174, 95.18368668,  99.9
 14,  66, 29.96503499, 95.17869765,  99.9
 15,  66, 29.96083230, 95.17378102,  99.9
 16,  66, 29.95666280, 95.16893576,  99.9
 17,  66, 29.95252564, 95.16416085,  99.9
 18,  66, 29.94841995, 95.15945528,  99.9
 19,  66, 29.94434490, 95.15481805,  99.9
 20,  66, 29.94029964, 95.15024819,  99.9
 21,  66, 29.93628334, 95.14574473,  99.9
 22,  66, 29.93229517, 95.14130674,  99.9
 23,  66, 29.92833430, 95.13693326,  99.9
 24,  66, 29.92439992, 95.13262339,  99.9
 25,  66, 29.92049122, 95.12837621,   5.5
 26,  66, 29.91660738, 95.12419082,   5.5
 27,  66, 29.91274761, 95.12006636,  99.9
 28,  66, 29.90891110, 95.11600194,  99.9
 29,  66, 29.90509707, 95.11199672,  99.9
 30,  66, 29.90130473, 95.10804985,  99.9
 31,  66, 29.89753329, 95.10416051,   5.6
 32,  66, 29.89378197, 95.10032786,   5.7
 33,  66, 29.89005000, 95.09655111,   5.7
 34,  66, 29.88633660, 95.09282946,   5.7
 35,  66, 29.88264101, 95.08916214,  99.9
 36,  66, 29.87896247, 95.08554836,  99.9
 37,  66, 29.87530020, 95.08198737,  99.9
 38,  66, 29.87165347, 95.07847842,  99.9
 39,  66, 29.86802149, 95.07502077,  99.9
 40,  66, 29.86440354, 95.07161370,  99.9
 41,  66, 29.86079886, 95.06825649,  99.9
 42,  66, 29.85720669, 95.06494844,  99.9
 43,  66, 29.85362631, 95.06168885,  99.9
 44,  66, 29.85005696, 95.05847703,  99.9
 45,  66, 29.84649791, 95.05531232,  99.9
 46,  66, 29.84294842, 95.05219404,  99.9
 47,  66, 29.83940776, 95.04912155,  99.9
 48,  66, 29.83587518, 95.04609419,  99.9
 49,  66, 29.83234997, 95.04311133,  99.9
 50,  66, 29.82883138, 95.04017236,  99.9
 51,  66, 29.82531869, 95.03727664,  99.9
 52,  66, 29.82181118, 95.03442357,  99.9
 53,  66, 29.81830810, 95.03161256,  99.9
 54,  66, 29.81480875, 95.02884300,  99.9
 55,  66, 29.81131239, 95.02611434,  99.9
 56,  66, 29.80781829, 95.02342598,  99.9
 57,  66, 29.80432574, 95.02077737,  99.9
 58,  66, 29.80083400, 95.01816795,  99.9
 59,  66, 29.79734236, 95.01559718,  99.9
 60,  66, 29.79385008, 95.01306451,  99.9
 61,  66, 29.79035646, 95.01056941,  99.9
 62,  66, 29.78686075, 95.00811137,  99.9
 63,  66, 29.78336223, 95.00568986,  99.9
 64,  66, 29.77986018, 95.00330438,  99.9
 65,  66, 29.77635388, 95.00095443,  99.9
 66,  66, 29.77284258, 94.99863952,  99.9
 67,  66, 29.76932558, 94.99635915,  99.9
 68,  66, 29.76580212, 94.99411286,  99.9
 69,  66, 29.76227149, 94.99190018,  99.9
 70,  66, 29.75873295, 94.98972063,  99.9
 71,  66, 29.75518576, 94.98757377,  99.9
 72,  66, 29.75162920, 94.98545914,  99.9
 73,  66, 29.74806251, 94.98337630,   6.7
 74,  66, 29.74448496, 94.98132482,   6.6
 75,  66, 29.74089581, 94.97930426,  99.9
 76,  66, 29.73729430, 94.97731420,  99.9
 77,  66, 29.73367970, 94.97535423,  99.9
 78,  66, 29.73005125, 94.97342393,  99.9
 79,  66, 29.72640820, 94.97152291,  99.9
 80,  66, 29.72274979, 94.96965076,  99.9
 81,  66, 29.71907526, 94.96780709,  99.9
 82,  66, 29.71538385, 94.96599151,  99.9
 83,  66, 29.71167479, 94.96420365,  99.9
 84,  66, 29.70794730, 94.96244313,  99.9
 85,  66, 29.70420062, 94.96070959,  99.9
 86,  66, 29.70043397, 94.95900265,  99.9
 87,  66, 29.69664656, 94.95732197,   6.6
 88,  66, 29.69283760, 94.95566719,   6.6
 89,  66, 29.68900631, 94.95403796,   6.6
 90,  66, 29.68515189, 94.95243395,   6.6
 91,  66, 29.68127353, 94.95085482,   6.6
 92,  66, 29.67737043, 94.94930023,   6.6
 93,  66, 29.67344178, 94.94776987,   6.6
 94,  66, 29.66948677, 94.94626341,   6.6
 95,  66, 29.66550456, 94.94478054,   6.6
 96,  66, 29.66149433, 94.94332095,   6.6
 97,  66, 29.65745525, 94.94188433,   6.6
 98,  66, 29.65338648, 94.94047039,   6.6
 99,  66, 29.64928718, 94.93907882,   6.6
100,  66, 29.64515648, 94.93770933,   6.6
101,  66, 29.64099353, 94.93636165,   6.6
102,  66, 29.63679746, 94.93503548,   6.6
103,  66, 29.63256741, 94.93373055,   6.6
104,  66, 29.62830249, 94.93244659,   6.6
105,  66, 29.62400182, 94.93118333,   6.6
106,  66, 29.61966449, 94.92994050,   6.6
107,  66, 29.61528962, 94.92871785,   6.6
108,  66, 29.61087628, 94.92751511,   6.6
109,  66, 29.60642357, 94.92633205,   6.6
110,  66, 29.60193055, 94.92516840,   6.6
111,  66, 29.59739629, 94.92402393,   6.6
112,  66, 29.59281984, 94.92289840,   6.6
113,  66, 29.58820026, 94.92179157,   6.6
114,  66, 29.58353659, 94.92070321,   6.6
115,  66, 29.57882785, 94.91963309,   6.6
116,  66, 29.57407306, 94.91858100,   6.6
117,  66, 29.56927123, 94.91754670,   6.6
118,  66, 29.56442138, 94.91652999,   6.6
119,  66, 29.55952248, 94.91553064,   6.6
120,  66, 29.55457352, 94.91454846,   6.6
121,  66, 29.54957346, 94.91358323,   6.6
122,  66, 29.54452128, 94.91263476,   6.6
123,  66, 29.53941591, 94.91170284,   6.6
124,  66, 29.53425629, 94.91078728,   6.6
125,  66, 29.52904136, 94.90988790,   6.6
126,  66, 29.52377002, 94.90900449,   6.6
127,  66, 29.51844119, 94.90813688,   6.6
128,  66, 29.51305374, 94.90728489,   6.6
129,  66, 29.50760656, 94.90644833,   6.6
130,  66, 29.50209852, 94.90562703,   6.6
131,  66, 29.49652847, 94.90482082,   6.6
132,  66, 29.49089525, 94.90402953,   6.6
133,  66, 29.48519768, 94.90325300,   6.6
134,  66, 29.47943460, 94.90249106,   6.7
135,  66, 29.47360478, 94.90174355,   6.7
136,  66, 29.46770703, 94.90101032,   6.7
137,  66, 29.46174011, 94.90029121,   6.7
138,  66, 29.45570278, 94.89958608,   6.8
139,  66, 29.44959378, 94.89889477,   6.8
140,  66, 29.44341186, 94.89821713,   6.8
141,  66, 29.43715571, 94.89755304,   6.8
142,  66, 29.43082403, 94.89690234,  99.9
143,  66, 29.42441552, 94.89626491,  99.9
144,  66, 29.41792882, 94.89564060,  99.9
145,  66, 29.41136261, 94.89502929,  99.9
146,  66, 29.40471550, 94.89443085,  99.9
147,  66, 29.39798612, 94.89384516,  99.9
148,  66, 29.39117306, 94.89327208,  99.9
149,  66, 29.38427491, 94.89271151,  99.9
150,  66, 29.37729023, 94.89216331,   7.8
151,  66, 29.37021756, 94.89162739,   7.8
152,  66, 29.36305545, 94.89110361,   8.0
153,  66, 29.35580239, 94.89059189,   7.7
154,  66, 29.34845687, 94.89009209,   7.7
155,  66, 29.34101737, 94.88960413,   7.7
156,  66, 29.33348234, 94.88912790,   7.7
157,  66, 29.32585021, 94.88866330,   7.7
158,  66, 29.31811940, 94.88821023,   7.7
159,  66, 29.31028828, 94.88776859,   7.7
160,  66, 29.30235524, 94.88733829,   7.7
161,  66, 29.29431863, 94.88691925,   7.8
162,  66, 29.28617676, 94.88651137,   7.8
163,  66, 29.27792795, 94.88611456,   7.8
164,  66, 29.26957047, 94.88572874,   7.8
165,  66, 29.26110260, 94.88535384,   7.8
166,  66, 29.25252256, 94.88498977,   7.9
167,  66, 29.24382857, 94.88463645,   8.1
168,  66, 29.23501883, 94.88429380,   9.0
169,  66, 29.22609149, 94.88396177,   8.4
170,  66, 29.21704471, 94.88364027,   8.3
171,  66, 29.20787659, 94.88332923,   8.3
172,  66, 29.19858523, 94.88302860,   8.2
173,  66, 29.18916870, 94.88273830,   8.2
174,  66, 29.17962503, 94.88245827,   8.1
175,  66, 29.16995224, 94.88218846,   8.0
176,  66, 29.16014832, 94.88192880,   8.0
177,  66, 29.15021122, 94.88167924,   7.9
178,  66, 29.14013889, 94.88143973,   7.8
179,  66, 29.12992921, 94.88121021,   7.7
180,  66, 29.11958007, 94.88099064,   7.7
181,  66, 29.10908931, 94.88078096,   7.6
182,  66, 29.09845475, 94.88058113,   7.5
183,  66, 29.08767418, 94.88039111,   7.4
184,  66, 29.07674535, 94.88021086,   7.3
185,  66, 29.06566599, 94.88004033,   7.2
186,  66, 29.05443379, 94.87987948,   7.2
187,  66, 29.04304641, 94.87972829,   7.1
188,  66, 29.03150149, 94.87958672,   7.0
189,  66, 29.01979662, 94.87945473,   6.9
190,  66, 29.00792937, 94.87933230,   6.8
191,  66, 28.99589726, 94.87921939,   6.7
192,  66, 28.98369779, 94.87911599,   6.6
193,  66, 28.97132843, 94.87902206,   6.5
194,  66, 28.95878659, 94.87893759,   6.4
195,  66, 28.94606967, 94.87886255,   6.3
196,  66, 28.93317502, 94.87879692,   6.2
197,  66, 28.92009996, 94.87874070,   6.1
198,  66, 28.90684177, 94.87869385,   6.0
199,  66, 28.89339769, 94.87865638,   5.9
200,  66, 28.87976491, 94.87862826,   5.8
201,  66, 28.86594061, 94.87860950,   5.7
202,  66, 28.85192191, 94.87860008,   5.6
203,  66, 28.83770588, 94.87859999,   5.5
204,  66, 28.82328957, 94.87860924,   5.4
205,  66, 28.80866998, 94.87862782,   5.3
206,  66, 28.79384407, 94.87865573,   5.2
207,  66, 28.77880875, 94.87869297,   5.1
208,  66, 28.76356090, 94.87873954,   5.0
209,  66, 28.74809734, 94.87879546,   4.9
210,  66, 28.73241484, 94.87886073,   4.8
211,  66, 28.71651016, 94.87893535,   4.6
212,  66, 28.70037998, 94.87901934,   4.5
213,  66, 28.68402094, 94.87911272,   4.4
214,  66, 28.66742963, 94.87921549,   4.3
215,  66, 28.65060262, 94.87932767,   4.2
216,  66, 28.63353639, 94.87944928,   4.1
217,  66, 28.61622739, 94.87958034,   3.9
218,  66, 28.59867203, 94.87972087,   3.8
219,  66, 28.58086664, 94.87987089,   3.7
220,  66, 28.56280753, 94.88003044,   3.6
221,  66, 28.54449094, 94.88019953,   3.5
222,  66, 28.52591306, 94.88037820,   3.3
223,  66, 28.50707001, 94.88056648,   3.2
224,  66, 28.48795789, 94.88076440,   3.1
225,  66, 28.46857271, 94.88097199,   3.0
226,  66, 28.44891044, 94.88118929,   2.8
227,  66, 28.42896700, 94.88141635,   2.7
228,  66, 28.40873822, 94.88165319,   2.6
229,  66, 28.38821991, 94.88189986,   2.4
230,  66, 28.36740779, 94.88215641,   2.3
231,  66, 28.34629754, 94.88242287,   2.2
232,  66, 28.32488477, 94.88269931,   2.1
233,  66, 28.30316501, 94.88298576,   2.0
234,  66, 28.28113376, 94.88328227,   2.0
235,  66, 28.25878643, 94.88358891,   1.9
236,  66, 28.23611837, 94.88390573,   1.9
237,  66, 28.21312486, 94.88423277,   1.9
238,  66, 28.18980113, 94.88457011,   1.9
239,  66, 28.16614232, 94.88491779,   2.0
240,  66, 28.14214352, 94.88527589,   2.0
241,  66, 28.11779973, 94.88564447,   2.0
  1,  67, 30.02828243, 95.24411347,  99.9
  2,  67, 30.02349197, 95.23822202,  99.9
  3,  67, 30.01874761, 95.23241557,  99.9
  4,  67, 30.01404839, 95.22669289,  99.9
  5,  67, 30.00939335, 95.22105277,  99.9
  6,  67, 30.00478151, 95.21549402,  99.9
  7,  67, 30.00021194, 95.21001546,  99.9
  8,  67, 29.99568369, 95.20461595,  99.9
  9,  67, 29.99119583, 95.19929432,  99.9
 10,  67, 29.98674743, 95.19404947,  99.9
 11,  67, 29.98233759, 95.18888029,  99.9
 12,  67, 29.97796538, 95.18378567,  99.9
 13,  67, 29.97362992, 95.17876455,  99.9
 14,  67, 29.96933029, 95.17381587,  99.9
 15,  67, 29.96506563, 95.16893858,  99.9
 16,  67, 29.96083505, 95.16413166,  99.9
 17,  67, 29.95663767, 95.15939408,  99.9
 18,  67, 29.95247263, 95.15472486,  99.9
 19,  67, 29.94833908, 95.15012300,  99.9
 20,  67, 29.94423615, 95.14558753,  99.9
 21,  67, 29.94016300, 95.14111751,  99.9
 22,  67, 29.93611879, 95.13671198,  99.9
 23,  67, 29.93210269, 95.13237003,  99.9
 24,  67, 29.92811387, 95.12809072,  99.9
 25,  67, 29.92415149, 95.12387317,  99.9
 26,  67, 29.92021475, 95.11971649,  99.9
 27,  67, 29.91630283, 95.11561980,  99.9
 28,  67, 29.91241492, 95.11158223,  99.9
 29,  67, 29.90855022, 95.10760294,  99.9
 30,  67, 29.90470792, 95.10368109,  99.9
 31,  67, 29.90088724, 95.09981586,  99.9
 32,  67, 29.89708738, 95.09600642,  99.9
 33,  67, 29.89330757, 95.09225199,  99.9
 34,  67, 29.88954700, 95.08855177,  99.9
 35,  67, 29.88580492, 95.08490498,  99.9
 36,  67, 29.88208054, 95.08131085,  99.9
 37,  67, 29.87837309, 95.07776864,  99.9
 38,  67, 29.87468181, 95.07427759,  99.9
 39,  67, 29.87100593, 95.07083697,  99.9
 40,  67, 29.86734470, 95.06744606,  99.9
 41,  67, 29.86369734, 95.06410415,  99.9
 42,  67, 29.86006311, 95.06081053,  99.9
 43,  67, 29.85644126, 95.05756452,  99.9
 44,  67, 29.85283103, 95.05436542,  99.9
 45,  67, 29.84923168, 95.05121257,  99.9
 46,  67, 29.84564246, 95.04810531,  99.9
 47,  67, 29.84206262, 95.04504299,  99.9
 48,  67, 29.83849144, 95.04202495,  99.9
 49,  67, 29.83492815, 95.03905057,  99.9
 50,  67, 29.83137204, 95.03611923,  99.9
 51,  67, 29.82782235, 95.03323031,  99.9
 52,  67, 29.82427835, 95.03038319,  99.9
 53,  67, 29.82073932, 95.02757729,  99.9
 54,  67, 29.81720451, 95.02481202,  99.9
 55,  67, 29.81367319, 95.02208680,  99.9
 56,  67, 29.81014463, 95.01940105,  99.9
 57,  67, 29.80661810, 95.01675421,  99.9
 58,  67, 29.80309287, 95.01414573,  99.9
 59,  67, 29.79956820, 95.01157505,  99.9
 60,  67, 29.79604336, 95.00904165,  99.9
 61,  67, 29.79251762, 95.00654499,  99.9
 62,  67, 29.78899026, 95.00408455,  99.9
 63,  67, 29.78546053, 95.00165980,  99.9
 64,  67, 29.78192771, 94.99927025,  99.9
 65,  67, 29.77839106, 94.99691539,  99.9
 66,  67, 29.77484985, 94.99459473,  99.9
 67,  67, 29.77130334, 94.99230778,  99.9
 68,  67, 29.76775080, 94.99005406,  99.9
 69,  67, 29.76419149, 94.98783311,  99.9
 70,  67, 29.76062467, 94.98564445,  99.9
 71,  67, 29.75704960, 94.98348763,  99.9
 72,  67, 29.75346553, 94.98136219,   6.7
 73,  67, 29.74987173, 94.97926770,   6.7
 74,  67, 29.74626744, 94.97720371,  99.9
 75,  67, 29.74265192, 94.97516979,  99.9
 76,  67, 29.73902442, 94.97316551,  99.9
 77,  67, 29.73538418, 94.97119046,  99.9
 78,  67, 29.73173045, 94.96924422,  99.9
 79,  67, 29.72806246, 94.96732638,  99.9
 80,  67, 29.72437946, 94.96543655,  99.9
 81,  67, 29.72068068, 94.96357433,  99.9
 82,  67, 29.71696535, 94.96173932,  99.9
 83,  67, 29.71323270, 94.95993115,  99.9
 84,  67, 29.70948195, 94.95814943,  99.9
 85,  67, 29.70571233, 94.95639380,  99.9
 86,  67, 29.70192305, 94.95466388,  99.9
 87,  67, 29.69811332, 94.95295932,   6.5
 88,  67, 29.69428235, 94.95127975,   6.5
 89,  67, 29.69042934, 94.94962483,   6.5
 90,  67, 29.68655351, 94.94799421,   6.5
 91,  67, 29.68265402, 94.94638755,   6.5
 92,  67, 29.67873009, 94.94480451,   6.5
 93,  67, 29.67478089, 94.94324476,   6.5
 94,  67, 29.67080560, 94.94170798,   6.5
 95,  67, 29.66680339, 94.94019385,   6.6
 96,  67, 29.66277343, 94.93870204,   6.6
 97,  67, 29.65871489, 94.93723225,   6.6
 98,  67, 29.65462692, 94.93578417,   6.6
 99,  67, 29.65050867, 94.93435749,   6.6
100,  67, 29.64635928, 94.93295192,   6.5
101,  67, 29.64217789, 94.93156717,   6.5
102,  67, 29.63796364, 94.93020294,   6.5
103,  67, 29.63371564, 94.92885895,   6.5
104,  67, 29.62943300, 94.92753492,   6.5
105,  67, 29.62511485, 94.92623058,   6.5
106,  67, 29.62076029, 94.92494564,   6.5
107,  67, 29.61636840, 94.92367984,   6.5
108,  67, 29.61193827, 94.92243293,   6.5
109,  67, 29.60746898, 94.92120462,   6.5
110,  67, 29.60295961, 94.91999468,   6.5
111,  67, 29.59840921, 94.91880284,   6.5
112,  67, 29.59381683, 94.91762887,   6.5
113,  67, 29.58918153, 94.91647250,   6.5
114,  67, 29.58450234, 94.91533351,   6.5
115,  67, 29.57977828, 94.91421164,   6.5
116,  67, 29.57500838, 94.91310668,   6.5
117,  67, 29.57019163, 94.91201839,   6.5
118,  67, 29.56532704, 94.91094653,   6.5
119,  67, 29.56041359, 94.90989090,   6.5
120,  67, 29.55545027, 94.90885126,   6.5
121,  67, 29.55043604, 94.90782740,   6.5
122,  67, 29.54536986, 94.90681910,   6.5
123,  67, 29.54025067, 94.90582616,   6.5
124,  67, 29.53507741, 94.90484837,   6.5
125,  67, 29.52984900, 94.90388552,   6.5
126,  67, 29.52456435, 94.90293741,   6.5
127,  67, 29.51922237, 94.90200385,   6.5
128,  67, 29.51382194, 94.90108463,   6.5
129,  67, 29.50836194, 94.90017958,   6.5
130,  67, 29.50284123, 94.89928849,   6.5
131,  67, 29.49725867, 94.89841118,   6.6
132,  67, 29.49161308, 94.89754747,   6.6
133,  67, 29.48590331, 94.89669718,   6.6
134,  67, 29.48012816, 94.89586013,   6.6
135,  67, 29.47428642, 94.89503615,   6.7
136,  67, 29.46837689, 94.89422507,   6.7
137,  67, 29.46239833, 94.89342670,   6.7
138,  67, 29.45634950, 94.89264090,   6.7
139,  67, 29.45022914, 94.89186749,   6.8
140,  67, 29.44403598, 94.89110631,   6.8
141,  67, 29.43776872, 94.89035720,   6.8
142,  67, 29.43142607, 94.88962001,   6.9
143,  67, 29.42500670, 94.88889459,   7.0
144,  67, 29.41850928, 94.88818077,   7.1
145,  67, 29.41193245, 94.88747842,   7.2
146,  67, 29.40527485, 94.88678739,   7.3
147,  67, 29.39853509, 94.88610752,   7.4
148,  67, 29.39171177, 94.88543869,   7.5
149,  67, 29.38480347, 94.88478074,   7.6
150,  67, 29.37780875, 94.88413355,   7.7
151,  67, 29.37072615, 94.88349697,   7.7
152,  67, 29.36355421, 94.88287088,  99.9
153,  67, 29.35629142, 94.88225514,   7.6
154,  67, 29.34893629, 94.88164962,   7.6
155,  67, 29.34148726, 94.88105420,   7.6
156,  67, 29.33394281, 94.88046876,   7.7
157,  67, 29.32630135, 94.87989317,   7.7
158,  67, 29.31856130, 94.87932730,   7.7
159,  67, 29.31072104, 94.87877105,   7.7
160,  67, 29.30277895, 94.87822430,   7.7
161,  67, 29.29473336, 94.87768692,   7.7
162,  67, 29.28658262, 94.87715882,   7.7
163,  67, 29.27832501, 94.87663988,   7.7
164,  67, 29.26995882, 94.87612998,   7.7
165,  67, 29.26148232, 94.87562903,   7.7
166,  67, 29.25289373, 94.87513692,   7.9
167,  67, 29.24419126, 94.87465354,   8.2
168,  67, 29.23537312, 94.87417880,   8.3
169,  67, 29.22643745, 94.87371259,   8.3
170,  67, 29.21738241, 94.87325482,   8.3
171,  67, 29.20820611, 94.87280540,   8.2
172,  67, 29.19890663, 94.87236422,   8.2
173,  67, 29.18948205, 94.87193119,   8.1
174,  67, 29.17993040, 94.87150623,   8.0
175,  67, 29.17024969, 94.87108925,   8.0
176,  67, 29.16043791, 94.87068015,   7.9
177,  67, 29.15049301, 94.87027886,   7.8
178,  67, 29.14041293, 94.86988528,   7.7
179,  67, 29.13019557, 94.86949934,   7.7
180,  67, 29.11983881, 94.86912095,   7.6
181,  67, 29.10934047, 94.86875004,   7.5
182,  67, 29.09869839, 94.86838652,   7.4
183,  67, 29.08791035, 94.86803033,   7.3
184,  67, 29.07697410, 94.86768138,   7.2
185,  67, 29.06588736, 94.86733960,   7.2
186,  67, 29.05464783, 94.86700493,   7.1
187,  67, 29.04325318, 94.86667728,   7.0
188,  67, 29.03170101, 94.86635659,   6.9
189,  67, 29.01998894, 94.86604280,   6.8
190,  67, 29.00811453, 94.86573584,   6.7
191,  67, 28.99607530, 94.86543563,   6.6
192,  67, 28.98386875, 94.86514213,   6.5
193,  67, 28.97149234, 94.86485526,   6.5
194,  67, 28.95894349, 94.86457497,   6.4
195,  67, 28.94621960, 94.86430120,   6.3
196,  67, 28.93331800, 94.86403388,   6.2
197,  67, 28.92023602, 94.86377297,   6.1
198,  67, 28.90697094, 94.86351841,   6.0
199,  67, 28.89352000, 94.86327014,   5.8
200,  67, 28.87988039, 94.86302810,   5.7
201,  67, 28.86604927, 94.86279226,   5.6
202,  67, 28.85202378, 94.86256256,   5.5
203,  67, 28.83780099, 94.86233895,   5.4
204,  67, 28.82337793, 94.86212137,   5.3
205,  67, 28.80875162, 94.86190980,   5.2
206,  67, 28.79391900, 94.86170417,   5.1
207,  67, 28.77887699, 94.86150445,   5.0
208,  67, 28.76362245, 94.86131059,   4.9
209,  67, 28.74815222, 94.86112256,   4.8
210,  67, 28.73246308, 94.86094031,   4.7
211,  67, 28.71655175, 94.86076379,   4.6
212,  67, 28.70041493, 94.86059298,   4.5
213,  67, 28.68404927, 94.86042784,   4.3
214,  67, 28.66745135, 94.86026833,   4.2
215,  67, 28.65061772, 94.86011441,   4.1
216,  67, 28.63354488, 94.85996606,   4.0
217,  67, 28.61622928, 94.85982323,   3.9
218,  67, 28.59866731, 94.85968591,   3.8
219,  67, 28.58085532, 94.85955405,   3.7
220,  67, 28.56278961, 94.85942763,   3.5
221,  67, 28.54446641, 94.85930662,   3.4
222,  67, 28.52588191, 94.85919099,   3.3
223,  67, 28.50703225, 94.85908072,   3.2
224,  67, 28.48791350, 94.85897578,   3.1
225,  67, 28.46852169, 94.85887616,   2.9
226,  67, 28.44885278, 94.85878181,   2.8
227,  67, 28.42890269, 94.85869273,   2.7
228,  67, 28.40866725, 94.85860890,   2.5
229,  67, 28.38814226, 94.85853028,   2.4
230,  67, 28.36732345, 94.85845687,   2.3
231,  67, 28.34620650, 94.85838865,   2.1
232,  67, 28.32478700, 94.85832560,   2.1
233,  67, 28.30306050, 94.85826770,   2.0
234,  67, 28.28102249, 94.85821494,   2.0
235,  67, 28.25866837, 94.85816731,   1.9
236,  67, 28.23599350, 94.85812479,   1.9
237,  67, 28.21299317, 94.85808738,   1.9
238,  67, 28.18966258, 94.85805505,   1.9
239,  67, 28.16599690, 94.85802781,   2.0
240,  67, 28.14199118, 94.85800564,   2.0
241,  67, 28.11764046, 94.85798853,   2.0
  1,  68, 30.03342265, 95.23853877,  99.9
  2,  68, 30.02855842, 95.23270176,  99.9
  3,  68, 30.02374137, 95.22694861,  99.9
  4,  68, 30.01897050, 95.22127809,  99.9
  5,  68, 30.01424484, 95.21568902,  99.9
  6,  68, 30.00956340, 95.21018021,  99.9
  7,  68, 30.00492523, 95.20475048,  99.9
  8,  68, 30.00032937, 95.19939871,  99.9
  9,  68, 29.99577487, 95.19412375,  99.9
 10,  68, 29.99126080, 95.18892448,  99.9
 11,  68, 29.98678622, 95.18379982,  99.9
 12,  68, 29.98235022, 95.17874868,  99.9
 13,  68, 29.97795187, 95.17376999,  99.9
 14,  68, 29.97359027, 95.16886270,  99.9
 15,  68, 29.96926452, 95.16402578,  99.9
 16,  68, 29.96497373, 95.15925820,  99.9
 17,  68, 29.96071701, 95.15455896,  99.9
 18,  68, 29.95649349, 95.14992707,  99.9
 19,  68, 29.95230229, 95.14536155,  99.9
 20,  68, 29.94814254, 95.14086144,  99.9
 21,  68, 29.94401340, 95.13642579,  99.9
 22,  68, 29.93991400, 95.13205366,  99.9
 23,  68, 29.93584350, 95.12774414,  99.9
 24,  68, 29.93180106, 95.12349631,  99.9
 25,  68, 29.92778584, 95.11930928,  99.9
 26,  68, 29.92379702, 95.11518217,  99.9
 27,  68, 29.91983376, 95.11111411,  99.9
 28,  68, 29.91589525, 95.10710424,  99.9
 29,  68, 29.91198068, 95.10315172,  99.9
 30,  68, 29.90808924, 95.09925572,  99.9
 31,  68, 29.90422011, 95.09541541,  99.9
 32,  68, 29.90037251, 95.09162999,  99.9
 33,  68, 29.89654563, 95.08789866,  99.9
 34,  68, 29.89273868, 95.08422064,  99.9
 35,  68, 29.88895088, 95.08059516,  99.9
 36,  68, 29.88518144, 95.07702144,  99.9
 37,  68, 29.88142958, 95.07349875,  99.9
 38,  68, 29.87769453, 95.07002633,  99.9
 39,  68, 29.87397551, 95.06660347,  99.9
 40,  68, 29.87027175, 95.06322943,  99.9
 41,  68, 29.86658248, 95.05990352,  99.9
 42,  68, 29.86290694, 95.05662503,  99.9
 43,  68, 29.85924437, 95.05339327,  99.9
 44,  68, 29.85559401, 95.05020756,  99.9
 45,  68, 29.85195511, 95.04706724,  99.9
 46,  68, 29.84832690, 95.04397165,  99.9
 47,  68, 29.84470865, 95.04092014,  99.9
 48,  68, 29.84109959, 95.03791206,  99.9
 49,  68, 29.83749897, 95.03494678,  99.9
 50,  68, 29.83390607, 95.03202369,  99.9
 51,  68, 29.83032012, 95.02914216,  99.9
 52,  68, 29.82674039, 95.02630160,  99.9
 53,  68, 29.82316612, 95.02350141,  99.9
 54,  68, 29.81959659, 95.02074100,  99.9
 55,  68, 29.81603106, 95.01801979,  99.9
 56,  68, 29.81246877, 95.01533721,  99.9
 57,  68, 29.80890899, 95.01269269,  99.9
 58,  68, 29.80535099, 95.01008570,  99.9
 59,  68, 29.80179403, 95.00751566,  99.9
 60,  68, 29.79823736, 95.00498206,  99.9
 61,  68, 29.79468025, 95.00248436,  99.9
 62,  68, 29.79112196, 95.00002202,  99.9
 63,  68, 29.78756176, 94.99759455,  99.9
 64,  68, 29.78399890, 94.99520143,  99.9
 65,  68, 29.78043264, 94.99284215,  99.9
 66,  68, 29.77686225, 94.99051623,  99.9
 67,  68, 29.77328698, 94.98822317,  99.9
 68,  68, 29.76970609, 94.98596250,  99.9
 69,  68, 29.76611884, 94.98373374,  99.9
 70,  68, 29.76252448, 94.98153643,  99.9
 71,  68, 29.75892226, 94.97937010,  99.9
 72,  68, 29.75531144, 94.97723430,  99.9
 73,  68, 29.75169127, 94.97512859,  99.9
 74,  68, 29.74806100, 94.97305253,  99.9
 75,  68, 29.74441986, 94.97100567,  99.9
 76,  68, 29.74076711, 94.96898759,  99.9
 77,  68, 29.73710199, 94.96699788,  99.9
 78,  68, 29.73342373, 94.96503610,  99.9
 79,  68, 29.72973157, 94.96310186,  99.9
 80,  68, 29.72602474, 94.96119474,  99.9
 81,  68, 29.72230248, 94.95931435,  99.9
 82,  68, 29.71856400, 94.95746030,  99.9
 83,  68, 29.71480854, 94.95563219,  99.9
 84,  68, 29.71103531, 94.95382965,  99.9
 85,  68, 29.70724352, 94.95205230,  99.9
 86,  68, 29.70343240, 94.95029976,  99.9
 87,  68, 29.69960114, 94.94857167,   6.5
 88,  68, 29.69574896, 94.94686767,   6.5
 89,  68, 29.69187504, 94.94518740,   6.5
 90,  68, 29.68797859, 94.94353051,   6.5
 91,  68, 29.68405880, 94.94189666,   6.5
 92,  68, 29.68011484, 94.94028550,   6.5
 93,  68, 29.67614591, 94.93869669,   6.5
 94,  68, 29.67215117, 94.93712991,   6.5
 95,  68, 29.66812979, 94.93558483,   6.5
 96,  68, 29.66408094, 94.93406111,   6.5
 97,  68, 29.66000378, 94.93255846,   6.5
 98,  68, 29.65589745, 94.93107654,   6.5
 99,  68, 29.65176111, 94.92961506,   6.5
100,  68, 29.64759389, 94.92817370,   6.5
101,  68, 29.64339493, 94.92675217,   6.5
102,  68, 29.63916336, 94.92535017,   6.5
103,  68, 29.63489829, 94.92396740,   6.5
104,  68, 29.63059884, 94.92260358,   6.5
105,  68, 29.62626411, 94.92125842,   6.5
106,  68, 29.62189320, 94.91993164,   6.5
107,  68, 29.61748520, 94.91862296,   6.5
108,  68, 29.61303920, 94.91733212,   6.5
109,  68, 29.60855427, 94.91605884,   6.5
110,  68, 29.60402948, 94.91480285,   6.5
111,  68, 29.59946388, 94.91356390,   6.5
112,  68, 29.59485653, 94.91234172,   6.5
113,  68, 29.59020647, 94.91113606,   6.5
114,  68, 29.58551273, 94.90994667,   6.5
115,  68, 29.58077433, 94.90877330,   6.5
116,  68, 29.57599029, 94.90761570,   6.5
117,  68, 29.57115962, 94.90647364,   6.5
118,  68, 29.56628130, 94.90534687,   6.5
119,  68, 29.56135433, 94.90423516,   6.5
120,  68, 29.55637768, 94.90313828,   6.5
121,  68, 29.55135031, 94.90205600,   6.5
122,  68, 29.54627118, 94.90098809,   6.5
123,  68, 29.54113923, 94.89993433,   6.5
124,  68, 29.53595339, 94.89889451,   6.5
125,  68, 29.53071258, 94.89786840,   6.5
126,  68, 29.52541572, 94.89685579,   6.5
127,  68, 29.52006170, 94.89585646,   6.5
128,  68, 29.51464940, 94.89487022,   6.5
129,  68, 29.50917771, 94.89389686,   6.5
130,  68, 29.50364548, 94.89293616,   6.5
131,  68, 29.49805156, 94.89198794,   6.5
132,  68, 29.49239479, 94.89105199,   6.6
133,  68, 29.48667398, 94.89012813,   6.6
134,  68, 29.48088796, 94.88921615,   6.6
135,  68, 29.47503552, 94.88831586,   6.6
136,  68, 29.46911543, 94.88742709,   6.7
137,  68, 29.46312646, 94.88654963,   6.7
138,  68, 29.45706738, 94.88568332,   6.7
139,  68, 29.45093692, 94.88482798,   6.7
140,  68, 29.44473380, 94.88398341,   6.8
141,  68, 29.43845673, 94.88314945,   6.8
142,  68, 29.43210441, 94.88232592,   6.9
143,  68, 29.42567551, 94.88151266,   7.0
144,  68, 29.41916870, 94.88070949,   7.1
145,  68, 29.41258262, 94.87991624,   7.1
146,  68, 29.40591590, 94.87913275,   7.2
147,  68, 29.39916716, 94.87835886,   7.3
148,  68, 29.39233499, 94.87759440,   7.4
149,  68, 29.38541796, 94.87683923,   7.5
150,  68, 29.37841464, 94.87609317,   7.5
151,  68, 29.37132358, 94.87535607,  99.9
152,  68, 29.36414329, 94.87462779,  99.9
153,  68, 29.35687228, 94.87390817,   7.6
154,  68, 29.34950903, 94.87319705,   7.6
155,  68, 29.34205203, 94.87249430,   7.6
156,  68, 29.33449970, 94.87179976,   7.6
157,  68, 29.32685049, 94.87111330,   7.6
158,  68, 29.31910280, 94.87043476,   7.6
159,  68, 29.31125501, 94.86976402,   7.6
160,  68, 29.30330550, 94.86910092,   7.6
161,  68, 29.29525261, 94.86844533,   7.6
162,  68, 29.28709467, 94.86779712,   7.6
163,  68, 29.27882996, 94.86715614,   7.6
164,  68, 29.27045679, 94.86652227,   7.6
165,  68, 29.26197339, 94.86589538,   7.7
166,  68, 29.25337802, 94.86527533,   7.7
167,  68, 29.24466887, 94.86466200,   8.3
168,  68, 29.23584414, 94.86405526,   8.3
169,  68, 29.22690199, 94.86345498,   8.3
170,  68, 29.21784056, 94.86286104,   8.2
171,  68, 29.20865795, 94.86227332,   8.2
172,  68, 29.19935228, 94.86169169,   8.1
173,  68, 29.18992158, 94.86111603,   8.0
174,  68, 29.18036391, 94.86054622,   8.0
175,  68, 29.17067727, 94.85998215,   7.9
176,  68, 29.16085964, 94.85942370,   7.8
177,  68, 29.15090899, 94.85887075,   7.7
178,  68, 29.14082324, 94.85832320,   7.7
179,  68, 29.13060030, 94.85778091,   7.6
180,  68, 29.12023803, 94.85724379,   7.5
181,  68, 29.10973428, 94.85671172,   7.4
182,  68, 29.09908686, 94.85618459,   7.3
183,  68, 29.08829357, 94.85566230,   7.2
184,  68, 29.07735214, 94.85514473,   7.2
185,  68, 29.06626030, 94.85463178,   7.1
186,  68, 29.05501575, 94.85412334,   7.0
187,  68, 29.04361614, 94.85361931,   6.9
188,  68, 29.03205911, 94.85311958,   6.8
189,  68, 29.02034225, 94.85262404,   6.7
190,  68, 29.00846311, 94.85213261,   6.7
191,  68, 28.99641923, 94.85164517,   6.6
192,  68, 28.98420810, 94.85116163,   6.5
193,  68, 28.97182717, 94.85068189,   6.4
194,  68, 28.95927388, 94.85020584,   6.3
195,  68, 28.94654561, 94.84973339,   6.2
196,  68, 28.93363971, 94.84926444,   6.1
197,  68, 28.92055349, 94.84879890,   6.0
198,  68, 28.90728423, 94.84833667,   5.9
199,  68, 28.89382918, 94.84787765,   5.8
200,  68, 28.88018552, 94.84742176,   5.7
201,  68, 28.86635042, 94.84696889,   5.6
202,  68, 28.85232101, 94.84651895,   5.5
203,  68, 28.83809435, 94.84607186,   5.4
204,  68, 28.82366750, 94.84562751,   5.3
205,  68, 28.80903744, 94.84518583,   5.2
206,  68, 28.79420114, 94.84474671,   5.1
207,  68, 28.77915551, 94.84431007,   5.0
208,  68, 28.76389741, 94.84387582,   4.9
209,  68, 28.74842367, 94.84344388,   4.7
210,  68, 28.73273107, 94.84301414,   4.6
211,  68, 28.71681634, 94.84258653,   4.5
212,  68, 28.70067618, 94.84216096,   4.4
213,  68, 28.68430723, 94.84173733,   4.3
214,  68, 28.66770607, 94.84131558,   4.2
215,  68, 28.65086926, 94.84089560,   4.1
216,  68, 28.63379328, 94.84047731,   4.0
217,  68, 28.61647460, 94.84006063,   3.9
218,  68, 28.59890960, 94.83964548,   3.7
219,  68, 28.58109463, 94.83923177,   3.6
220,  68, 28.56302598, 94.83881941,   3.5
221,  68, 28.54469990, 94.83840832,   3.4
222,  68, 28.52611256, 94.83799842,   3.3
223,  68, 28.50726011, 94.83758963,   3.1
224,  68, 28.48813862, 94.83718186,   3.0
225,  68, 28.46874412, 94.83677503,   2.9
226,  68, 28.44907256, 94.83636907,   2.8
227,  68, 28.42911985, 94.83596388,   2.6
228,  68, 28.40888185, 94.83555938,   2.5
229,  68, 28.38835435, 94.83515550,   2.4
230,  68, 28.36753307, 94.83475215,   2.2
231,  68, 28.34641368, 94.83434926,   2.1
232,  68, 28.32499179, 94.83394674,   2.0
233,  68, 28.30326295, 94.83354451,   2.0
234,  68, 28.28122263, 94.83314249,   2.0
235,  68, 28.25886625, 94.83274060,   1.9
236,  68, 28.23618916, 94.83233876,   1.9
237,  68, 28.21318664, 94.83193689,   1.9
238,  68, 28.18985391, 94.83153492,   1.9
239,  68, 28.16618612, 94.83113275,   2.0
240,  68, 28.14217834, 94.83073032,   2.0
241,  68, 28.11782558, 94.83032753,   2.0
  1,  69, 30.03851418, 95.23287898,  99.9
  2,  69, 30.03357721, 95.22709765,  99.9
  3,  69, 30.02868846, 95.22139901,  99.9
  4,  69, 30.02384694, 95.21578186,  99.9
  5,  69, 30.01905164, 95.21024502,  99.9
  6,  69, 30.01430158, 95.20478730,  99.9
  7,  69, 30.00959578, 95.19940756,  99.9
  8,  69, 30.00493326, 95.19410466,  99.9
  9,  69, 30.00031308, 95.18887747,  99.9
 10,  69, 29.99573426, 95.18372489,  99.9
 11,  69, 29.99119589, 95.17864584,  99.9
 12,  69, 29.98669700, 95.17363924,  99.9
 13,  69, 29.98223669, 95.16870403,  99.9
 14,  69, 29.97781402, 95.16383917,  99.9
 15,  69, 29.97342808, 95.15904363,  99.9
 16,  69, 29.96907798, 95.15431641,  99.9
 17,  69, 29.96476281, 95.14965650,  99.9
 18,  69, 29.96048168, 95.14506292,  99.9
 19,  69, 29.95623371, 95.14053470,  99.9
 20,  69, 29.95201802, 95.13607089,  99.9
 21,  69, 29.94783373, 95.13167055,  99.9
 22,  69, 29.94368000, 95.12733274,  99.9
 23,  69, 29.93955595, 95.12305656,  99.9
 24,  69, 29.93546073, 95.11884110,  99.9
 25,  69, 29.93139351, 95.11468547,  99.9
 26,  69, 29.92735343, 95.11058880,  99.9
 27,  69, 29.92333966, 95.10655023,  99.9
 28,  69, 29.91935138, 95.10256890,  99.9
 29,  69, 29.91538775, 95.09864398,  99.9
 30,  69, 29.91144797, 95.09477465,  99.9
 31,  69, 29.90753120, 95.09096007,  99.9
 32,  69, 29.90363665, 95.08719947,  99.9
 33,  69, 29.89976351, 95.08349203,  99.9
 34,  69, 29.89591097, 95.07983699,  99.9
 35,  69, 29.89207824, 95.07623357,  99.9
 36,  69, 29.88826452, 95.07268101,  99.9
 37,  69, 29.88446903, 95.06917858,  99.9
 38,  69, 29.88069098, 95.06572553,  99.9
 39,  69, 29.87692959, 95.06232113,  99.9
 40,  69, 29.87318408, 95.05896468,  99.9
 41,  69, 29.86945367, 95.05565546,  99.9
 42,  69, 29.86573758, 95.05239279,  99.9
 43,  69, 29.86203506, 95.04917596,  99.9
 44,  69, 29.85834533, 95.04600432,  99.9
 45,  69, 29.85466763, 95.04287719,  99.9
 46,  69, 29.85100120, 95.03979392,  99.9
 47,  69, 29.84734527, 95.03675385,  99.9
 48,  69, 29.84369909, 95.03375636,  99.9
 49,  69, 29.84006190, 95.03080081,  99.9
 50,  69, 29.83643295, 95.02788658,  99.9
 51,  69, 29.83281148, 95.02501306,  99.9
 52,  69, 29.82919675, 95.02217965,  99.9
 53,  69, 29.82558801, 95.01938575,  99.9
 54,  69, 29.82198450, 95.01663077,  99.9
 55,  69, 29.81838548, 95.01391414,  99.9
 56,  69, 29.81479021, 95.01123530,  99.9
 57,  69, 29.81119793, 95.00859367,  99.9
 58,  69, 29.80760790, 95.00598870,  99.9
 59,  69, 29.80401938, 95.00341985,  99.9
 60,  69, 29.80043162, 95.00088657,  99.9
 61,  69, 29.79684388, 94.99838835,  99.9
 62,  69, 29.79325541, 94.99592465,  99.9
 63,  69, 29.78966547, 94.99349495,  99.9
 64,  69, 29.78607331, 94.99109876,  99.9
 65,  69, 29.78247819, 94.98873556,  99.9
 66,  69, 29.77887936, 94.98640486,  99.9
 67,  69, 29.77527607, 94.98410618,  99.9
 68,  69, 29.77166757, 94.98183902,  99.9
 69,  69, 29.76805312, 94.97960293,  99.9
 70,  69, 29.76443197, 94.97739742,  99.9
 71,  69, 29.76080336, 94.97522204,  99.9
 72,  69, 29.75716654, 94.97307633,  99.9
 73,  69, 29.75352075, 94.97095985,  99.9
 74,  69, 29.74986524, 94.96887214,  99.9
 75,  69, 29.74619925, 94.96681277,  99.9
 76,  69, 29.74252201, 94.96478132,  99.9
 77,  69, 29.73883276, 94.96277735,  99.9
 78,  69, 29.73513074, 94.96080045,  99.9
 79,  69, 29.73141517, 94.95885020,  99.9
 80,  69, 29.72768529, 94.95692620,  99.9
 81,  69, 29.72394032, 94.95502805,  99.9
 82,  69, 29.72017947, 94.95315533,  99.9
 83,  69, 29.71640198, 94.95130768,  99.9
 84,  69, 29.71260705, 94.94948469,  99.9
 85,  69, 29.70879389, 94.94768598,  99.9
 86,  69, 29.70496172, 94.94591119,  99.9
 87,  69, 29.70110973, 94.94415994,   6.5
 88,  69, 29.69723713, 94.94243186,   6.5
 89,  69, 29.69334310, 94.94072659,   6.5
 90,  69, 29.68942685, 94.93904378,   6.5
 91,  69, 29.68548756, 94.93738308,   6.5
 92,  69, 29.68152440, 94.93574413,   6.5
 93,  69, 29.67753655, 94.93412660,   6.5
 94,  69, 29.67352319, 94.93253014,   6.5
 95,  69, 29.66948348, 94.93095443,   6.5
 96,  69, 29.66541657, 94.92939913,   6.5
 97,  69, 29.66132163, 94.92786393,   6.5
 98,  69, 29.65719781, 94.92634849,   6.5
 99,  69, 29.65304424, 94.92485250,   6.5
100,  69, 29.64886006, 94.92337566,   6.5
101,  69, 29.64464440, 94.92191764,   6.5
102,  69, 29.64039638, 94.92047816,   6.5
103,  69, 29.63611513, 94.91905690,   6.5
104,  69, 29.63179974, 94.91765357,   6.5
105,  69, 29.62744933, 94.91626788,   6.5
106,  69, 29.62306299, 94.91489953,   6.5
107,  69, 29.61863980, 94.91354825,   6.5
108,  69, 29.61417885, 94.91221376,   6.5
109,  69, 29.60967920, 94.91089576,   6.5
110,  69, 29.60513993, 94.90959399,   6.5
111,  69, 29.60056008, 94.90830818,   6.5
112,  69, 29.59593871, 94.90703805,   6.5
113,  69, 29.59127485, 94.90578335,   6.5
114,  69, 29.58656753, 94.90454381,   6.5
115,  69, 29.58181578, 94.90331917,   6.5
116,  69, 29.57701861, 94.90210918,   6.5
117,  69, 29.57217501, 94.90091359,   6.5
118,  69, 29.56728398, 94.89973214,   6.5
119,  69, 29.56234450, 94.89856459,   6.5
120,  69, 29.55735554, 94.89741070,   6.5
121,  69, 29.55231608, 94.89627022,   6.5
122,  69, 29.54722505, 94.89514293,   6.5
123,  69, 29.54208139, 94.89402858,   6.5
124,  69, 29.53688405, 94.89292693,   6.5
125,  69, 29.53163193, 94.89183778,   6.5
126,  69, 29.52632395, 94.89076087,   6.5
127,  69, 29.52095900, 94.88969600,   6.5
128,  69, 29.51553596, 94.88864294,   6.5
129,  69, 29.51005371, 94.88760147,   6.5
130,  69, 29.50451110, 94.88657137,   6.5
131,  69, 29.49890698, 94.88555243,   6.5
132,  69, 29.49324019, 94.88454444,   6.5
133,  69, 29.48750954, 94.88354718,   6.5
134,  69, 29.48171384, 94.88256046,   6.6
135,  69, 29.47585189, 94.88158406,   6.6
136,  69, 29.46992247, 94.88061778,   6.6
137,  69, 29.46392435, 94.87966143,   6.7
138,  69, 29.45785626, 94.87871479,   6.7
139,  69, 29.45171697, 94.87777768,   6.7
140,  69, 29.44550517, 94.87684990,   6.8
141,  69, 29.43921959, 94.87593126,   6.8
142,  69, 29.43285891, 94.87502157,   6.9
143,  69, 29.42642181, 94.87412064,   6.9
144,  69, 29.41990696, 94.87322827,   7.0
145,  69, 29.41331299, 94.87234429,   7.1
146,  69, 29.40663853, 94.87146852,   7.1
147,  69, 29.39988219, 94.87060076,   7.2
148,  69, 29.39304258, 94.86974084,   7.3
149,  69, 29.38611826, 94.86888859,   7.4
150,  69, 29.37910779, 94.86804382,   7.4
151,  69, 29.37200972, 94.86720636,  99.9
152,  69, 29.36482256, 94.86637604,   7.5
153,  69, 29.35754482, 94.86555268,   7.5
154,  69, 29.35017500, 94.86473612,   7.5
155,  69, 29.34271154, 94.86392618,   7.5
156,  69, 29.33515291, 94.86312270,   7.5
157,  69, 29.32749752, 94.86232551,   7.5
158,  69, 29.31974378, 94.86153444,   7.5
159,  69, 29.31189009, 94.86074933,   7.5
160,  69, 29.30393480, 94.85997003,   7.6
161,  69, 29.29587626, 94.85919636,   7.6
162,  69, 29.28771279, 94.85842817,   7.5
163,  69, 29.27944270, 94.85766530,   7.5
164,  69, 29.27106426, 94.85690759,   7.5
165,  69, 29.26257573, 94.85615489,   7.6
166,  69, 29.25397534, 94.85540703,   7.6
167,  69, 29.24526130, 94.85466388,   8.3
168,  69, 29.23643180, 94.85392526,   8.3
169,  69, 29.22748500, 94.85319103,   8.2
170,  69, 29.21841904, 94.85246104,   8.2
171,  69, 29.20923203, 94.85173514,   8.1
172,  69, 29.19992206, 94.85101318,   8.0
173,  69, 29.19048719, 94.85029501,   8.0
174,  69, 29.18092547, 94.84958048,   7.9
175,  69, 29.17123489, 94.84886944,   7.8
176,  69, 29.16141344, 94.84816175,   7.7
177,  69, 29.15145908, 94.84745726,   7.7
178,  69, 29.14136973, 94.84675584,   7.6
179,  69, 29.13114330, 94.84605732,   7.5
180,  69, 29.12077766, 94.84536158,   7.4
181,  69, 29.11027065, 94.84466846,   7.3
182,  69, 29.09962008, 94.84397783,   7.3
183,  69, 29.08882374, 94.84328955,   7.2
184,  69, 29.07787938, 94.84260346,   7.1
185,  69, 29.06678472, 94.84191944,   7.0
186,  69, 29.05553746, 94.84123734,   6.9
187,  69, 29.04413524, 94.84055703,   6.9
188,  69, 29.03257571, 94.83987836,   6.8
189,  69, 29.02085645, 94.83920119,   6.7
190,  69, 29.00897502, 94.83852539,   6.6
191,  69, 28.99692896, 94.83785082,   6.5
192,  69, 28.98471574, 94.83717734,   6.4
193,  69, 28.97233285, 94.83650482,   6.3
194,  69, 28.95977768, 94.83583311,   6.2
195,  69, 28.94704764, 94.83516208,   6.1
196,  69, 28.93414008, 94.83449160,   6.0
197,  69, 28.92105230, 94.83382152,   5.9
198,  69, 28.90778158, 94.83315172,   5.8
199,  69, 28.89432517, 94.83248205,   5.7
200,  69, 28.88068025, 94.83181238,   5.6
201,  69, 28.86684400, 94.83114258,   5.5
202,  69, 28.85281353, 94.83047250,   5.4
203,  69, 28.83858592, 94.82980202,   5.3
204,  69, 28.82415821, 94.82913099,   5.2
205,  69, 28.80952740, 94.82845929,   5.1
206,  69, 28.79469045, 94.82778677,   5.0
207,  69, 28.77964426, 94.82711330,   4.9
208,  69, 28.76438571, 94.82643875,   4.8
209,  69, 28.74891161, 94.82576298,   4.7
210,  69, 28.73321876, 94.82508585,   4.6
211,  69, 28.71730388, 94.82440723,   4.5
212,  69, 28.70116367, 94.82372698,   4.3
213,  69, 28.68479476, 94.82304496,   4.2
214,  69, 28.66819374, 94.82236105,   4.1
215,  69, 28.65135717, 94.82167509,   4.0
216,  69, 28.63428154, 94.82098696,   3.9
217,  69, 28.61696330, 94.82029651,   3.8
218,  69, 28.59939884, 94.81960361,   3.7
219,  69, 28.58158451, 94.81890813,   3.6
220,  69, 28.56351660, 94.81820991,   3.5
221,  69, 28.54519136, 94.81750883,   3.3
222,  69, 28.52660496, 94.81680475,   3.2
223,  69, 28.50775355, 94.81609752,   3.1
224,  69, 28.48863320, 94.81538700,   3.0
225,  69, 28.46923993, 94.81467305,   2.8
226,  69, 28.44956971, 94.81395554,   2.7
227,  69, 28.42961845, 94.81323432,   2.6
228,  69, 28.40938199, 94.81250925,   2.5
229,  69, 28.38885613, 94.81178019,   2.3
230,  69, 28.36803659, 94.81104698,   2.2
231,  69, 28.34691905, 94.81030950,   2.1
232,  69, 28.32549911, 94.80956759,   2.0
233,  69, 28.30377231, 94.80882110,   2.0
234,  69, 28.28173414, 94.80806990,   2.0
235,  69, 28.25938002, 94.80731384,   1.9
236,  69, 28.23670528, 94.80655276,   1.9
237,  69, 28.21370523, 94.80578652,   1.9
238,  69, 28.19037506, 94.80501497,   1.9
239,  69, 28.16670994, 94.80423796,   2.0
240,  69, 28.14270494, 94.80345534,   2.0
241,  69, 28.11835506, 94.80266696,   2.0
  1,  70, 30.04355595, 95.22713527,  99.9
  2,  70, 30.03854726, 95.22141084,  99.9
  3,  70, 30.03358784, 95.21576793,  99.9
  4,  70, 30.02867667, 95.21020534,  99.9
  5,  70, 30.02381274, 95.20472189,  99.9
  6,  70, 30.01899504, 95.19931643,  99.9
  7,  70, 30.01422259, 95.19398780,  99.9
  8,  70, 30.00949439, 95.18873489,  99.9
  9,  70, 30.00480948, 95.18355658,  99.9
 10,  70, 30.00016688, 95.17845178,  99.9
 11,  70, 29.99556565, 95.17341941,  99.9
 12,  70, 29.99100483, 95.16845841,  99.9
 13,  70, 29.98648347, 95.16356772,  99.9
 14,  70, 29.98200066, 95.15874632,  99.9
 15,  70, 29.97755545, 95.15399318,  99.9
 16,  70, 29.97314694, 95.14930731,  99.9
 17,  70, 29.96877421, 95.14468771,  99.9
 18,  70, 29.96443637, 95.14013341,  99.9
 19,  70, 29.96013251, 95.13564345,  99.9
 20,  70, 29.95586175, 95.13121688,  99.9
 21,  70, 29.95162320, 95.12685277,  99.9
 22,  70, 29.94741599, 95.12255020,  99.9
 23,  70, 29.94323925, 95.11830826,  99.9
 24,  70, 29.93909211, 95.11412605,  99.9
 25,  70, 29.93497372, 95.11000270,  99.9
 26,  70, 29.93088323, 95.10593734,  99.9
 27,  70, 29.92681979, 95.10192911,  99.9
 28,  70, 29.92278256, 95.09797716,  99.9
 29,  70, 29.91877071, 95.09408067,  99.9
 30,  70, 29.91478340, 95.09023881,  99.9
 31,  70, 29.91081981, 95.08645078,  99.9
 32,  70, 29.90687913, 95.08271577,  99.9
 33,  70, 29.90296052, 95.07903301,  99.9
 34,  70, 29.89906320, 95.07540171,  99.9
 35,  70, 29.89518633, 95.07182111,  99.9
 36,  70, 29.89132914, 95.06829047,  99.9
 37,  70, 29.88749081, 95.06480903,  99.9
 38,  70, 29.88367055, 95.06137607,  99.9
 39,  70, 29.87986757, 95.05799086,  99.9
 40,  70, 29.87608108, 95.05465269,  99.9
 41,  70, 29.87231030, 95.05136087,  99.9
 42,  70, 29.86855445, 95.04811469,  99.9
 43,  70, 29.86481274, 95.04491348,  99.9
 44,  70, 29.86108441, 95.04175657,  99.9
 45,  70, 29.85736868, 95.03864328,  99.9
 46,  70, 29.85366478, 95.03557298,  99.9
 47,  70, 29.84997194, 95.03254500,  99.9
 48,  70, 29.84628939, 95.02955872,  99.9
 49,  70, 29.84261638, 95.02661352,  99.9
 50,  70, 29.83895214, 95.02370876,  99.9
 51,  70, 29.83529592, 95.02084385,  99.9
 52,  70, 29.83164694, 95.01801818,  99.9
 53,  70, 29.82800447, 95.01523116,  99.9
 54,  70, 29.82436773, 95.01248220,  99.9
 55,  70, 29.82073598, 95.00977073,  99.9
 56,  70, 29.81710847, 95.00709617,  99.9
 57,  70, 29.81348443, 95.00445798,  99.9
 58,  70, 29.80986312, 95.00185558,  99.9
 59,  70, 29.80624379, 94.99928845,  99.9
 60,  70, 29.80262569, 94.99675604,  99.9
 61,  70, 29.79900806, 94.99425782,  99.9
 62,  70, 29.79539015, 94.99179326,  99.9
 63,  70, 29.79177122, 94.98936186,  99.9
 64,  70, 29.78815051, 94.98696310,  99.9
 65,  70, 29.78452727, 94.98459647,  99.9
 66,  70, 29.78090075, 94.98226148,  99.9
 67,  70, 29.77727019, 94.97995765,  99.9
 68,  70, 29.77363484, 94.97768449,  99.9
 69,  70, 29.76999395, 94.97544153,  99.9
 70,  70, 29.76634675, 94.97322829,  99.9
 71,  70, 29.76269250, 94.97104431,  99.9
 72,  70, 29.75903043, 94.96888914,  99.9
 73,  70, 29.75535979, 94.96676232,  99.9
 74,  70, 29.75167980, 94.96466341,  99.9
 75,  70, 29.74798971, 94.96259197,  99.9
 76,  70, 29.74428875, 94.96054756,  99.9
 77,  70, 29.74057614, 94.95852976,  99.9
 78,  70, 29.73685113, 94.95653815,  99.9
 79,  70, 29.73311293, 94.95457231,  99.9
 80,  70, 29.72936077, 94.95263182,  99.9
 81,  70, 29.72559386, 94.95071629,  99.9
 82,  70, 29.72181143, 94.94882531,  99.9
 83,  70, 29.71801269, 94.94695849,   6.4
 84,  70, 29.71419684, 94.94511543,   6.4
 85,  70, 29.71036311, 94.94329576,  99.9
 86,  70, 29.70651068, 94.94149908,  99.9
 87,  70, 29.70263876, 94.93972503,   6.4
 88,  70, 29.69874654, 94.93797324,  99.9
 89,  70, 29.69483322, 94.93624333,  99.9
 90,  70, 29.69089798, 94.93453495,  99.9
 91,  70, 29.68694000, 94.93284774,  99.9
 92,  70, 29.68295846, 94.93118135,   6.5
 93,  70, 29.67895253, 94.92953543,   6.5
 94,  70, 29.67492138, 94.92790963,   6.5
 95,  70, 29.67086417, 94.92630362,  99.9
 96,  70, 29.66678006, 94.92471706,   6.5
 97,  70, 29.66266819, 94.92314963,   6.5
 98,  70, 29.65852772, 94.92160098,   6.5
 99,  70, 29.65435778, 94.92007080,   6.5
100,  70, 29.65015750, 94.91855878,   6.5
101,  70, 29.64592602, 94.91706459,   6.5
102,  70, 29.64166244, 94.91558792,   6.5
103,  70, 29.63736589, 94.91412847,   6.5
104,  70, 29.63303547, 94.91268592,   6.5
105,  70, 29.62867028, 94.91125999,   6.5
106,  70, 29.62426941, 94.90985037,   6.5
107,  70, 29.61983195, 94.90845676,   6.5
108,  70, 29.61535697, 94.90707889,   6.5
109,  70, 29.61084354, 94.90571645,   6.5
110,  70, 29.60629073, 94.90436917,   6.5
111,  70, 29.60169758, 94.90303677,   6.5
112,  70, 29.59706315, 94.90171896,   6.5
113,  70, 29.59238646, 94.90041548,   6.5
114,  70, 29.58766654, 94.89912605,   6.5
115,  70, 29.58290242, 94.89785040,   6.5
116,  70, 29.57809309, 94.89658827,   6.5
117,  70, 29.57323757, 94.89533939,   6.5
118,  70, 29.56833484, 94.89410351,   6.5
119,  70, 29.56338388, 94.89288037,   6.5
120,  70, 29.55838366, 94.89166971,   6.5
121,  70, 29.55333313, 94.89047127,   6.5
122,  70, 29.54823126, 94.88928482,   6.5
123,  70, 29.54307698, 94.88811011,   6.5
124,  70, 29.53786920, 94.88694688,   6.5
125,  70, 29.53260687, 94.88579490,   6.5
126,  70, 29.52728886, 94.88465393,   6.5
127,  70, 29.52191409, 94.88352373,   6.5
128,  70, 29.51648143, 94.88240406,   6.5
129,  70, 29.51098975, 94.88129470,   6.5
130,  70, 29.50543791, 94.88019541,   6.5
131,  70, 29.49982475, 94.87910597,   6.5
132,  70, 29.49414911, 94.87802614,   6.5
133,  70, 29.48840980, 94.87695571,   6.5
134,  70, 29.48260563, 94.87589445,   6.5
135,  70, 29.47673539, 94.87484214,   6.6
136,  70, 29.47079786, 94.87379856,   6.6
137,  70, 29.46479181, 94.87276350,   6.6
138,  70, 29.45871598, 94.87173673,   6.7
139,  70, 29.45256912, 94.87071806,   6.7
140,  70, 29.44634993, 94.86970726,   6.8
141,  70, 29.44005714, 94.86870413,   6.8
142,  70, 29.43368942, 94.86770846,   6.9
143,  70, 29.42724545, 94.86672004,   6.9
144,  70, 29.42072390, 94.86573867,   7.0
145,  70, 29.41412339, 94.86476415,   7.0
146,  70, 29.40744257, 94.86379626,   7.1
147,  70, 29.40068004, 94.86283482,   7.2
148,  70, 29.39383440, 94.86187962,   7.2
149,  70, 29.38690421, 94.86093047,   7.3
150,  70, 29.37988804, 94.85998717,   7.4
151,  70, 29.37278442, 94.85904952,   7.4
152,  70, 29.36559188, 94.85811733,   7.4
153,  70, 29.35830892, 94.85719041,   7.4
154,  70, 29.35093403, 94.85626856,   7.4
155,  70, 29.34346567, 94.85535161,   7.5
156,  70, 29.33590228, 94.85443934,   7.5
157,  70, 29.32824230, 94.85353159,   7.5
158,  70, 29.32048412, 94.85262815,   7.5
159,  70, 29.31262613, 94.85172885,   7.5
160,  70, 29.30466670, 94.85083350,   7.5
161,  70, 29.29660418, 94.84994191,   7.5
162,  70, 29.28843687, 94.84905391,   7.5
163,  70, 29.28016309, 94.84816930,   7.5
164,  70, 29.27178111, 94.84728791,   7.5
165,  70, 29.26328919, 94.84640955,   7.5
166,  70, 29.25468555, 94.84553404,   8.3
167,  70, 29.24596842, 94.84466121,   8.3
168,  70, 29.23713597, 94.84379087,   8.2
169,  70, 29.22818636, 94.84292285,   8.2
170,  70, 29.21911774, 94.84205696,   8.1
171,  70, 29.20992821, 94.84119303,   8.0
172,  70, 29.20061587, 94.84033089,   8.0
173,  70, 29.19117877, 94.83947035,   7.9
174,  70, 29.18161495, 94.83861123,   7.8
175,  70, 29.17192243, 94.83775338,   7.8
176,  70, 29.16209917, 94.83689659,   7.7
177,  70, 29.15214315, 94.83604072,   7.6
178,  70, 29.14205228, 94.83518556,   7.5
179,  70, 29.13182447, 94.83433096,   7.4
180,  70, 29.12145758, 94.83347674,   7.4
181,  70, 29.11094947, 94.83262272,   7.3
182,  70, 29.10029794, 94.83176873,   7.2
183,  70, 29.08950077, 94.83091459,   7.1
184,  70, 29.07855573, 94.83006013,   7.0
185,  70, 29.06746052, 94.82920518,   7.0
186,  70, 29.05621285, 94.82834957,   6.9
187,  70, 29.04481036, 94.82749311,   6.8
188,  70, 29.03325070, 94.82663563,   6.7
189,  70, 29.02153145, 94.82577697,   6.6
190,  70, 29.00965016, 94.82491694,   6.5
191,  70, 28.99760438, 94.82405538,   6.4
192,  70, 28.98539159, 94.82319210,   6.3
193,  70, 28.97300926, 94.82232693,   6.2
194,  70, 28.96045479, 94.82145970,   6.1
195,  70, 28.94772559, 94.82059023,   6.0
196,  70, 28.93481900, 94.81971834,   6.0
197,  70, 28.92173234, 94.81884387,   5.9
198,  70, 28.90846288, 94.81796663,   5.8
199,  70, 28.89500785, 94.81708645,   5.7
200,  70, 28.88136447, 94.81620314,   5.6
201,  70, 28.86752989, 94.81531654,   5.5
202,  70, 28.85350124, 94.81442646,   5.4
203,  70, 28.83927558, 94.81353272,   5.3
204,  70, 28.82484997, 94.81263515,   5.2
205,  70, 28.81022139, 94.81173356,   5.1
206,  70, 28.79538681, 94.81082778,   5.0
207,  70, 28.78034314, 94.80991762,   4.9
208,  70, 28.76508725, 94.80900290,   4.7
209,  70, 28.74961596, 94.80808344,   4.6
210,  70, 28.73392606, 94.80715905,   4.5
211,  70, 28.71801427, 94.80622956,   4.4
212,  70, 28.70187729, 94.80529477,   4.3
213,  70, 28.68551175, 94.80435449,   4.2
214,  70, 28.66891426, 94.80340855,   4.1
215,  70, 28.65208137, 94.80245676,   4.0
216,  70, 28.63500955, 94.80149891,   3.9
217,  70, 28.61769528, 94.80053484,   3.8
218,  70, 28.60013493, 94.79956434,   3.7
219,  70, 28.58232486, 94.79858722,   3.5
220,  70, 28.56426137, 94.79760329,   3.4
221,  70, 28.54594069, 94.79661235,   3.3
222,  70, 28.52735901, 94.79561422,   3.2
223,  70, 28.50851246, 94.79460869,   3.1
224,  70, 28.48939713, 94.79359556,   2.9
225,  70, 28.47000904, 94.79257464,   2.8
226,  70, 28.45034415, 94.79154573,   2.7
227,  70, 28.43039837, 94.79050862,   2.6
228,  70, 28.41016755, 94.78946312,   2.4
229,  70, 28.38964749, 94.78840901,   2.3
230,  70, 28.36883392, 94.78734609,   2.2
231,  70, 28.34772249, 94.78627416,   2.1
232,  70, 28.32630883, 94.78519301,   2.0
233,  70, 28.30458848, 94.78410242,   2.0
234,  70, 28.28255692, 94.78300218,   2.0
235,  70, 28.26020957, 94.78189209,   1.9
236,  70, 28.23754178, 94.78077192,   1.9
237,  70, 28.21454883, 94.77964145,   1.9
238,  70, 28.19122594, 94.77850048,   1.9
239,  70, 28.16756827, 94.77734878,   2.0
240,  70, 28.14357088, 94.77618613,   2.0
241,  70, 28.11922880, 94.77501231,   2.0
  1,  71, 30.04854691, 95.22130884,  99.9
  2,  71, 30.04346755, 95.21564252,  99.9
  3,  71, 30.03843849, 95.21005653,  99.9
  4,  71, 30.03345870, 95.20454967,  99.9
  5,  71, 30.02852714, 95.19912078,  99.9
  6,  71, 30.02364281, 95.19376871,  99.9
  7,  71, 30.01880470, 95.18849234,  99.9
  8,  71, 30.01401181, 95.18329053,  99.9
  9,  71, 30.00926314, 95.17816219,  99.9
 10,  71, 30.00455773, 95.17310625,  99.9
 11,  71, 29.99989460, 95.16812162,  99.9
 12,  71, 29.99527278, 95.16320726,  99.9
 13,  71, 29.99069134, 95.15836213,  99.9
 14,  71, 29.98614930, 95.15358520,  99.9
 15,  71, 29.98164575, 95.14887547,  99.9
 16,  71, 29.97717976, 95.14423193,  99.9
 17,  71, 29.97275039, 95.13965362,  99.9
 18,  71, 29.96835673, 95.13513956,  99.9
 19,  71, 29.96399788, 95.13068881,  99.9
 20,  71, 29.95967293, 95.12630041,  99.9
 21,  71, 29.95538100, 95.12197346,  99.9
 22,  71, 29.95112119, 95.11770703,  99.9
 23,  71, 29.94689263, 95.11350022,  99.9
 24,  71, 29.94269444, 95.10935215,  99.9
 25,  71, 29.93852574, 95.10526195,  99.9
 26,  71, 29.93438569, 95.10122875,  99.9
 27,  71, 29.93027343, 95.09725170,  99.9
 28,  71, 29.92618809, 95.09332997,  99.9
 29,  71, 29.92212884, 95.08946272,  99.9
 30,  71, 29.91809484, 95.08564915,  99.9
 31,  71, 29.91408526, 95.08188845,  99.9
 32,  71, 29.91009925, 95.07817984,  99.9
 33,  71, 29.90613601, 95.07452252,  99.9
 34,  71, 29.90219470, 95.07091573,  99.9
 35,  71, 29.89827452, 95.06735871,  99.9
 36,  71, 29.89437464, 95.06385072,  99.9
 37,  71, 29.89049427, 95.06039101,  99.9
 38,  71, 29.88663260, 95.05697886,  99.9
 39,  71, 29.88278882, 95.05361355,  99.9
 40,  71, 29.87896215, 95.05029437,  99.9
 41,  71, 29.87515178, 95.04702063,  99.9
 42,  71, 29.87135694, 95.04379163,  99.9
 43,  71, 29.86757683, 95.04060671,  99.9
 44,  71, 29.86381067, 95.03746518,  99.9
 45,  71, 29.86005768, 95.03436640,  99.9
 46,  71, 29.85631708, 95.03130970,  99.9
 47,  71, 29.85258810, 95.02829445,  99.9
 48,  71, 29.84886996, 95.02532002,  99.9
 49,  71, 29.84516189, 95.02238577,  99.9
 50,  71, 29.84146313, 95.01949110,  99.9
 51,  71, 29.83777290, 95.01663540,  99.9
 52,  71, 29.83409044, 95.01381806,  99.9
 53,  71, 29.83041499, 95.01103850,  99.9
 54,  71, 29.82674578, 95.00829614,  99.9
 55,  71, 29.82308206, 95.00559039,  99.9
 56,  71, 29.81942306, 95.00292069,  99.9
 57,  71, 29.81576802, 95.00028648,  99.9
 58,  71, 29.81211619, 94.99768721,  99.9
 59,  71, 29.80846680, 94.99512234,  99.9
 60,  71, 29.80481910, 94.99259132,  99.9
 61,  71, 29.80117234, 94.99009362,  99.9
 62,  71, 29.79752575, 94.98762873,  99.9
 63,  71, 29.79387858, 94.98519613,  99.9
 64,  71, 29.79023006, 94.98279529,  99.9
 65,  71, 29.78657946, 94.98042574,  99.9
 66,  71, 29.78292600, 94.97808696,  99.9
 67,  71, 29.77926892, 94.97577846,  99.9
 68,  71, 29.77560748, 94.97349977,  99.9
 69,  71, 29.77194089, 94.97125041,  99.9
 70,  71, 29.76826842, 94.96902990,  99.9
 71,  71, 29.76458929, 94.96683778,  99.9
 72,  71, 29.76090273, 94.96467359,  99.9
 73,  71, 29.75720799, 94.96253688,  99.9
 74,  71, 29.75350430, 94.96042721,  99.9
 75,  71, 29.74979087, 94.95834412,  99.9
 76,  71, 29.74606696, 94.95628719,  99.9
 77,  71, 29.74233177, 94.95425599,  99.9
 78,  71, 29.73858453, 94.95225008,  99.9
 79,  71, 29.73482448, 94.95026905,  99.9
 80,  71, 29.73105081, 94.94831249,  99.9
 81,  71, 29.72726276, 94.94637999,  99.9
 82,  71, 29.72345952, 94.94447113,   6.4
 83,  71, 29.71964032, 94.94258554,   6.4
 84,  71, 29.71580436, 94.94072280,   6.4
 85,  71, 29.71195084, 94.93888253,  99.9
 86,  71, 29.70807895, 94.93706435,   6.4
 87,  71, 29.70418791, 94.93526787,   6.4
 88,  71, 29.70027688, 94.93349273,  99.9
 89,  71, 29.69634507, 94.93173854,  99.9
 90,  71, 29.69239166, 94.93000495,  99.9
 91,  71, 29.68841582, 94.92829159,  99.9
 92,  71, 29.68441672, 94.92659810,   6.4
 93,  71, 29.68039354, 94.92492413,   6.4
 94,  71, 29.67634544, 94.92326933,  99.9
 95,  71, 29.67227158, 94.92163336,  99.9
 96,  71, 29.66817111, 94.92001587,  99.9
 97,  71, 29.66404317, 94.91841653,  99.9
 98,  71, 29.65988691, 94.91683500,  99.9
 99,  71, 29.65570147, 94.91527096,   6.5
100,  71, 29.65148596, 94.91372407,   6.5
101,  71, 29.64723953, 94.91219401,   6.4
102,  71, 29.64296128, 94.91068047,   6.4
103,  71, 29.63865033, 94.90918312,   6.4
104,  71, 29.63430577, 94.90770167,   6.4
105,  71, 29.62992670, 94.90623579,   6.4
106,  71, 29.62551222, 94.90478518,   6.4
107,  71, 29.62106140, 94.90334955,   6.4
108,  71, 29.61657332, 94.90192858,   6.4
109,  71, 29.61204705, 94.90052199,   6.4
110,  71, 29.60748164, 94.89912948,   6.4
111,  71, 29.60287614, 94.89775076,   6.4
112,  71, 29.59822960, 94.89638555,   6.4
113,  71, 29.59354105, 94.89503356,   6.4
114,  71, 29.58880952, 94.89369451,   6.4
115,  71, 29.58403401, 94.89236811,   6.4
116,  71, 29.57921354, 94.89105411,   6.4
117,  71, 29.57434710, 94.88975221,   6.4
118,  71, 29.56943368, 94.88846215,   6.4
119,  71, 29.56447226, 94.88718366,   6.4
120,  71, 29.55946180, 94.88591648,   6.4
121,  71, 29.55440127, 94.88466034,   6.5
122,  71, 29.54928961, 94.88341498,   6.5
123,  71, 29.54412576, 94.88218015,   6.5
124,  71, 29.53890864, 94.88095558,   6.5
125,  71, 29.53363717, 94.87974102,   6.5
126,  71, 29.52831025, 94.87853621,   6.5
127,  71, 29.52292677, 94.87734092,   6.5
128,  71, 29.51748561, 94.87615489,   6.5
129,  71, 29.51198564, 94.87497787,   6.5
130,  71, 29.50642571, 94.87380962,   6.5
131,  71, 29.50080467, 94.87264989,   6.5
132,  71, 29.49512136, 94.87149846,   6.5
133,  71, 29.48937457, 94.87035507,   6.5
134,  71, 29.48356313, 94.86921949,   6.5
135,  71, 29.47768582, 94.86809148,   6.5
136,  71, 29.47174141, 94.86697082,   6.6
137,  71, 29.46572868, 94.86585726,   6.6
138,  71, 29.45964636, 94.86475059,   6.7
139,  71, 29.45349320, 94.86365056,   6.7
140,  71, 29.44726791, 94.86255695,   6.7
141,  71, 29.44096920, 94.86146954,   6.8
142,  71, 29.43459575, 94.86038810,   6.8
143,  71, 29.42814625, 94.85931240,   6.9
144,  71, 29.42161934, 94.85824223,   6.9
145,  71, 29.41501367, 94.85717736,   7.0
146,  71, 29.40832787, 94.85611757,   7.1
147,  71, 29.40156054, 94.85506264,   7.1
148,  71, 29.39471028, 94.85401236,   7.2
149,  71, 29.38777565, 94.85296650,   7.2
150,  71, 29.38075523, 94.85192486,   7.3
151,  71, 29.37364753, 94.85088721,   7.3
152,  71, 29.36645110, 94.84985335,   7.4
153,  71, 29.35916442, 94.84882306,   7.4
154,  71, 29.35178598, 94.84779612,   7.4
155,  71, 29.34431425, 94.84677233,   7.4
156,  71, 29.33674767, 94.84575148,   7.4
157,  71, 29.32908467, 94.84473335,   7.4
158,  71, 29.32132364, 94.84371773,   7.4
159,  71, 29.31346299, 94.84270442,   7.4
160,  71, 29.30550106, 94.84169321,   7.4
161,  71, 29.29743621, 94.84068389,   7.4
162,  71, 29.28926675, 94.83967625,   7.4
163,  71, 29.28099099, 94.83867008,   7.4
164,  71, 29.27260720, 94.83766518,   7.4
165,  71, 29.26411363, 94.83666135,   7.4
166,  71, 29.25550852, 94.83565837,   8.2
167,  71, 29.24679009, 94.83465604,   8.2
168,  71, 29.23795650, 94.83365416,   8.2
169,  71, 29.22900593, 94.83265252,   8.1
170,  71, 29.21993651, 94.83165091,   8.0
171,  71, 29.21074636, 94.83064914,   8.0
172,  71, 29.20143356, 94.82964699,   7.9
173,  71, 29.19199617, 94.82864426,   7.8
174,  71, 29.18243223, 94.82764074,   7.8
175,  71, 29.17273975, 94.82663624,   7.7
176,  71, 29.16291671, 94.82563054,   7.6
177,  71, 29.15296107, 94.82462344,   7.5
178,  71, 29.14287075, 94.82361474,   7.5
179,  71, 29.13264365, 94.82260422,   7.4
180,  71, 29.12227766, 94.82159170,   7.3
181,  71, 29.11177060, 94.82057694,   7.2
182,  71, 29.10112029, 94.81955977,   7.1
183,  71, 29.09032451, 94.81853995,   7.1
184,  71, 29.07938103, 94.81751730,   7.0
185,  71, 29.06828755, 94.81649159,   6.9
186,  71, 29.05704178, 94.81546263,   6.8
187,  71, 29.04564137, 94.81443020,   6.7
188,  71, 29.03408394, 94.81339410,   6.6
189,  71, 29.02236710, 94.81235411,   6.6
190,  71, 29.01048840, 94.81131003,   6.5
191,  71, 28.99844537, 94.81026164,   6.4
192,  71, 28.98623550, 94.80920874,   6.3
193,  71, 28.97385626, 94.80815110,   6.2
194,  71, 28.96130507, 94.80708852,   6.1
195,  71, 28.94857931, 94.80602079,   6.0
196,  71, 28.93567634, 94.80494768,   5.9
197,  71, 28.92259347, 94.80386899,   5.8
198,  71, 28.90932798, 94.80278449,   5.7
199,  71, 28.89587710, 94.80169396,   5.6
200,  71, 28.88223805, 94.80059720,   5.5
201,  71, 28.86840797, 94.79949398,   5.4
202,  71, 28.85438399, 94.79838407,   5.3
203,  71, 28.84016319, 94.79726726,   5.2
204,  71, 28.82574262, 94.79614332,   5.1
205,  71, 28.81111927, 94.79501203,   5.0
206,  71, 28.79629010, 94.79387317,   4.9
207,  71, 28.78125201, 94.79272650,   4.8
208,  71, 28.76600189, 94.79157179,   4.7
209,  71, 28.75053656, 94.79040883,   4.6
210,  71, 28.73485280, 94.78923737,   4.5
211,  71, 28.71894735, 94.78805718,   4.4
212,  71, 28.70281689, 94.78686804,   4.3
213,  71, 28.68645807, 94.78566969,   4.2
214,  71, 28.66986749, 94.78446192,   4.0
215,  71, 28.65304169, 94.78324447,   3.9
216,  71, 28.63597717, 94.78201711,   3.8
217,  71, 28.61867038, 94.78077959,   3.7
218,  71, 28.60111772, 94.77953168,   3.6
219,  71, 28.58331554, 94.77827312,   3.5
220,  71, 28.56526013, 94.77700367,   3.4
221,  71, 28.54694773, 94.77572307,   3.3
222,  71, 28.52837454, 94.77443108,   3.1
223,  71, 28.50953669, 94.77312745,   3.0
224,  71, 28.49043026, 94.77181192,   2.9
225,  71, 28.47105128, 94.77048422,   2.8
226,  71, 28.45139571, 94.76914411,   2.7
227,  71, 28.43145946, 94.76779132,   2.5
228,  71, 28.41123839, 94.76642558,   2.4
229,  71, 28.39072828, 94.76504664,   2.3
230,  71, 28.36992488, 94.76365422,   2.2
231,  71, 28.34882386, 94.76224805,   2.1
232,  71, 28.32742081, 94.76082786,   2.0
233,  71, 28.30571130, 94.75939338,   2.0
234,  71, 28.28369081, 94.75794432,   2.0
235,  71, 28.26135475, 94.75648041,   1.9
236,  71, 28.23869847, 94.75500136,   1.9
237,  71, 28.21571728, 94.75350690,   1.9
238,  71, 28.19240638, 94.75199673,   1.9
239,  71, 28.16876092, 94.75047056,   2.0
240,  71, 28.14477600, 94.74892810,   2.0
241,  71, 28.12044661, 94.74736905,   2.0
  1,  72, 30.05348601, 95.21540089,  99.9
  2,  72, 30.04833703, 95.20979389,  99.9
  3,  72, 30.04323938, 95.20426600,  99.9
  4,  72, 30.03819200, 95.19881604,  99.9
  5,  72, 30.03319385, 95.19344285,  99.9
  6,  72, 30.02824391, 95.18814532,  99.9
  7,  72, 30.02334114, 95.18292230,  99.9
  8,  72, 30.01848455, 95.17777269,  99.9
  9,  72, 30.01367313, 95.17269542,  99.9
 10,  72, 30.00890588, 95.16768940,  99.9
 11,  72, 30.00418182, 95.16275357,  99.9
 12,  72, 29.99949998, 95.15788689,  99.9
 13,  72, 29.99485939, 95.15308834,  99.9
 14,  72, 29.99025909, 95.14835689,  99.9
 15,  72, 29.98569813, 95.14369155,  99.9
 16,  72, 29.98117558, 95.13909134,  99.9
 17,  72, 29.97669049, 95.13455528,  99.9
 18,  72, 29.97224193, 95.13008242,  99.9
 19,  72, 29.96782900, 95.12567180,  99.9
 20,  72, 29.96345078, 95.12132251,  99.9
 21,  72, 29.95910635, 95.11703362,  99.9
 22,  72, 29.95479483, 95.11280423,  99.9
 23,  72, 29.95051533, 95.10863345,  99.9
 24,  72, 29.94626695, 95.10452039,  99.9
 25,  72, 29.94204883, 95.10046420,  99.9
 26,  72, 29.93786008, 95.09646401,  99.9
 27,  72, 29.93369984, 95.09251898,  99.9
 28,  72, 29.92956725, 95.08862829,  99.9
 29,  72, 29.92546145, 95.08479110,  99.9
 30,  72, 29.92138160, 95.08100662,  99.9
 31,  72, 29.91732685, 95.07727405,  99.9
 32,  72, 29.91329636, 95.07359260,  99.9
 33,  72, 29.90928930, 95.06996150,  99.9
 34,  72, 29.90530483, 95.06637998,  99.9
 35,  72, 29.90134214, 95.06284729,  99.9
 36,  72, 29.89740040, 95.05936268,  99.9
 37,  72, 29.89347879, 95.05592543,  99.9
 38,  72, 29.88957651, 95.05253481,  99.9
 39,  72, 29.88569273, 95.04919010,  99.9
 40,  72, 29.88182667, 95.04589061,  99.9
 41,  72, 29.87797752, 95.04263564,  99.9
 42,  72, 29.87414448, 95.03942451,  99.9
 43,  72, 29.87032675, 95.03625654,  99.9
 44,  72, 29.86652355, 95.03313106,  99.9
 45,  72, 29.86273408, 95.03004742,  99.9
 46,  72, 29.85895756, 95.02700498,  99.9
 47,  72, 29.85519321, 95.02400309,  99.9
 48,  72, 29.85144025, 95.02104112,  99.9
 49,  72, 29.84769790, 95.01811846,  99.9
 50,  72, 29.84396538, 95.01523448,  99.9
 51,  72, 29.84024192, 95.01238858,  99.9
 52,  72, 29.83652674, 95.00958017,  99.9
 53,  72, 29.83281908, 95.00680866,  99.9
 54,  72, 29.82911816, 95.00407346,  99.9
 55,  72, 29.82542322, 95.00137400,  99.9
 56,  72, 29.82173350, 94.99870972,  99.9
 57,  72, 29.81804821, 94.99608005,  99.9
 58,  72, 29.81436661, 94.99348445,  99.9
 59,  72, 29.81068793, 94.99092237,  99.9
 60,  72, 29.80701140, 94.98839327,  99.9
 61,  72, 29.80333626, 94.98589663,  99.9
 62,  72, 29.79966174, 94.98343192,  99.9
 63,  72, 29.79598709, 94.98099862,  99.9
 64,  72, 29.79231154, 94.97859622,  99.9
 65,  72, 29.78863432, 94.97622423,  99.9
 66,  72, 29.78495468, 94.97388214,  99.9
 67,  72, 29.78127186, 94.97156947,  99.9
 68,  72, 29.77758507, 94.96928572,  99.9
 69,  72, 29.77389356, 94.96703043,  99.9
 70,  72, 29.77019657, 94.96480312,  99.9
 71,  72, 29.76649332, 94.96260332,  99.9
 72,  72, 29.76278305, 94.96043057,  99.9
 73,  72, 29.75906498, 94.95828442,  99.9
 74,  72, 29.75533834, 94.95616442,  99.9
 75,  72, 29.75160236, 94.95407013,  99.9
 76,  72, 29.74785626, 94.95200110,  99.9
 77,  72, 29.74409927, 94.94995691,  99.9
 78,  72, 29.74033059, 94.94793713,  99.9
 79,  72, 29.73654946, 94.94594133,  99.9
 80,  72, 29.73275507, 94.94396910,  99.9
 81,  72, 29.72894666, 94.94202003,   6.4
 82,  72, 29.72512341, 94.94009370,   6.4
 83,  72, 29.72128455, 94.93818973,  99.9
 84,  72, 29.71742926, 94.93630770,   6.4
 85,  72, 29.71355675, 94.93444722,   6.4
 86,  72, 29.70966622, 94.93260791,   6.4
 87,  72, 29.70575685, 94.93078938,   6.4
 88,  72, 29.70182783, 94.92899126,   6.4
 89,  72, 29.69787835, 94.92721316,   6.4
 90,  72, 29.69390759, 94.92545471,  99.9
 91,  72, 29.68991471, 94.92371556,  99.9
 92,  72, 29.68589889, 94.92199533,   6.4
 93,  72, 29.68185930, 94.92029366,   6.4
 94,  72, 29.67779508, 94.91861021,  99.9
 95,  72, 29.67370541, 94.91694462,  99.9
 96,  72, 29.66958943, 94.91529654,  99.9
 97,  72, 29.66544627, 94.91366563,  99.9
 98,  72, 29.66127509, 94.91205154,  99.9
 99,  72, 29.65707501, 94.91045395,  99.9
100,  72, 29.65284516, 94.90887252,   6.4
101,  72, 29.64858466, 94.90730692,   6.4
102,  72, 29.64429262, 94.90575682,   6.4
103,  72, 29.63996815, 94.90422190,   6.4
104,  72, 29.63561036, 94.90270184,   6.4
105,  72, 29.63121833, 94.90119632,   6.4
106,  72, 29.62679115, 94.89970503,   6.4
107,  72, 29.62232790, 94.89822766,   6.4
108,  72, 29.61782765, 94.89676390,   6.4
109,  72, 29.61328947, 94.89531345,   6.4
110,  72, 29.60871241, 94.89387600,   6.4
111,  72, 29.60409552, 94.89245126,   6.4
112,  72, 29.59943784, 94.89103892,   6.4
113,  72, 29.59473840, 94.88963870,   6.4
114,  72, 29.58999622, 94.88825031,   6.4
115,  72, 29.58521032, 94.88687344,   6.4
116,  72, 29.58037969, 94.88550783,   6.4
117,  72, 29.57550335, 94.88415318,   6.4
118,  72, 29.57058026, 94.88280922,   6.4
119,  72, 29.56560941, 94.88147565,   6.4
120,  72, 29.56058976, 94.88015222,   6.4
121,  72, 29.55552027, 94.87883863,   6.4
122,  72, 29.55039988, 94.87753462,   6.4
123,  72, 29.54522753, 94.87623992,   6.4
124,  72, 29.54000214, 94.87495426,   6.4
125,  72, 29.53472263, 94.87367737,   6.4
126,  72, 29.52938789, 94.87240899,   6.4
127,  72, 29.52399681, 94.87114885,   6.4
128,  72, 29.51854828, 94.86989670,   6.5
129,  72, 29.51304116, 94.86865226,   6.5
130,  72, 29.50747430, 94.86741529,   6.5
131,  72, 29.50184655, 94.86618553,   6.5
132,  72, 29.49615673, 94.86496272,   6.5
133,  72, 29.49040366, 94.86374661,   6.5
134,  72, 29.48458615, 94.86253695,   6.5
135,  72, 29.47870298, 94.86133349,   6.5
136,  72, 29.47275292, 94.86013597,   6.6
137,  72, 29.46673475, 94.85894415,   6.6
138,  72, 29.46064720, 94.85775779,   6.6
139,  72, 29.45448901, 94.85657664,   6.7
140,  72, 29.44825891, 94.85540045,   6.7
141,  72, 29.44195558, 94.85422898,   6.8
142,  72, 29.43557773, 94.85306199,   6.8
143,  72, 29.42912402, 94.85189924,   6.9
144,  72, 29.42259311, 94.85074048,   6.9
145,  72, 29.41598364, 94.84958548,   7.0
146,  72, 29.40929423, 94.84843401,   7.0
147,  72, 29.40252350, 94.84728581,   7.1
148,  72, 29.39567003, 94.84614066,   7.1
149,  72, 29.38873241, 94.84499832,   7.2
150,  72, 29.38170917, 94.84385855,   7.2
151,  72, 29.37459887, 94.84272113,   7.3
152,  72, 29.36740002, 94.84158580,   7.3
153,  72, 29.36011112, 94.84045235,   7.3
154,  72, 29.35273067, 94.83932054,   7.3
155,  72, 29.34525711, 94.83819013,   7.3
156,  72, 29.33768890, 94.83706089,   7.3
157,  72, 29.33002446, 94.83593259,   7.3
158,  72, 29.32226219, 94.83480501,   7.3
159,  72, 29.31440048, 94.83367789,   7.3
160,  72, 29.30643770, 94.83255103,   7.4
161,  72, 29.29837219, 94.83142418,   7.4
162,  72, 29.29020226, 94.83029711,   7.4
163,  72, 29.28192621, 94.82916960,   7.4
164,  72, 29.27354234, 94.82804140,   7.4
165,  72, 29.26504888, 94.82691230,   8.2
166,  72, 29.25644407, 94.82578205,   8.2
167,  72, 29.24772613, 94.82465044,   8.2
168,  72, 29.23889323, 94.82351722,   8.1
169,  72, 29.22994353, 94.82238216,   8.0
170,  72, 29.22087519, 94.82124504,   8.0
171,  72, 29.21168630, 94.82010562,   7.9
172,  72, 29.20237495, 94.81896367,   7.8
173,  72, 29.19293922, 94.81781895,   7.8
174,  72, 29.18337712, 94.81667124,   7.7
175,  72, 29.17368668, 94.81552029,   7.6
176,  72, 29.16386587, 94.81436588,   7.5
177,  72, 29.15391266, 94.81320777,   7.5
178,  72, 29.14382496, 94.81204572,   7.4
179,  72, 29.13360069, 94.81087950,   7.3
180,  72, 29.12323771, 94.80970887,   7.2
181,  72, 29.11273386, 94.80853360,   7.2
182,  72, 29.10208696, 94.80735344,   7.1
183,  72, 29.09129480, 94.80616816,   7.0
184,  72, 29.08035512, 94.80497751,   6.9
185,  72, 29.06926565, 94.80378126,   6.8
186,  72, 29.05802408, 94.80257916,   6.8
187,  72, 29.04662808, 94.80137097,   6.7
188,  72, 29.03507526, 94.80015645,   6.6
189,  72, 29.02336323, 94.79893535,   6.5
190,  72, 29.01148954, 94.79770743,   6.4
191,  72, 28.99945174, 94.79647243,   6.3
192,  72, 28.98724730, 94.79523011,   6.2
193,  72, 28.97487369, 94.79398022,   6.1
194,  72, 28.96232834, 94.79272251,   6.0
195,  72, 28.94960863, 94.79145672,   5.9
196,  72, 28.93671192, 94.79018261,   5.8
197,  72, 28.92363552, 94.78889991,   5.7
198,  72, 28.91037671, 94.78760836,   5.7
199,  72, 28.89693273, 94.78630772,   5.6
200,  72, 28.88330079, 94.78499772,   5.5
201,  72, 28.86947804, 94.78367810,   5.4
202,  72, 28.85546161, 94.78234859,   5.3
203,  72, 28.84124858, 94.78100893,   5.2
204,  72, 28.82683599, 94.77965885,   5.1
205,  72, 28.81222085, 94.77829808,   5.0
206,  72, 28.79740011, 94.77692636,   4.9
207,  72, 28.78237068, 94.77554341,   4.8
208,  72, 28.76712945, 94.77414895,   4.6
209,  72, 28.75167323, 94.77274271,   4.5
210,  72, 28.73599881, 94.77132441,   4.4
211,  72, 28.72010294, 94.76989377,   4.3
212,  72, 28.70398229, 94.76845050,   4.2
213,  72, 28.68763352, 94.76699432,   4.1
214,  72, 28.67105322, 94.76552495,   4.0
215,  72, 28.65423794, 94.76404209,   3.9
216,  72, 28.63718419, 94.76254546,   3.8
217,  72, 28.61988841, 94.76103474,   3.7
218,  72, 28.60234701, 94.75950966,   3.6
219,  72, 28.58455633, 94.75796991,   3.5
220,  72, 28.56651267, 94.75641518,   3.3
221,  72, 28.54821229, 94.75484518,   3.2
222,  72, 28.52965136, 94.75325960,   3.1
223,  72, 28.51082603, 94.75165812,   3.0
224,  72, 28.49173238, 94.75004043,   2.9
225,  72, 28.47236644, 94.74840622,   2.7
226,  72, 28.45272417, 94.74675517,   2.6
227,  72, 28.43280150, 94.74508696,   2.5
228,  72, 28.41259427, 94.74340126,   2.4
229,  72, 28.39209828, 94.74169775,   2.2
230,  72, 28.37130927, 94.73997609,   2.1
231,  72, 28.35022291, 94.73823596,   2.1
232,  72, 28.32883482, 94.73647701,   2.0
233,  72, 28.30714054, 94.73469891,   2.0
234,  72, 28.28513556, 94.73290131,   1.9
235,  72, 28.26281531, 94.73108387,   1.9
236,  72, 28.24017513, 94.72924623,   1.9
237,  72, 28.21721033, 94.72738805,   1.9
238,  72, 28.19391612, 94.72550897,   1.9
239,  72, 28.17028766, 94.72360862,   2.0
240,  72, 28.14632003, 94.72168665,   2.0
241,  72, 28.12200825, 94.71974268,   2.0
  1,  73, 30.05837220, 95.20941265,  99.9
  2,  73, 30.05315468, 95.20386616,  99.9
  3,  73, 30.04798950, 95.19839753,  99.9
  4,  73, 30.04287559, 95.19300562,  99.9
  5,  73, 30.03781189, 95.18768929,  99.9
  6,  73, 30.03279736, 95.18244740,  99.9
  7,  73, 30.02783097, 95.17727885,  99.9
  8,  73, 30.02291169, 95.17218254,  99.9
  9,  73, 30.01803851, 95.16715739,  99.9
 10,  73, 30.01321042, 95.16220235,  99.9
 11,  73, 30.00842642, 95.15731636,  99.9
 12,  73, 30.00368553, 95.15249840,  99.9
 13,  73, 29.99898676, 95.14774744,  99.9
 14,  73, 29.99432916, 95.14306247,  99.9
 15,  73, 29.98971174, 95.13844252,  99.9
 16,  73, 29.98513357, 95.13388660,  99.9
 17,  73, 29.98059369, 95.12939375,  99.9
 18,  73, 29.97609117, 95.12496302,  99.9
 19,  73, 29.97162507, 95.12059348,  99.9
 20,  73, 29.96719448, 95.11628421,  99.9
 21,  73, 29.96279847, 95.11203429,  99.9
 22,  73, 29.95843614, 95.10784283,  99.9
 23,  73, 29.95410658, 95.10370895,  99.9
 24,  73, 29.94980891, 95.09963178,  99.9
 25,  73, 29.94554223, 95.09561044,  99.9
 26,  73, 29.94130565, 95.09164411,  99.9
 27,  73, 29.93709830, 95.08773193,  99.9
 28,  73, 29.93291932, 95.08387310,  99.9
 29,  73, 29.92876783, 95.08006678,  99.9
 30,  73, 29.92464298, 95.07631219,  99.9
 31,  73, 29.92054391, 95.07260853,  99.9
 32,  73, 29.91646977, 95.06895503,  99.9
 33,  73, 29.91241973, 95.06535090,  99.9
 34,  73, 29.90839294, 95.06179540,  99.9
 35,  73, 29.90438856, 95.05828778,  99.9
 36,  73, 29.90040577, 95.05482730,  99.9
 37,  73, 29.89644375, 95.05141322,  99.9
 38,  73, 29.89250166, 95.04804484,  99.9
 39,  73, 29.88857870, 95.04472144,  99.9
 40,  73, 29.88467406, 95.04144233,  99.9
 41,  73, 29.88078692, 95.03820682,  99.9
 42,  73, 29.87691647, 95.03501422,  99.9
 43,  73, 29.87306192, 95.03186387,  99.9
 44,  73, 29.86922246, 95.02875510,  99.9
 45,  73, 29.86539731, 95.02568726,  99.9
 46,  73, 29.86158566, 95.02265971,  99.9
 47,  73, 29.85778673, 95.01967181,  99.9
 48,  73, 29.85399973, 95.01672293,  99.9
 49,  73, 29.85022387, 95.01381246,  99.9
 50,  73, 29.84645837, 95.01093978,  99.9
 51,  73, 29.84270244, 95.00810429,  99.9
 52,  73, 29.83895532, 95.00530539,  99.9
 53,  73, 29.83521622, 95.00254250,  99.9
 54,  73, 29.83148437, 94.99981505,  99.9
 55,  73, 29.82775898, 94.99712244,  99.9
 56,  73, 29.82403930, 94.99446413,  99.9
 57,  73, 29.82032454, 94.99183956,  99.9
 58,  73, 29.81661394, 94.98924817,  99.9
 59,  73, 29.81290672, 94.98668942,  99.9
 60,  73, 29.80920212, 94.98416277,  99.9
 61,  73, 29.80549936, 94.98166770,  99.9
 62,  73, 29.80179769, 94.97920369,  99.9
 63,  73, 29.79809632, 94.97677020,  99.9
 64,  73, 29.79439449, 94.97436675,  99.9
 65,  73, 29.79069144, 94.97199282,  99.9
 66,  73, 29.78698638, 94.96964791,  99.9
 67,  73, 29.78327857, 94.96733154,  99.9
 68,  73, 29.77956721, 94.96504322,  99.9
 69,  73, 29.77585155, 94.96278247,  99.9
 70,  73, 29.77213080, 94.96054882,  99.9
 71,  73, 29.76840421, 94.95834180,  99.9
 72,  73, 29.76467098, 94.95616095,  99.9
 73,  73, 29.76093036, 94.95400581,  99.9
 74,  73, 29.75718156, 94.95187593,  99.9
 75,  73, 29.75342379, 94.94977086,  99.9
 76,  73, 29.74965629, 94.94769018,  99.9
 77,  73, 29.74587827, 94.94563343,  99.9
 78,  73, 29.74208893, 94.94360020,  99.9
 79,  73, 29.73828751, 94.94159004,  99.9
 80,  73, 29.73447320, 94.93960256,  99.9
 81,  73, 29.73064521, 94.93763733,   6.4
 82,  73, 29.72680274, 94.93569393,  99.9
 83,  73, 29.72294501, 94.93377197,  99.9
 84,  73, 29.71907120, 94.93187104,  99.9
 85,  73, 29.71518051, 94.92999074,  99.9
 86,  73, 29.71127214, 94.92813069,  99.9
 87,  73, 29.70734526, 94.92629049,  99.9
 88,  73, 29.70339907, 94.92446976,  99.9
 89,  73, 29.69943274, 94.92266812,   6.4
 90,  73, 29.69544544, 94.92088519,   6.4
 91,  73, 29.69143636, 94.91912061,   6.4
 92,  73, 29.68740465, 94.91737399,   6.4
 93,  73, 29.68334948, 94.91564499,  99.9
 94,  73, 29.67927000, 94.91393323,  99.9
 95,  73, 29.67516536, 94.91223837,  99.9
 96,  73, 29.67103472, 94.91056004,  99.9
 97,  73, 29.66687721, 94.90889790,  99.9
 98,  73, 29.66269197, 94.90725160,  99.9
 99,  73, 29.65847813, 94.90562079,  99.9
100,  73, 29.65423480, 94.90400515,   6.4
101,  73, 29.64996112, 94.90240432,   6.4
102,  73, 29.64565618, 94.90081799,   6.4
103,  73, 29.64131910, 94.89924581,   6.4
104,  73, 29.63694897, 94.89768746,   6.4
105,  73, 29.63254489, 94.89614262,   6.4
106,  73, 29.62810593, 94.89461096,   6.4
107,  73, 29.62363117, 94.89309216,   6.4
108,  73, 29.61911969, 94.89158591,   6.4
109,  73, 29.61457054, 94.89009190,   6.4
110,  73, 29.60998278, 94.88860981,   6.4
111,  73, 29.60535545, 94.88713934,   6.4
112,  73, 29.60068760, 94.88568018,   6.4
113,  73, 29.59597824, 94.88423202,   6.4
114,  73, 29.59122640, 94.88279457,   6.4
115,  73, 29.58643110, 94.88136753,   6.4
116,  73, 29.58159133, 94.87995059,   6.4
117,  73, 29.57670608, 94.87854347,   6.4
118,  73, 29.57177435, 94.87714588,   6.4
119,  73, 29.56679510, 94.87575752,   6.4
120,  73, 29.56176729, 94.87437810,   6.4
121,  73, 29.55668989, 94.87300734,   6.4
122,  73, 29.55156184, 94.87164496,   6.4
123,  73, 29.54638206, 94.87029066,   6.4
124,  73, 29.54114948, 94.86894418,   6.4
125,  73, 29.53586302, 94.86760522,   6.4
126,  73, 29.53052156, 94.86627353,   6.4
127,  73, 29.52512401, 94.86494880,   6.4
128,  73, 29.51966923, 94.86363078,   6.4
129,  73, 29.51415610, 94.86231919,   6.4
130,  73, 29.50858346, 94.86101376,   6.5
131,  73, 29.50295016, 94.85971421,   6.5
132,  73, 29.49725502, 94.85842029,   6.5
133,  73, 29.49149685, 94.85713171,   6.5
134,  73, 29.48567447, 94.85584822,   6.5
135,  73, 29.47978666, 94.85456954,   6.5
136,  73, 29.47383218, 94.85329542,   6.6
137,  73, 29.46780981, 94.85202559,   6.6
138,  73, 29.46171829, 94.85075979,   6.6
139,  73, 29.45555635, 94.84949775,   6.7
140,  73, 29.44932272, 94.84823922,   6.7
141,  73, 29.44301608, 94.84698394,   6.8
142,  73, 29.43663514, 94.84573164,   6.8
143,  73, 29.43017855, 94.84448208,   6.8
144,  73, 29.42364499, 94.84323498,   6.9
145,  73, 29.41703308, 94.84199009,   7.0
146,  73, 29.41034146, 94.84074717,   7.0
147,  73, 29.40356872, 94.83950594,   7.1
148,  73, 29.39671347, 94.83826616,   7.1
149,  73, 29.38977427, 94.83702757,   7.2
150,  73, 29.38274968, 94.83578991,   7.2
151,  73, 29.37563823, 94.83455293,   7.3
152,  73, 29.36843846, 94.83331638,   7.3
153,  73, 29.36114885, 94.83208001,   7.3
154,  73, 29.35376789, 94.83084355,   7.3
155,  73, 29.34629405, 94.82960675,   7.3
156,  73, 29.33872577, 94.82836936,   7.3
157,  73, 29.33106147, 94.82713113,   7.3
158,  73, 29.32329956, 94.82589180,   7.3
159,  73, 29.31543842, 94.82465112,   7.3
160,  73, 29.30747643, 94.82340883,   7.3
161,  73, 29.29941191, 94.82216469,   7.3
162,  73, 29.29124319, 94.82091842,   7.3
163,  73, 29.28296858, 94.81966979,  99.9
164,  73, 29.27458634, 94.81841853,  99.9
165,  73, 29.26609474, 94.81716439,   8.2
166,  73, 29.25749200, 94.81590711,   8.2
167,  73, 29.24877635, 94.81464643,   8.1
168,  73, 29.23994595, 94.81338211,   8.0
169,  73, 29.23099898, 94.81211387,   8.0
170,  73, 29.22193357, 94.81084146,   7.9
171,  73, 29.21274784, 94.80956463,   7.8
172,  73, 29.20343986, 94.80828311,   7.8
173,  73, 29.19400772, 94.80699664,   7.7
174,  73, 29.18444943, 94.80570496,   7.6
175,  73, 29.17476302, 94.80440781,   7.6
176,  73, 29.16494647, 94.80310492,   7.5
177,  73, 29.15499773, 94.80179603,   7.4
178,  73, 29.14491473, 94.80048088,   7.3
179,  73, 29.13469538, 94.79915919,   7.3
180,  73, 29.12433754, 94.79783070,   7.2
181,  73, 29.11383906, 94.79649514,   7.1
182,  73, 29.10319776, 94.79515224,   7.0
183,  73, 29.09241142, 94.79380173,   6.9
184,  73, 29.08147779, 94.79244333,   6.9
185,  73, 29.07039460, 94.79107677,   6.8
186,  73, 29.05915955, 94.78970178,   6.7
187,  73, 29.04777029, 94.78831808,   6.6
188,  73, 29.03622445, 94.78692538,   6.5
189,  73, 29.02451964, 94.78552341,   6.4
190,  73, 29.01265340, 94.78411189,   6.3
191,  73, 29.00062328, 94.78269053,   6.2
192,  73, 28.98842677, 94.78125905,   6.1
193,  73, 28.97606133, 94.77981716,   6.1
194,  73, 28.96352439, 94.77836457,   6.0
195,  73, 28.95081334, 94.77690098,   5.9
196,  73, 28.93792553, 94.77542611,   5.8
197,  73, 28.92485827, 94.77393967,   5.7
198,  73, 28.91160886, 94.77244134,   5.6
199,  73, 28.89817453, 94.77093084,   5.5
200,  73, 28.88455248, 94.76940786,   5.4
201,  73, 28.87073989, 94.76787210,   5.3
202,  73, 28.85673387, 94.76632325,   5.2
203,  73, 28.84253151, 94.76476101,   5.1
204,  73, 28.82812985, 94.76318506,   5.0
205,  73, 28.81352590, 94.76159509,   4.9
206,  73, 28.79871662, 94.75999078,   4.8
207,  73, 28.78369892, 94.75837182,   4.7
208,  73, 28.76846968, 94.75673788,   4.6
209,  73, 28.75302573, 94.75508865,   4.5
210,  73, 28.73736385, 94.75342379,   4.4
211,  73, 28.72148079, 94.75174297,   4.3
212,  73, 28.70537324, 94.75004587,   4.2
213,  73, 28.68903785, 94.74833215,   4.1
214,  73, 28.67247121, 94.74660147,   4.0
215,  73, 28.65566989, 94.74485350,   3.9
216,  73, 28.63863037, 94.74308788,   3.8
217,  73, 28.62134912, 94.74130427,   3.6
218,  73, 28.60382254, 94.73950232,   3.5
219,  73, 28.58604699, 94.73768167,   3.4
220,  73, 28.56801876, 94.73584198,   3.3
221,  73, 28.54973410, 94.73398288,   3.2
222,  73, 28.53118920, 94.73210400,   3.1
223,  73, 28.51238022, 94.73020499,   2.9
224,  73, 28.49330322, 94.72828547,   2.8
225,  73, 28.47395425, 94.72634506,   2.7
226,  73, 28.45432928, 94.72438339,   2.6
227,  73, 28.43442422, 94.72240009,   2.5
228,  73, 28.41423493, 94.72039475,   2.3
229,  73, 28.39375721, 94.71836700,   2.2
230,  73, 28.37298680, 94.71631644,   2.1
231,  73, 28.35191938, 94.71424268,   2.1
232,  73, 28.33055056, 94.71214531,   2.0
233,  73, 28.30887590, 94.71002393,   2.0
234,  73, 28.28689089, 94.70787814,   1.9
235,  73, 28.26459096, 94.70570752,   1.9
236,  73, 28.24197146, 94.70351164,   1.9
237,  73, 28.21902769, 94.70129010,   1.9
238,  73, 28.19575487, 94.69904247,   1.9
239,  73, 28.17214818, 94.69676831,   2.0
240,  73, 28.14820268, 94.69446719,   2.0
241,  73, 28.12391341, 94.69213867,   2.0
  1,  74, 30.06320446, 95.20334537,  99.9
  2,  74, 30.05791949, 95.19786055,  99.9
  3,  74, 30.05268785, 95.19245236,  99.9
  4,  74, 30.04750847, 95.18711964,  99.9
  5,  74, 30.04238028, 95.18186128,  99.9
  6,  74, 30.03730222, 95.17667615,  99.9
  7,  74, 30.03227323, 95.17156315,  99.9
  8,  74, 30.02729230, 95.16652122,  99.9
  9,  74, 30.02235837, 95.16154927,  99.9
 10,  74, 30.01747044, 95.15664626,  99.9
 11,  74, 30.01262750, 95.15181114,  99.9
 12,  74, 30.00782855, 95.14704291,  99.9
 13,  74, 30.00307259, 95.14234054,  99.9
 14,  74, 29.99835864, 95.13770305,  99.9
 15,  74, 29.99368573, 95.13312945,  99.9
 16,  74, 29.98905290, 95.12861878,  99.9
 17,  74, 29.98445918, 95.12417009,  99.9
 18,  74, 29.97990362, 95.11978244,  99.9
 19,  74, 29.97538529, 95.11545490,  99.9
 20,  74, 29.97090325, 95.11118655,  99.9
 21,  74, 29.96645658, 95.10697650,  99.9
 22,  74, 29.96204434, 95.10282386,  99.9
 23,  74, 29.95766564, 95.09872775,  99.9
 24,  74, 29.95331956, 95.09468731,  99.9
 25,  74, 29.94900521, 95.09070169,  99.9
 26,  74, 29.94472169, 95.08677005,  99.9
 27,  74, 29.94046812, 95.08289155,  99.9
 28,  74, 29.93624361, 95.07906538,  99.9
 29,  74, 29.93204729, 95.07529074,  99.9
 30,  74, 29.92787830, 95.07156683,  99.9
 31,  74, 29.92373576, 95.06789286,  99.9
 32,  74, 29.91961883, 95.06426807,  99.9
 33,  74, 29.91552665, 95.06069168,  99.9
 34,  74, 29.91145836, 95.05716295,  99.9
 35,  74, 29.90741314, 95.05368113,  99.9
 36,  74, 29.90339013, 95.05024550,  99.9
 37,  74, 29.89938851, 95.04685532,  99.9
 38,  74, 29.89540745, 95.04350989,  99.9
 39,  74, 29.89144612, 95.04020850,  99.9
 40,  74, 29.88750371, 95.03695046,  99.9
 41,  74, 29.88357938, 95.03373508,  99.9
 42,  74, 29.87967234, 95.03056169,  99.9
 43,  74, 29.87578177, 95.02742962,  99.9
 44,  74, 29.87190686, 95.02433821,  99.9
 45,  74, 29.86804681, 95.02128681,  99.9
 46,  74, 29.86420083, 95.01827479,  99.9
 47,  74, 29.86036810, 95.01530150,  99.9
 48,  74, 29.85654785, 95.01236633,  99.9
 49,  74, 29.85273927, 95.00946866,  99.9
 50,  74, 29.84894157, 95.00660788,  99.9
 51,  74, 29.84515397, 95.00378339,  99.9
 52,  74, 29.84137568, 95.00099460,  99.9
 53,  74, 29.83760592, 94.99824092,  99.9
 54,  74, 29.83384390, 94.99552177,  99.9
 55,  74, 29.83008885, 94.99283659,  99.9
 56,  74, 29.82633998, 94.99018482,  99.9
 57,  74, 29.82259652, 94.98756588,  99.9
 58,  74, 29.81885769, 94.98497925,  99.9
 59,  74, 29.81512271, 94.98242436,  99.9
 60,  74, 29.81139081, 94.97990070,  99.9
 61,  74, 29.80766121, 94.97740773,  99.9
 62,  74, 29.80393314, 94.97494492,  99.9
 63,  74, 29.80020583, 94.97251177,  99.9
 64,  74, 29.79647849, 94.97010776,  99.9
 65,  74, 29.79275037, 94.96773238,  99.9
 66,  74, 29.78902067, 94.96538515,  99.9
 67,  74, 29.78528863, 94.96306557,  99.9
 68,  74, 29.78155348, 94.96077315,  99.9
 69,  74, 29.77781443, 94.95850742,  99.9
 70,  74, 29.77407071, 94.95626790,  99.9
 71,  74, 29.77032154, 94.95405412,  99.9
 72,  74, 29.76656614, 94.95186561,  99.9
 73,  74, 29.76280374, 94.94970193,  99.9
 74,  74, 29.75903355, 94.94756262,  99.9
 75,  74, 29.75525479, 94.94544723,  99.9
 76,  74, 29.75146666, 94.94335531,  99.9
 77,  74, 29.74766840, 94.94128644,  99.9
 78,  74, 29.74385920, 94.93924018,  99.9
 79,  74, 29.74003827, 94.93721609,  99.9
 80,  74, 29.73620482, 94.93521377,  99.9
 81,  74, 29.73235805, 94.93323278,   6.4
 82,  74, 29.72849717, 94.93127272,  99.9
 83,  74, 29.72462137, 94.92933318,  99.9
 84,  74, 29.72072984, 94.92741375,  99.9
 85,  74, 29.71682178, 94.92551402,  99.9
 86,  74, 29.71289638, 94.92363362,  99.9
 87,  74, 29.70895281, 94.92177213,  99.9
 88,  74, 29.70499026, 94.91992918,  99.9
 89,  74, 29.70100790, 94.91810437,   6.3
 90,  74, 29.69700490, 94.91629733,   6.3
 91,  74, 29.69298045, 94.91450768,  99.9
 92,  74, 29.68893368, 94.91273505,  99.9
 93,  74, 29.68486377, 94.91097906,  99.9
 94,  74, 29.68076987, 94.90923936,  99.9
 95,  74, 29.67665113, 94.90751557,  99.9
 96,  74, 29.67250669, 94.90580735,  99.9
 97,  74, 29.66833569, 94.90411432,  99.9
 98,  74, 29.66413725, 94.90243615,  99.9
 99,  74, 29.65991052, 94.90077247,  99.9
100,  74, 29.65565461, 94.89912295,   6.4
101,  74, 29.65136862, 94.89748724,   6.4
102,  74, 29.64705168, 94.89586500,   6.4
103,  74, 29.64270289, 94.89425589,   6.4
104,  74, 29.63832133, 94.89265958,   6.4
105,  74, 29.63390611, 94.89107573,   6.4
106,  74, 29.62945629, 94.88950402,   6.4
107,  74, 29.62497095, 94.88794411,   6.4
108,  74, 29.62044917, 94.88639569,   6.4
109,  74, 29.61589000, 94.88485843,   6.4
110,  74, 29.61129249, 94.88333201,   6.4
111,  74, 29.60665568, 94.88181611,   6.4
112,  74, 29.60197862, 94.88031042,   6.4
113,  74, 29.59726032, 94.87881463,   6.4
114,  74, 29.59249981, 94.87732843,   6.4
115,  74, 29.58769610, 94.87585150,   6.4
116,  74, 29.58284818, 94.87438354,   6.4
117,  74, 29.57795505, 94.87292424,   6.4
118,  74, 29.57301569, 94.87147331,   6.4
119,  74, 29.56802907, 94.87003044,   6.4
120,  74, 29.56299415, 94.86859532,   6.4
121,  74, 29.55790989, 94.86716768,   6.4
122,  74, 29.55277523, 94.86574720,   6.4
123,  74, 29.54758910, 94.86433359,   6.4
124,  74, 29.54235042, 94.86292656,   6.4
125,  74, 29.53705810, 94.86152582,   6.4
126,  74, 29.53171103, 94.86013108,   6.4
127,  74, 29.52630812, 94.85874205,   6.4
128,  74, 29.52084823, 94.85735844,   6.4
129,  74, 29.51533023, 94.85597997,   6.4
130,  74, 29.50975296, 94.85460634,   6.4
131,  74, 29.50411527, 94.85323728,   6.4
132,  74, 29.49841598, 94.85187250,   6.4
133,  74, 29.49265392, 94.85051173,   6.5
134,  74, 29.48682787, 94.84915467,   6.5
135,  74, 29.48093663, 94.84780105,   6.5
136,  74, 29.47497897, 94.84645058,   6.6
137,  74, 29.46895365, 94.84510300,   6.6
138,  74, 29.46285941, 94.84375802,   6.6
139,  74, 29.45669500, 94.84241536,   6.7
140,  74, 29.45045912, 94.84107475,   6.7
141,  74, 29.44415047, 94.83973592,   6.8
142,  74, 29.43776776, 94.83839857,   6.8
143,  74, 29.43130964, 94.83706244,   6.8
144,  74, 29.42477477, 94.83572726,   6.9
145,  74, 29.41816179, 94.83439275,   6.9
146,  74, 29.41146933, 94.83305862,   7.0
147,  74, 29.40469599, 94.83172462,   7.1
148,  74, 29.39784036, 94.83039046,   7.1
149,  74, 29.39090102, 94.82905588,   7.2
150,  74, 29.38387652, 94.82772059,   7.2
151,  74, 29.37676541, 94.82638432,   7.2
152,  74, 29.36956619, 94.82504679,   7.3
153,  74, 29.36227737, 94.82370774,   7.3
154,  74, 29.35489744, 94.82236689,   7.3
155,  74, 29.34742485, 94.82102396,   7.2
156,  74, 29.33985806, 94.81967868,   7.2
157,  74, 29.33219549, 94.81833077,   7.2
158,  74, 29.32443553, 94.81697995,   7.2
159,  74, 29.31657659, 94.81562595,  99.9
160,  74, 29.30861702, 94.81426850,   7.3
161,  74, 29.30055516, 94.81290731,   7.4
162,  74, 29.29238934, 94.81154210,   7.4
163,  74, 29.28411786, 94.81017261,  99.9
164,  74, 29.27573899, 94.80879854,   8.2
165,  74, 29.26725100, 94.80741961,   8.2
166,  74, 29.25865211, 94.80603555,   8.1
167,  74, 29.24994053, 94.80464608,   8.0
168,  74, 29.24111446, 94.80325090,   8.0
169,  74, 29.23217205, 94.80184974,   7.9
170,  74, 29.22311144, 94.80044232,   7.8
171,  74, 29.21393075, 94.79902833,   7.8
172,  74, 29.20462807, 94.79760750,   7.7
173,  74, 29.19520145, 94.79617954,   7.6
174,  74, 29.18564894, 94.79474416,   7.6
175,  74, 29.17596856, 94.79330107,   7.5
176,  74, 29.16615827, 94.79184997,   7.4
177,  74, 29.15621605, 94.79039056,   7.3
178,  74, 29.14613982, 94.78892257,   7.3
179,  74, 29.13592749, 94.78744568,   7.2
180,  74, 29.12557692, 94.78595959,   7.1
181,  74, 29.11508597, 94.78446402,   7.0
182,  74, 29.10445245, 94.78295865,   7.0
183,  74, 29.09367415, 94.78144318,   6.9
184,  74, 29.08274882, 94.77991731,   6.8
185,  74, 29.07167419, 94.77838072,   6.7
186,  74, 29.06044795, 94.77683311,   6.6
187,  74, 29.04906777, 94.77527417,   6.6
188,  74, 29.03753128, 94.77370358,   6.5
189,  74, 29.02583608, 94.77212103,   6.4
190,  74, 29.01397973, 94.77052620,   6.3
191,  74, 29.00195976, 94.76891876,   6.2
192,  74, 28.98977368, 94.76729841,   6.1
193,  74, 28.97741894, 94.76566480,   6.0
194,  74, 28.96489298, 94.76401762,   5.9
195,  74, 28.95219318, 94.76235653,   5.8
196,  74, 28.93931691, 94.76068120,   5.7
197,  74, 28.92626147, 94.75899130,   5.6
198,  74, 28.91302417, 94.75728650,   5.6
199,  74, 28.89960223, 94.75556644,   5.5
200,  74, 28.88599287, 94.75383078,   5.4
201,  74, 28.87219326, 94.75207919,   5.3
202,  74, 28.85820051, 94.75031132,   5.2
203,  74, 28.84401172, 94.74852680,   5.1
204,  74, 28.82962394, 94.74672529,   5.0
205,  74, 28.81503416, 94.74490643,   4.9
206,  74, 28.80023936, 94.74306985,   4.8
207,  74, 28.78523646, 94.74121521,   4.7
208,  74, 28.77002232, 94.73934212,   4.6
209,  74, 28.75459379, 94.73745021,   4.5
210,  74, 28.73894765, 94.73553912,   4.3
211,  74, 28.72308064, 94.73360847,   4.2
212,  74, 28.70698947, 94.73165787,   4.1
213,  74, 28.69067078, 94.72968694,   4.0
214,  74, 28.67412118, 94.72769529,   3.9
215,  74, 28.65733723, 94.72568254,   3.8
216,  74, 28.64031542, 94.72364829,   3.7
217,  74, 28.62305222, 94.72159213,   3.6
218,  74, 28.60554403, 94.71951366,   3.5
219,  74, 28.58778721, 94.71741249,   3.4
220,  74, 28.56977807, 94.71528818,   3.3
221,  74, 28.55151285, 94.71314035,   3.2
222,  74, 28.53298776, 94.71096855,   3.0
223,  74, 28.51419893, 94.70877237,   2.9
224,  74, 28.49514247, 94.70655139,   2.8
225,  74, 28.47581440, 94.70430516,   2.7
226,  74, 28.45621070, 94.70203326,   2.6
227,  74, 28.43632729, 94.69973524,   2.4
228,  74, 28.41616003, 94.69741065,   2.3
229,  74, 28.39570473, 94.69505906,   2.2
230,  74, 28.37495713, 94.69267999,   2.1
231,  74, 28.35391291, 94.69027300,   2.0
232,  74, 28.33256770, 94.68783762,   2.0
233,  74, 28.31091705, 94.68537338,   2.0
234,  74, 28.28895645, 94.68287980,   2.0
235,  74, 28.26668135, 94.68035641,   1.9
236,  74, 28.24408709, 94.67780272,   1.9
237,  74, 28.22116899, 94.67521825,   1.9
238,  74, 28.19792227, 94.67260249,   1.9
239,  74, 28.17434210, 94.66995495,   2.0
240,  74, 28.15042357, 94.66727513,   2.0
241,  74, 28.12616170, 94.66456251,   2.0
  1,  75, 30.06798178, 95.19720030,  99.9
  2,  75, 30.06263046, 95.19177833,  99.9
  3,  75, 30.05733346, 95.18643171,  99.9
  4,  75, 30.05208969, 95.18115932,  99.9
  5,  75, 30.04689807, 95.17596003,  99.9
  6,  75, 30.04175753, 95.17083276,  99.9
  7,  75, 30.03666700, 95.16577641,  99.9
  8,  75, 30.03162544, 95.16078991,  99.9
  9,  75, 30.02663180, 95.15587221,  99.9
 10,  75, 30.02168506, 95.15102226,  99.9
 11,  75, 30.01678418, 95.14623905,  99.9
 12,  75, 30.01192816, 95.14152155,  99.9
 13,  75, 30.00711600, 95.13686877,  99.9
 14,  75, 30.00234670, 95.13227973,  99.9
 15,  75, 29.99761927, 95.12775346,  99.9
 16,  75, 29.99293274, 95.12328900,  99.9
 17,  75, 29.98828614, 95.11888540,  99.9
 18,  75, 29.98367850, 95.11454175,  99.9
 19,  75, 29.97910888, 95.11025712,  99.9
 20,  75, 29.97457633, 95.10603060,  99.9
 21,  75, 29.97007991, 95.10186131,  99.9
 22,  75, 29.96561869, 95.09774836,  99.9
 23,  75, 29.96119176, 95.09369089,  99.9
 24,  75, 29.95679818, 95.08968804,  99.9
 25,  75, 29.95243706, 95.08573897,  99.9
 26,  75, 29.94810749, 95.08184284,  99.9
 27,  75, 29.94380857, 95.07799884,  99.9
 28,  75, 29.93953942, 95.07420615,  99.9
 29,  75, 29.93529915, 95.07046397,  99.9
 30,  75, 29.93108688, 95.06677152,  99.9
 31,  75, 29.92690174, 95.06312802,  99.9
 32,  75, 29.92274287, 95.05953270,  99.9
 33,  75, 29.91860940, 95.05598481,  99.9
 34,  75, 29.91450047, 95.05248359,  99.9
 35,  75, 29.91041524, 95.04902831,  99.9
 36,  75, 29.90635285, 95.04561825,  99.9
 37,  75, 29.90231247, 95.04225268,  99.9
 38,  75, 29.89829326, 95.03893090,  99.9
 39,  75, 29.89429439, 95.03565221,  99.9
 40,  75, 29.89031502, 95.03241593,  99.9
 41,  75, 29.88635434, 95.02922136,  99.9
 42,  75, 29.88241151, 95.02606784,  99.9
 43,  75, 29.87848573, 95.02295471,  99.9
 44,  75, 29.87457617, 95.01988131,  99.9
 45,  75, 29.87068204, 95.01684699,  99.9
 46,  75, 29.86680251, 95.01385113,  99.9
 47,  75, 29.86293680, 95.01089308,  99.9
 48,  75, 29.85908408, 95.00797224,  99.9
 49,  75, 29.85524357, 95.00508798,  99.9
 50,  75, 29.85141447, 95.00223970,  99.9
 51,  75, 29.84759598, 94.99942680,  99.9
 52,  75, 29.84378731, 94.99664870,  99.9
 53,  75, 29.83998767, 94.99390480,  99.9
 54,  75, 29.83619627, 94.99119454,  99.9
 55,  75, 29.83241233, 94.98851734,  99.9
 56,  75, 29.82863506, 94.98587265,  99.9
 57,  75, 29.82486367, 94.98325991,  99.9
 58,  75, 29.82109739, 94.98067857,  99.9
 59,  75, 29.81733543, 94.97812809,  99.9
 60,  75, 29.81357700, 94.97560794,  99.9
 61,  75, 29.80982134, 94.97311758,  99.9
 62,  75, 29.80606765, 94.97065651,  99.9
 63,  75, 29.80231517, 94.96822419,  99.9
 64,  75, 29.79856310, 94.96582012,  99.9
 65,  75, 29.79481068, 94.96344381,  99.9
 66,  75, 29.79105712, 94.96109474,  99.9
 67,  75, 29.78730164, 94.95877243,  99.9
 68,  75, 29.78354346, 94.95647640,  99.9
 69,  75, 29.77978180, 94.95420616,  99.9
 70,  75, 29.77601588, 94.95196123,  99.9
 71,  75, 29.77224492, 94.94974116,  99.9
 72,  75, 29.76846813, 94.94754546,  99.9
 73,  75, 29.76468474, 94.94537369,  99.9
 74,  75, 29.76089394, 94.94322539,  99.9
 75,  75, 29.75709496, 94.94110011,  99.9
 76,  75, 29.75328700, 94.93899741,  99.9
 77,  75, 29.74946928, 94.93691684,  99.9
 78,  75, 29.74564100, 94.93485798,  99.9
 79,  75, 29.74180137, 94.93282038,  99.9
 80,  75, 29.73794958, 94.93080364,   6.4
 81,  75, 29.73408484, 94.92880731,   6.4
 82,  75, 29.73020634, 94.92683100,  99.9
 83,  75, 29.72631327, 94.92487428,  99.9
 84,  75, 29.72240484, 94.92293675,  99.9
 85,  75, 29.71848022, 94.92101799,  99.9
 86,  75, 29.71453860, 94.91911762,  99.9
 87,  75, 29.71057915, 94.91723524,  99.9
 88,  75, 29.70660106, 94.91537044,  99.9
 89,  75, 29.70260351, 94.91352285,  99.9
 90,  75, 29.69858565, 94.91169208,  99.9
 91,  75, 29.69454665, 94.90987774,  99.9
 92,  75, 29.69048567, 94.90807946,  99.9
 93,  75, 29.68640187, 94.90629686,  99.9
 94,  75, 29.68229440, 94.90452957,  99.9
 95,  75, 29.67816240, 94.90277722,  99.9
 96,  75, 29.67400502, 94.90103945,  99.9
 97,  75, 29.66982139, 94.89931590,  99.9
 98,  75, 29.66561064, 94.89760620,  99.9
 99,  75, 29.66137189, 94.89591000,  99.9
100,  75, 29.65710427, 94.89422695,   6.4
101,  75, 29.65280688, 94.89255669,   6.4
102,  75, 29.64847883, 94.89089889,   6.3
103,  75, 29.64411922, 94.88925318,   6.3
104,  75, 29.63972715, 94.88761924,   6.3
105,  75, 29.63530170, 94.88599671,   6.3
106,  75, 29.63084194, 94.88438527,   6.3
107,  75, 29.62634696, 94.88278458,   6.3
108,  75, 29.62181582, 94.88119431,   6.3
109,  75, 29.61724757, 94.87961412,   6.3
110,  75, 29.61264126, 94.87804368,   6.3
111,  75, 29.60799594, 94.87648268,   6.3
112,  75, 29.60331064, 94.87493078,   6.3
113,  75, 29.59858438, 94.87338766,   6.3
114,  75, 29.59381618, 94.87185301,   6.3
115,  75, 29.58900505, 94.87032650,   6.3
116,  75, 29.58414999, 94.86880782,   6.3
117,  75, 29.57924999, 94.86729665,   6.3
118,  75, 29.57430402, 94.86579268,   6.4
119,  75, 29.56931106, 94.86429559,   6.4
120,  75, 29.56427008, 94.86280509,   6.4
121,  75, 29.55918001, 94.86132085,   6.4
122,  75, 29.55403981, 94.85984257,   6.4
123,  75, 29.54884839, 94.85836994,   6.4
124,  75, 29.54360469, 94.85690266,   6.4
125,  75, 29.53830762, 94.85544042,   6.4
126,  75, 29.53295605, 94.85398293,   6.4
127,  75, 29.52754890, 94.85252988,   6.4
128,  75, 29.52208502, 94.85108096,   6.4
129,  75, 29.51656329, 94.84963589,   6.4
130,  75, 29.51098255, 94.84819436,   6.4
131,  75, 29.50534164, 94.84675606,   6.4
132,  75, 29.49963939, 94.84532072,   6.4
133,  75, 29.49387461, 94.84388802,   6.5
134,  75, 29.48804610, 94.84245768,   6.5
135,  75, 29.48215265, 94.84102939,   6.5
136,  75, 29.47619304, 94.83960287,   6.5
137,  75, 29.47016601, 94.83817781,   6.6
138,  75, 29.46407032, 94.83675393,   6.6
139,  75, 29.45790471, 94.83533093,   6.7
140,  75, 29.45166787, 94.83390851,   6.7
141,  75, 29.44535853, 94.83248640,   6.8
142,  75, 29.43897536, 94.83106428,   6.8
143,  75, 29.43251703, 94.82964187,   6.8
144,  75, 29.42598221, 94.82821887,   6.9
145,  75, 29.41936952, 94.82679500,   6.9
146,  75, 29.41267761, 94.82536996,   7.0
147,  75, 29.40590506, 94.82394346,   7.0
148,  75, 29.39905048, 94.82251520,   7.1
149,  75, 29.39211243, 94.82108489,   7.1
150,  75, 29.38508948, 94.81965224,   7.2
151,  75, 29.37798015, 94.81821695,   7.2
152,  75, 29.37078298, 94.81677873,   7.3
153,  75, 29.36349646, 94.81533728,   7.3
154,  75, 29.35611907, 94.81389231,   7.3
155,  75, 29.34864929, 94.81244352,   7.3
156,  75, 29.34108554, 94.81099062,  99.9
157,  75, 29.33342627, 94.80953331,  99.9
158,  75, 29.32566988, 94.80807128,  99.9
159,  75, 29.31781475, 94.80660424,  99.9
160,  75, 29.30985924, 94.80513190,   7.4
161,  75, 29.30180171, 94.80365395,   7.4
162,  75, 29.29364047, 94.80217008,   7.1
163,  75, 29.28537382, 94.80068000,  99.9
164,  75, 29.27700005, 94.79918340,   8.1
165,  75, 29.26851741, 94.79767997,   8.1
166,  75, 29.25992413, 94.79616942,   8.1
167,  75, 29.25121843, 94.79465143,   8.0
168,  75, 29.24239850, 94.79312569,   7.9
169,  75, 29.23346249, 94.79159189,   7.8
170,  75, 29.22440855, 94.79004972,   7.8
171,  75, 29.21523480, 94.78849887,   7.7
172,  75, 29.20593931, 94.78693903,   7.6
173,  75, 29.19652017, 94.78536987,   7.6
174,  75, 29.18697541, 94.78379107,   7.5
175,  75, 29.17730303, 94.78220233,   7.4
176,  75, 29.16750104, 94.78060331,   7.4
177,  75, 29.15756738, 94.77899369,   7.3
178,  75, 29.14749999, 94.77737315,   7.2
179,  75, 29.13729677, 94.77574136,   7.1
180,  75, 29.12695560, 94.77409798,   7.1
181,  75, 29.11647433, 94.77244269,   7.0
182,  75, 29.10585078, 94.77077516,   6.9
183,  75, 29.09508272, 94.76909504,   6.8
184,  75, 29.08416793, 94.76740199,   6.8
185,  75, 29.07310413, 94.76569569,   6.7
186,  75, 29.06188902, 94.76397578,   6.6
187,  75, 29.05052026, 94.76224191,   6.5
188,  75, 29.03899548, 94.76049375,   6.4
189,  75, 29.02731229, 94.75873093,   6.3
190,  75, 29.01546825, 94.75695310,   6.2
191,  75, 29.00346090, 94.75515992,   6.1
192,  75, 28.99128774, 94.75335101,   6.0
193,  75, 28.97894624, 94.75152601,   5.9
194,  75, 28.96643382, 94.74968457,   5.8
195,  75, 28.95374788, 94.74782631,   5.8
196,  75, 28.94088578, 94.74595086,   5.7
197,  75, 28.92784484, 94.74405785,   5.6
198,  75, 28.91462235, 94.74214690,   5.5
199,  75, 28.90121555, 94.74021763,   5.4
200,  75, 28.88762166, 94.73826965,   5.3
201,  75, 28.87383785, 94.73630257,   5.2
202,  75, 28.85986123, 94.73431602,   5.1
203,  75, 28.84568892, 94.73230958,   5.0
204,  75, 28.83131795, 94.73028287,   4.9
205,  75, 28.81674533, 94.72823548,   4.8
206,  75, 28.80196803, 94.72616700,   4.7
207,  75, 28.78698298, 94.72407704,   4.6
208,  75, 28.77178705, 94.72196516,   4.5
209,  75, 28.75637708, 94.71983096,   4.4
210,  75, 28.74074987, 94.71767402,   4.3
211,  75, 28.72490215, 94.71549390,   4.2
212,  75, 28.70883064, 94.71329019,   4.1
213,  75, 28.69253198, 94.71106244,   4.0
214,  75, 28.67600279, 94.70881022,   3.9
215,  75, 28.65923962, 94.70653309,   3.8
216,  75, 28.64223899, 94.70423060,   3.7
217,  75, 28.62499735, 94.70190229,   3.6
218,  75, 28.60751111, 94.69954772,   3.5
219,  75, 28.58977664, 94.69716642,   3.4
220,  75, 28.57179025, 94.69475793,   3.2
221,  75, 28.55354819, 94.69232177,   3.1
222,  75, 28.53504666, 94.68985748,   3.0
223,  75, 28.51628182, 94.68736456,   2.9
224,  75, 28.49724975, 94.68484255,   2.8
225,  75, 28.47794650, 94.68229094,   2.6
226,  75, 28.45836805, 94.67970924,   2.5
227,  75, 28.43851033, 94.67709695,   2.4
228,  75, 28.41836919, 94.67445357,   2.3
229,  75, 28.39794046, 94.67177858,   2.2
230,  75, 28.37721987, 94.66907147,   2.1
231,  75, 28.35620312, 94.66633172,   2.0
232,  75, 28.33488583, 94.66355879,   2.0
233,  75, 28.31326356, 94.66075216,   2.0
234,  75, 28.29133183, 94.65791128,   2.0
235,  75, 28.26908605, 94.65503561,   2.0
236,  75, 28.24652161, 94.65212459,   1.9
237,  75, 28.22363380, 94.64917768,   1.9
238,  75, 28.20041787, 94.64619430,   2.0
239,  75, 28.17686899, 94.64317389,   2.0
240,  75, 28.15298225, 94.64011587,   2.0
241,  75, 28.12875268, 94.63701965,   2.0
  1,  76, 30.07270314, 95.19097873,  99.9
  2,  76, 30.06728659, 95.18562074,  99.9
  3,  76, 30.06192533, 95.18033683,  99.9
  4,  76, 30.05661827, 95.17512588,  99.9
  5,  76, 30.05136431, 95.16998679,  99.9
  6,  76, 30.04616236, 95.16491845,  99.9
  7,  76, 30.04101135, 95.15991982,  99.9
  8,  76, 30.03591022, 95.15498981,  99.9
  9,  76, 30.03085791, 95.15012739,  99.9
 10,  76, 30.02585338, 95.14533154,  99.9
 11,  76, 30.02089559, 95.14060123,  99.9
 12,  76, 30.01598352, 95.13593547,  99.9
 13,  76, 30.01111616, 95.13133327,  99.9
 14,  76, 30.00629250, 95.12679365,  99.9
 15,  76, 30.00151153, 95.12231566,  99.9
 16,  76, 29.99677228, 95.11789834,  99.9
 17,  76, 29.99207376, 95.11354078,  99.9
 18,  76, 29.98741501, 95.10924204,  99.9
 19,  76, 29.98279505, 95.10500122,  99.9
 20,  76, 29.97821293, 95.10081742,  99.9
 21,  76, 29.97366771, 95.09668977,  99.9
 22,  76, 29.96915844, 95.09261738,  99.9
 23,  76, 29.96468418, 95.08859940,  99.9
 24,  76, 29.96024403, 95.08463499,  99.9
 25,  76, 29.95583704, 95.08072330,  99.9
 26,  76, 29.95146232, 95.07686351,  99.9
 27,  76, 29.94711896, 95.07305481,  99.9
 28,  76, 29.94280606, 95.06929640,  99.9
 29,  76, 29.93852271, 95.06558748,  99.9
 30,  76, 29.93426805, 95.06192727,  99.9
 31,  76, 29.93004118, 95.05831500,  99.9
 32,  76, 29.92584123, 95.05474991,  99.9
 33,  76, 29.92166733, 95.05123125,  99.9
 34,  76, 29.91751862, 95.04775829,  99.9
 35,  76, 29.91339423, 95.04433027,  99.9
 36,  76, 29.90929331, 95.04094650,  99.9
 37,  76, 29.90521502, 95.03760625,  99.9
 38,  76, 29.90115849, 95.03430882,  99.9
 39,  76, 29.89712291, 95.03105353,  99.9
 40,  76, 29.89310742, 95.02783967,  99.9
 41,  76, 29.88911119, 95.02466659,  99.9
 42,  76, 29.88513341, 95.02153361,  99.9
 43,  76, 29.88117323, 95.01844007,  99.9
 44,  76, 29.87722984, 95.01538532,  99.9
 45,  76, 29.87330243, 95.01236873,  99.9
 46,  76, 29.86939018, 95.00938965,  99.9
 47,  76, 29.86549227, 95.00644747,  99.9
 48,  76, 29.86160790, 95.00354156,  99.9
 49,  76, 29.85773626, 95.00067132,  99.9
 50,  76, 29.85387654, 94.99783613,  99.9
 51,  76, 29.85002796, 94.99503542,  99.9
 52,  76, 29.84618970, 94.99226859,  99.9
 53,  76, 29.84236098, 94.98953505,  99.9
 54,  76, 29.83854099, 94.98683424,  99.9
 55,  76, 29.83472895, 94.98416559,  99.9
 56,  76, 29.83092406, 94.98152854,  99.9
 57,  76, 29.82712553, 94.97892254,  99.9
 58,  76, 29.82333258, 94.97634703,  99.9
 59,  76, 29.81954442, 94.97380149,  99.9
 60,  76, 29.81576025, 94.97128538,  99.9
 61,  76, 29.81197930, 94.96879816,  99.9
 62,  76, 29.80820078, 94.96633933,  99.9
 63,  76, 29.80442390, 94.96390836,  99.9
 64,  76, 29.80064789, 94.96150474,  99.9
 65,  76, 29.79687195, 94.95912798,  99.9
 66,  76, 29.79309530, 94.95677757,  99.9
 67,  76, 29.78931715, 94.95445303,  99.9
 68,  76, 29.78553673, 94.95215385,  99.9
 69,  76, 29.78175325, 94.94987958,  99.9
 70,  76, 29.77796592, 94.94762972,  99.9
 71,  76, 29.77417395, 94.94540381,  99.9
 72,  76, 29.77037655, 94.94320139,  99.9
 73,  76, 29.76657295, 94.94102198,  99.9
 74,  76, 29.76276233, 94.93886514,  99.9
 75,  76, 29.75894393, 94.93673042,  99.9
 76,  76, 29.75511693, 94.93461737,  99.9
 77,  76, 29.75128055, 94.93252554,   6.4
 78,  76, 29.74743399, 94.93045451,   6.4
 79,  76, 29.74357644, 94.92840383,   6.4
 80,  76, 29.73970711, 94.92637308,   6.4
 81,  76, 29.73582520, 94.92436184,  99.9
 82,  76, 29.73192988, 94.92236968,  99.9
 83,  76, 29.72802037, 94.92039619,  99.9
 84,  76, 29.72409584, 94.91844096,  99.9
 85,  76, 29.72015547, 94.91650358,  99.9
 86,  76, 29.71619845, 94.91458365,  99.9
 87,  76, 29.71222395, 94.91268075,  99.9
 88,  76, 29.70823116, 94.91079451,  99.9
 89,  76, 29.70421923, 94.90892452,  99.9
 90,  76, 29.70018733, 94.90707039,  99.9
 91,  76, 29.69613463, 94.90523174,  99.9
 92,  76, 29.69206029, 94.90340819,  99.9
 93,  76, 29.68796345, 94.90159934,  99.9
 94,  76, 29.68384326, 94.89980484,  99.9
 95,  76, 29.67969886, 94.89802430,  99.9
 96,  76, 29.67552941, 94.89625735,  99.9
 97,  76, 29.67133402, 94.89450362,  99.9
 98,  76, 29.66711182, 94.89276276,  99.9
 99,  76, 29.66286194, 94.89103439,  99.9
100,  76, 29.65858349, 94.88931815,   6.3
101,  76, 29.65427559, 94.88761370,   6.3
102,  76, 29.64993733, 94.88592067,   6.3
103,  76, 29.64556781, 94.88423871,   6.3
104,  76, 29.64116613, 94.88256747,   6.3
105,  76, 29.63673137, 94.88090661,   6.3
106,  76, 29.63226261, 94.87925578,   6.3
107,  76, 29.62775891, 94.87761464,   6.3
108,  76, 29.62321934, 94.87598284,   6.3
109,  76, 29.61864296, 94.87436005,   6.3
110,  76, 29.61402881, 94.87274592,   6.3
111,  76, 29.60937593, 94.87114014,   6.3
112,  76, 29.60468336, 94.86954235,   6.3
113,  76, 29.59995012, 94.86795223,   6.3
114,  76, 29.59517523, 94.86636945,   6.3
115,  76, 29.59035768, 94.86479367,   6.3
116,  76, 29.58549648, 94.86322459,   6.3
117,  76, 29.58059062, 94.86166186,   6.3
118,  76, 29.57563908, 94.86010516,   6.3
119,  76, 29.57064082, 94.85855418,   6.3
120,  76, 29.56559481, 94.85700858,   6.3
121,  76, 29.56049999, 94.85546806,   6.3
122,  76, 29.55535531, 94.85393228,   6.3
123,  76, 29.55015969, 94.85240094,   6.3
124,  76, 29.54491206, 94.85087371,   6.4
125,  76, 29.53961131, 94.84935028,   6.4
126,  76, 29.53425636, 94.84783034,   6.4
127,  76, 29.52884608, 94.84631357,   6.4
128,  76, 29.52337935, 94.84479965,   6.4
129,  76, 29.51785503, 94.84328827,   6.4
130,  76, 29.51227197, 94.84177913,   6.4
131,  76, 29.50662901, 94.84027190,   6.4
132,  76, 29.50092498, 94.83876629,   6.4
133,  76, 29.49515868, 94.83726196,   6.4
134,  76, 29.48932892, 94.83575863,   6.5
135,  76, 29.48343448, 94.83425597,   6.5
136,  76, 29.47747414, 94.83275368,   6.5
137,  76, 29.47144666, 94.83125144,   6.6
138,  76, 29.46535078, 94.82974896,   6.6
139,  76, 29.45918523, 94.82824590,   6.7
140,  76, 29.45294873, 94.82674198,   6.7
141,  76, 29.44663999, 94.82523687,   6.7
142,  76, 29.44025768, 94.82373028,   6.8
143,  76, 29.43380049, 94.82222188,   6.8
144,  76, 29.42726706, 94.82071137,   6.9
145,  76, 29.42065604, 94.81919843,   6.9
146,  76, 29.41396605, 94.81768277,   7.0
147,  76, 29.40719569, 94.81616405,   7.0
148,  76, 29.40034357, 94.81464199,   7.1
149,  76, 29.39340825, 94.81311625,   7.1
150,  76, 29.38638829, 94.81158653,   7.2
151,  76, 29.37928223, 94.81005252,   7.3
152,  76, 29.37208858, 94.80851389,   7.3
153,  76, 29.36480586, 94.80697034,   7.4
154,  76, 29.35743254, 94.80542155,   7.4
155,  76, 29.34996710, 94.80386720,   7.4
156,  76, 29.34240796, 94.80230698,  99.9
157,  76, 29.33475358, 94.80074056,  99.9
158,  76, 29.32700234, 94.79916762,  99.9
159,  76, 29.31915264, 94.79758784,  99.9
160,  76, 29.31120284, 94.79600091,   7.4
161,  76, 29.30315129, 94.79440649,   7.4
162,  76, 29.29499631, 94.79280427,  99.9
163,  76, 29.28673620, 94.79119391,   8.1
164,  76, 29.27836925, 94.78957508,   8.1
165,  76, 29.26989371, 94.78794746,   8.1
166,  76, 29.26130782, 94.78631072,   8.0
167,  76, 29.25260979, 94.78466452,   7.9
168,  76, 29.24379781, 94.78300853,   7.9
169,  76, 29.23487005, 94.78134240,   7.8
170,  76, 29.22582464, 94.77966581,   7.7
171,  76, 29.21665971, 94.77797842,   7.7
172,  76, 29.20737334, 94.77627987,   7.6
173,  76, 29.19796360, 94.77456982,   7.5
174,  76, 29.18842854, 94.77284794,   7.4
175,  76, 29.17876617, 94.77111387,   7.4
176,  76, 29.16897448, 94.76936725,   7.3
177,  76, 29.15905142, 94.76760774,   7.2
178,  76, 29.14899494, 94.76583498,   7.2
179,  76, 29.13880294, 94.76404862,   7.1
180,  76, 29.12847330, 94.76224828,   7.0
181,  76, 29.11800386, 94.76043361,   6.9
182,  76, 29.10739245, 94.75860425,   6.9
183,  76, 29.09663686, 94.75675982,   6.8
184,  76, 29.08573485, 94.75489995,   6.7
185,  76, 29.07468415, 94.75302426,   6.6
186,  76, 29.06348246, 94.75113239,   6.5
187,  76, 29.05212745, 94.74922395,   6.4
188,  76, 29.04061675, 94.74729856,   6.4
189,  76, 29.02894796, 94.74535583,   6.3
190,  76, 29.01711867, 94.74339537,   6.2
191,  76, 29.00512640, 94.74141679,   6.1
192,  76, 28.99296865, 94.73941969,   6.0
193,  76, 28.98064291, 94.73740368,   5.9
194,  76, 28.96814659, 94.73536834,   5.8
195,  76, 28.95547711, 94.73331328,   5.7
196,  76, 28.94263182, 94.73123809,   5.6
197,  76, 28.92960804, 94.72914234,   5.5
198,  76, 28.91640307, 94.72702562,   5.5
199,  76, 28.90301416, 94.72488752,   5.4
200,  76, 28.88943852, 94.72272760,   5.3
201,  76, 28.87567332, 94.72054544,   5.2
202,  76, 28.86171570, 94.71834060,   5.1
203,  76, 28.84756275, 94.71611264,   5.0
204,  76, 28.83321153, 94.71386113,   4.9
205,  76, 28.81865904, 94.71158561,   4.8
206,  76, 28.80390227, 94.70928565,   4.7
207,  76, 28.78893813, 94.70696077,   4.6
208,  76, 28.77376351, 94.70461053,   4.5
209,  76, 28.75837525, 94.70223446,   4.4
210,  76, 28.74277015, 94.69983208,   4.3
211,  76, 28.72694496, 94.69740294,   4.2
212,  76, 28.71089638, 94.69494654,   4.1
213,  76, 28.69462108, 94.69246242,   4.0
214,  76, 28.67811566, 94.68995006,   3.9
215,  76, 28.66137669, 94.68740900,   3.8
216,  76, 28.64440069, 94.68483872,   3.7
217,  76, 28.62718412, 94.68223873,   3.5
218,  76, 28.60972340, 94.67960851,   3.4
219,  76, 28.59201489, 94.67694755,   3.3
220,  76, 28.57405490, 94.67425533,   3.2
221,  76, 28.55583970, 94.67153133,   3.1
222,  76, 28.53736550, 94.66877502,   3.0
223,  76, 28.51862845, 94.66598585,   2.9
224,  76, 28.49962464, 94.66316330,   2.7
225,  76, 28.48035013, 94.66030680,   2.6
226,  76, 28.46080091, 94.65741581,   2.5
227,  76, 28.44097289, 94.65448976,   2.4
228,  76, 28.42086196, 94.65152809,   2.3
229,  76, 28.40046393, 94.64853023,   2.2
230,  76, 28.37977456, 94.64549560,   2.1
231,  76, 28.35878953, 94.64242361,   2.0
232,  76, 28.33750448, 94.63931367,   2.0
233,  76, 28.31591498, 94.63616518,   2.0
234,  76, 28.29401653, 94.63297754,   2.0
235,  76, 28.27180459, 94.62975014,   2.0
236,  76, 28.24927452, 94.62648236,   2.0
237,  76, 28.22642164, 94.62317357,   2.0
238,  76, 28.20324118, 94.61982314,   2.0
239,  76, 28.17972834, 94.61643043,   2.0
240,  76, 28.15587821, 94.61299479,   2.0
241,  76, 28.13168583, 94.60951558,   2.0
  1,  77, 30.07736756, 95.18468194,  99.9
  2,  77, 30.07188690, 95.17938908,  99.9
  3,  77, 30.06646251, 95.17416900,  99.9
  4,  77, 30.06109326, 95.16902060,  99.9
  5,  77, 30.05577805, 95.16394277,  99.9
  6,  77, 30.05051578, 95.15893446,  99.9
  7,  77, 30.04530537, 95.15399459,  99.9
  8,  77, 30.04014573, 95.14912212,  99.9
  9,  77, 30.03503580, 95.14431602,  99.9
 10,  77, 30.02997453, 95.13957528,  99.9
 11,  77, 30.02496086, 95.13489888,  99.9
 12,  77, 30.01999377, 95.13028584,  99.9
 13,  77, 30.01507222, 95.12573518,  99.9
 14,  77, 30.01019520, 95.12124594,  99.9
 15,  77, 30.00536170, 95.11681718,  99.9
 16,  77, 30.00057072, 95.11244795,  99.9
 17,  77, 29.99582126, 95.10813733,  99.9
 18,  77, 29.99111236, 95.10388442,  99.9
 19,  77, 29.98644302, 95.09968830,  99.9
 20,  77, 29.98181229, 95.09554811,  99.9
 21,  77, 29.97721921, 95.09146296,  99.9
 22,  77, 29.97266283, 95.08743199,  99.9
 23,  77, 29.96814220, 95.08345436,  99.9
 24,  77, 29.96365638, 95.07952921,  99.9
 25,  77, 29.95920446, 95.07565573,  99.9
 26,  77, 29.95478550, 95.07183310,  99.9
 27,  77, 29.95039859, 95.06806050,  99.9
 28,  77, 29.94604283, 95.06433716,  99.9
 29,  77, 29.94171731, 95.06066227,  99.9
 30,  77, 29.93742114, 95.05703507,  99.9
 31,  77, 29.93315342, 95.05345480,  99.9
 32,  77, 29.92891327, 95.04992070,  99.9
 33,  77, 29.92469981, 95.04643202,  99.9
 34,  77, 29.92051218, 95.04298803,  99.9
 35,  77, 29.91634949, 95.03958800,  99.9
 36,  77, 29.91221090, 95.03623123,  99.9
 37,  77, 29.90809553, 95.03291700,  99.9
 38,  77, 29.90400254, 95.02964462,  99.9
 39,  77, 29.89993108, 95.02641340,  99.9
 40,  77, 29.89588031, 95.02322265,  99.9
 41,  77, 29.89184938, 95.02007172,  99.9
 42,  77, 29.88783746, 95.01695993,  99.9
 43,  77, 29.88384371, 95.01388663,  99.9
 44,  77, 29.87986731, 95.01085118,  99.9
 45,  77, 29.87590744, 95.00785294,  99.9
 46,  77, 29.87196327, 95.00489128,  99.9
 47,  77, 29.86803398, 95.00196558,  99.9
 48,  77, 29.86411876, 94.99907522,  99.9
 49,  77, 29.86021680, 94.99621959,  99.9
 50,  77, 29.85632728, 94.99339810,  99.9
 51,  77, 29.85244940, 94.99061016,  99.9
 52,  77, 29.84858236, 94.98785518,  99.9
 53,  77, 29.84472534, 94.98513257,  99.9
 54,  77, 29.84087756, 94.98244178,  99.9
 55,  77, 29.83703821, 94.97978224,  99.9
 56,  77, 29.83320650, 94.97715338,  99.9
 57,  77, 29.82938162, 94.97455466,  99.9
 58,  77, 29.82556279, 94.97198554,  99.9
 59,  77, 29.82174921, 94.96944547,  99.9
 60,  77, 29.81794009, 94.96693392,  99.9
 61,  77, 29.81413464, 94.96445037,  99.9
 62,  77, 29.81033207, 94.96199429,  99.9
 63,  77, 29.80653159, 94.95956518,  99.9
 64,  77, 29.80273241, 94.95716251,  99.9
 65,  77, 29.79893373, 94.95478580,  99.9
 66,  77, 29.79513478, 94.95243454,  99.9
 67,  77, 29.79133477, 94.95010824,  99.9
 68,  77, 29.78753289, 94.94780642,  99.9
 69,  77, 29.78372837, 94.94552858,  99.9
 70,  77, 29.77992040, 94.94327426,  99.9
 71,  77, 29.77610821, 94.94104299,  99.9
 72,  77, 29.77229100, 94.93883429,  99.9
 73,  77, 29.76846798, 94.93664771,  99.9
 74,  77, 29.76463834, 94.93448278,  99.9
 75,  77, 29.76080130, 94.93233906,  99.9
 76,  77, 29.75695606, 94.93021610,  99.9
 77,  77, 29.75310181, 94.92811345,   6.4
 78,  77, 29.74923777, 94.92603068,  99.9
 79,  77, 29.74536311, 94.92396735,  99.9
 80,  77, 29.74147705, 94.92192302,  99.9
 81,  77, 29.73757877, 94.91989728,  99.9
 82,  77, 29.73366745, 94.91788970,  99.9
 83,  77, 29.72974230, 94.91589985,  99.9
 84,  77, 29.72580248, 94.91392733,  99.9
 85,  77, 29.72184719, 94.91197173,  99.9
 86,  77, 29.71787559, 94.91003262,  99.9
 87,  77, 29.71388687, 94.90810962,  99.9
 88,  77, 29.70988019, 94.90620232,  99.9
 89,  77, 29.70585473, 94.90431032,  99.9
 90,  77, 29.70180964, 94.90243323,  99.9
 91,  77, 29.69774408, 94.90057065,  99.9
 92,  77, 29.69365721, 94.89872220,  99.9
 93,  77, 29.68954817, 94.89688749,  99.9
 94,  77, 29.68541612, 94.89506615,  99.9
 95,  77, 29.68126019, 94.89325778,  99.9
 96,  77, 29.67707952, 94.89146202,  99.9
 97,  77, 29.67287324, 94.88967849,  99.9
 98,  77, 29.66864048, 94.88790681,  99.9
 99,  77, 29.66438035, 94.88614663,  99.9
100,  77, 29.66009196, 94.88439757,   6.3
101,  77, 29.65577444, 94.88265928,   6.3
102,  77, 29.65142687, 94.88093138,   6.3
103,  77, 29.64704835, 94.87921351,   6.3
104,  77, 29.64263797, 94.87750534,   6.3
105,  77, 29.63819482, 94.87580648,   6.3
106,  77, 29.63371798, 94.87411661,   6.3
107,  77, 29.62920650, 94.87243535,   6.3
108,  77, 29.62465945, 94.87076237,   6.3
109,  77, 29.62007588, 94.86909731,   6.3
110,  77, 29.61545485, 94.86743983,   6.3
111,  77, 29.61079538, 94.86578959,   6.3
112,  77, 29.60609652, 94.86414625,   6.3
113,  77, 29.60135728, 94.86250945,   6.3
114,  77, 29.59657667, 94.86087887,   6.3
115,  77, 29.59175371, 94.85925417,   6.3
116,  77, 29.58688738, 94.85763500,   6.3
117,  77, 29.58197668, 94.85602103,   6.3
118,  77, 29.57702058, 94.85441193,   6.3
119,  77, 29.57201806, 94.85280737,   6.3
120,  77, 29.56696807, 94.85120701,   6.3
121,  77, 29.56186955, 94.84961052,   6.3
122,  77, 29.55672146, 94.84801756,   6.3
123,  77, 29.55152271, 94.84642782,   6.3
124,  77, 29.54627223, 94.84484096,   6.3
125,  77, 29.54096892, 94.84325666,   6.3
126,  77, 29.53561169, 94.84167458,   6.3
127,  77, 29.53019940, 94.84009440,   6.4
128,  77, 29.52473095, 94.83851579,   6.4
129,  77, 29.51920519, 94.83693843,   6.4
130,  77, 29.51362096, 94.83536198,   6.4
131,  77, 29.50797712, 94.83378613,   6.4
132,  77, 29.50227248, 94.83221056,   6.4
133,  77, 29.49650585, 94.83063492,   6.4
134,  77, 29.49067604, 94.82905891,   6.4
135,  77, 29.48478184, 94.82748219,   6.5
136,  77, 29.47882201, 94.82590444,   6.5
137,  77, 29.47279531, 94.82432533,   6.6
138,  77, 29.46670050, 94.82274454,   6.6
139,  77, 29.46053630, 94.82116175,   6.6
140,  77, 29.45430143, 94.81957663,   6.7
141,  77, 29.44799459, 94.81798884,   6.7
142,  77, 29.44161447, 94.81639808,   6.8
143,  77, 29.43515974, 94.81480400,   6.8
144,  77, 29.42862905, 94.81320628,   6.9
145,  77, 29.42202106, 94.81160459,   6.9
146,  77, 29.41533438, 94.80999861,   7.0
147,  77, 29.40856762, 94.80838801,   7.0
148,  77, 29.40171937, 94.80677244,   7.1
149,  77, 29.39478820, 94.80515159,   7.1
150,  77, 29.38777269, 94.80352512,   7.2
151,  77, 29.38067135, 94.80189269,   7.3
152,  77, 29.37348272, 94.80025398,   7.4
153,  77, 29.36620530, 94.79860865,   7.4
154,  77, 29.35883757, 94.79695635,   7.5
155,  77, 29.35137801, 94.79529676,   7.5
156,  77, 29.34382505, 94.79362953,   7.6
157,  77, 29.33617712, 94.79195432,  99.9
158,  77, 29.32843264, 94.79027079,  99.9
159,  77, 29.32058999, 94.78857860,   7.4
160,  77, 29.31264754, 94.78687741,   7.4
161,  77, 29.30460363, 94.78516685,   7.4
162,  77, 29.29645659, 94.78344659,   7.3
163,  77, 29.28820473, 94.78171628,   8.1
164,  77, 29.27984632, 94.77997556,   8.1
165,  77, 29.27137963, 94.77822408,   8.0
166,  77, 29.26280289, 94.77646148,   7.9
167,  77, 29.25411432, 94.77468741,   7.9
168,  77, 29.24531211, 94.77290149,   7.8
169,  77, 29.23639442, 94.77110338,   7.7
170,  77, 29.22735941, 94.76929271,   7.7
171,  77, 29.21820518, 94.76746911,   7.6
172,  77, 29.20892984, 94.76563220,   7.5
173,  77, 29.19953145, 94.76378162,   7.5
174,  77, 29.19000806, 94.76191699,   7.4
175,  77, 29.18035767, 94.76003794,   7.3
176,  77, 29.17057830, 94.75814409,   7.2
177,  77, 29.16066789, 94.75623504,   7.2
178,  77, 29.15062438, 94.75431042,   7.1
179,  77, 29.14044569, 94.75236984,   7.0
180,  77, 29.13012969, 94.75041291,   7.0
181,  77, 29.11967424, 94.74843923,   6.9
182,  77, 29.10907715, 94.74644840,   6.8
183,  77, 29.09833624, 94.74444003,   6.7
184,  77, 29.08744924, 94.74241371,   6.6
185,  77, 29.07641391, 94.74036903,   6.6
186,  77, 29.06522794, 94.73830558,   6.5
187,  77, 29.05388901, 94.73622295,   6.4
188,  77, 29.04239474, 94.73412072,   6.3
189,  77, 29.03074276, 94.73199846,   6.2
190,  77, 29.01893063, 94.72985576,   6.1
191,  77, 29.00695590, 94.72769218,   6.0
192,  77, 28.99481607, 94.72550729,   5.9
193,  77, 28.98250861, 94.72330066,   5.8
194,  77, 28.97003096, 94.72107184,   5.8
195,  77, 28.95738052, 94.71882039,   5.7
196,  77, 28.94455467, 94.71654586,   5.6
197,  77, 28.93155072, 94.71424779,   5.5
198,  77, 28.91836598, 94.71192574,   5.4
199,  77, 28.90499769, 94.70957923,   5.3
200,  77, 28.89144307, 94.70720780,   5.2
201,  77, 28.87769931, 94.70481098,   5.2
202,  77, 28.86376353, 94.70238829,   5.1
203,  77, 28.84963284, 94.69993926,   5.0
204,  77, 28.83530430, 94.69746339,   4.9
205,  77, 28.82077492, 94.69496020,   4.8
206,  77, 28.80604168, 94.69242920,   4.6
207,  77, 28.79110151, 94.68986987,   4.5
208,  77, 28.77595129, 94.68728173,   4.4
209,  77, 28.76058788, 94.68466425,   4.3
210,  77, 28.74500808, 94.68201692,   4.2
211,  77, 28.72920864, 94.67933923,   4.1
212,  77, 28.71318627, 94.67663063,   4.0
213,  77, 28.69693764, 94.67389061,   3.9
214,  77, 28.68045936, 94.67111862,   3.8
215,  77, 28.66374800, 94.66831412,   3.7
216,  77, 28.64680009, 94.66547656,   3.6
217,  77, 28.62961209, 94.66260538,   3.5
218,  77, 28.61218043, 94.65970003,   3.4
219,  77, 28.59450148, 94.65675993,   3.3
220,  77, 28.57657155, 94.65378452,   3.2
221,  77, 28.55838692, 94.65077321,   3.1
222,  77, 28.53994380, 94.64772541,   3.0
223,  77, 28.52123834, 94.64464054,   2.8
224,  77, 28.50226666, 94.64151799,   2.7
225,  77, 28.48302481, 94.63835716,   2.6
226,  77, 28.46350877, 94.63515743,   2.5
227,  77, 28.44371449, 94.63191819,   2.4
228,  77, 28.42363784, 94.62863880,   2.3
229,  77, 28.40327465, 94.62531865,   2.1
230,  77, 28.38262068, 94.62195708,   2.1
231,  77, 28.36167162, 94.61855344,   2.1
232,  77, 28.34042312, 94.61510709,   2.0
233,  77, 28.31887076, 94.61161735,   2.0
234,  77, 28.29701004, 94.60808357,   2.0
235,  77, 28.27483641, 94.60450506,   2.0
236,  77, 28.25234527, 94.60088113,   2.0
237,  77, 28.22953193, 94.59721110,   2.0
238,  77, 28.20639164, 94.59349425,   2.0
239,  77, 28.18291958, 94.58972989,   2.0
240,  77, 28.15911087, 94.58591730,   2.0
241,  77, 28.13496056, 94.58205574,   2.0
  1,  78, 30.08197406, 95.17831126,  99.9
  2,  78, 30.07643044, 95.17308464,  99.9
  3,  78, 30.07094404, 95.16792950,  99.9
  4,  78, 30.06551372, 95.16284473,  99.9
  5,  78, 30.06013838, 95.15782926,  99.9
  6,  78, 30.05481689, 95.15288202,  99.9
  7,  78, 30.04954815, 95.14800197,  99.9
  8,  78, 30.04433108, 95.14318807,  99.9
  9,  78, 30.03916460, 95.13843930,  99.9
 10,  78, 30.03404764, 95.13375466,  99.9
 11,  78, 30.02897914, 95.12913316,  99.9
 12,  78, 30.02395806, 95.12457382,  99.9
 13,  78, 30.01898335, 95.12007567,  99.9
 14,  78, 30.01405399, 95.11563776,  99.9
 15,  78, 30.00916896, 95.11125916,  99.9
 16,  78, 30.00432725, 95.10693894,  99.9
 17,  78, 29.99952785, 95.10267618,  99.9
 18,  78, 29.99476978, 95.09846999,  99.9
 19,  78, 29.99005204, 95.09431947,  99.9
 20,  78, 29.98537366, 95.09022376,  99.9
 21,  78, 29.98073368, 95.08618198,  99.9
 22,  78, 29.97613113, 95.08219328,  99.9
 23,  78, 29.97156506, 95.07825682,  99.9
 24,  78, 29.96703453, 95.07437177,  99.9
 25,  78, 29.96253859, 95.07053732,  99.9
 26,  78, 29.95807632, 95.06675264,  99.9
 27,  78, 29.95364678, 95.06301695,  99.9
 28,  78, 29.94924907, 95.05932946,  99.9
 29,  78, 29.94488228, 95.05568938,  99.9
 30,  78, 29.94054549, 95.05209596,  99.9
 31,  78, 29.93623781, 95.04854843,  99.9
 32,  78, 29.93195834, 95.04504605,  99.9
 33,  78, 29.92770621, 95.04158809,  99.9
 34,  78, 29.92348052, 95.03817380,  99.9
 35,  78, 29.91928041, 95.03480248,  99.9
 36,  78, 29.91510499, 95.03147342,  99.9
 37,  78, 29.91095341, 95.02818591,  99.9
 38,  78, 29.90682481, 95.02493926,  99.9
 39,  78, 29.90271833, 95.02173279,  99.9
 40,  78, 29.89863311, 95.01856583,  99.9
 41,  78, 29.89456831, 95.01543770,  99.9
 42,  78, 29.89052309, 95.01234776,  99.9
 43,  78, 29.88649661, 95.00929536,  99.9
 44,  78, 29.88248803, 95.00627984,  99.9
 45,  78, 29.87849652, 95.00330058,  99.9
 46,  78, 29.87452126, 95.00035696,  99.9
 47,  78, 29.87056141, 94.99744835,  99.9
 48,  78, 29.86661616, 94.99457414,  99.9
 49,  78, 29.86268468, 94.99173373,  99.9
 50,  78, 29.85876617, 94.98892653,  99.9
 51,  78, 29.85485980, 94.98615194,  99.9
 52,  78, 29.85096477, 94.98340939,  99.9
 53,  78, 29.84708027, 94.98069829,  99.9
 54,  78, 29.84320550, 94.97801808,  99.9
 55,  78, 29.83933964, 94.97536820,  99.9
 56,  78, 29.83548189, 94.97274809,  99.9
 57,  78, 29.83163146, 94.97015720,  99.9
 58,  78, 29.82778755, 94.96759499,  99.9
 59,  78, 29.82394935, 94.96506092,  99.9
 60,  78, 29.82011607, 94.96255447,  99.9
 61,  78, 29.81628691, 94.96007510,  99.9
 62,  78, 29.81246108, 94.95762229,  99.9
 63,  78, 29.80863778, 94.95519554,  99.9
 64,  78, 29.80481623, 94.95279433,  99.9
 65,  78, 29.80099561, 94.95041817,  99.9
 66,  78, 29.79717515, 94.94806655,  99.9
 67,  78, 29.79335405, 94.94573899,  99.9
 68,  78, 29.78953151, 94.94343499,  99.9
 69,  78, 29.78570673, 94.94115407,  99.9
 70,  78, 29.78187894, 94.93889576,  99.9
 71,  78, 29.77804732, 94.93665959,  99.9
 72,  78, 29.77421108, 94.93444508,  99.9
 73,  78, 29.77036943, 94.93225177,  99.9
 74,  78, 29.76652157, 94.93007921,  99.9
 75,  78, 29.76266669, 94.92792695,  99.9
 76,  78, 29.75880401, 94.92579452,  99.9
 77,  78, 29.75493270, 94.92368149,   6.4
 78,  78, 29.75105197, 94.92158741,  99.9
 79,  78, 29.74716102, 94.91951186,  99.9
 80,  78, 29.74325902, 94.91745438,  99.9
 81,  78, 29.73934518, 94.91541456,  99.9
 82,  78, 29.73541868, 94.91339197,  99.9
 83,  78, 29.73147870, 94.91138619,  99.9
 84,  78, 29.72752442, 94.90939679,  99.9
 85,  78, 29.72355502, 94.90742337,  99.9
 86,  78, 29.71956967, 94.90546550,  99.9
 87,  78, 29.71556755, 94.90352279,  99.9
 88,  78, 29.71154783, 94.90159483,  99.9
 89,  78, 29.70750966, 94.89968122,  99.9
 90,  78, 29.70345221, 94.89778155,  99.9
 91,  78, 29.69937464, 94.89589543,  99.9
 92,  78, 29.69527609, 94.89402247,  99.9
 93,  78, 29.69115572, 94.89216228,  99.9
 94,  78, 29.68701266, 94.89031447,  99.9
 95,  78, 29.68284606, 94.88847866,  99.9
 96,  78, 29.67865505, 94.88665446,  99.9
 97,  78, 29.67443875, 94.88484149,  99.9
 98,  78, 29.67019630, 94.88303938,  99.9
 99,  78, 29.66592680, 94.88124775,   6.3
100,  78, 29.66162937, 94.87946624,   6.3
101,  78, 29.65730311, 94.87769446,   6.3
102,  78, 29.65294714, 94.87593204,   6.3
103,  78, 29.64856053, 94.87417864,   6.3
104,  78, 29.64414237, 94.87243387,   6.3
105,  78, 29.63969176, 94.87069738,   6.3
106,  78, 29.63520775, 94.86896881,   6.3
107,  78, 29.63068943, 94.86724779,   6.3
108,  78, 29.62613584, 94.86553397,   6.3
109,  78, 29.62154604, 94.86382699,   6.3
110,  78, 29.61691908, 94.86212651,   6.3
111,  78, 29.61225399, 94.86043216,   6.3
112,  78, 29.60754981, 94.85874360,   6.3
113,  78, 29.60280555, 94.85706047,   6.3
114,  78, 29.59802023, 94.85538243,   6.3
115,  78, 29.59319284, 94.85370912,   6.3
116,  78, 29.58832240, 94.85204021,   6.3
117,  78, 29.58340787, 94.85037534,   6.3
118,  78, 29.57844825, 94.84871417,   6.3
119,  78, 29.57344249, 94.84705636,   6.3
120,  78, 29.56838956, 94.84540156,   6.3
121,  78, 29.56328841, 94.84374944,   6.3
122,  78, 29.55813797, 94.84209964,   6.3
123,  78, 29.55293717, 94.84045183,   6.3
124,  78, 29.54768493, 94.83880566,   6.3
125,  78, 29.54238016, 94.83716081,   6.3
126,  78, 29.53702174, 94.83551692,   6.3
127,  78, 29.53160858, 94.83387366,   6.3
128,  78, 29.52613954, 94.83223068,   6.3
129,  78, 29.52061347, 94.83058766,   6.4
130,  78, 29.51502924, 94.82894424,   6.4
131,  78, 29.50938568, 94.82730010,   6.4
132,  78, 29.50368161, 94.82565488,   6.4
133,  78, 29.49791586, 94.82400826,   6.4
134,  78, 29.49208721, 94.82235989,   6.4
135,  78, 29.48619445, 94.82070943,   6.5
136,  78, 29.48023636, 94.81905655,   6.5
137,  78, 29.47421170, 94.81740090,   6.5
138,  78, 29.46811921, 94.81574214,   6.6
139,  78, 29.46195763, 94.81407993,   6.6
140,  78, 29.45572568, 94.81241393,   6.7
141,  78, 29.44942205, 94.81074380,   6.7
142,  78, 29.44304543, 94.80906919,   6.7
143,  78, 29.43659450, 94.80738976,   6.8
144,  78, 29.43006791, 94.80570516,   6.8
145,  78, 29.42346431, 94.80401505,   6.9
146,  78, 29.41678231, 94.80231909,   6.9
147,  78, 29.41002054, 94.80061691,   7.0
148,  78, 29.40317758, 94.79890818,   7.1
149,  78, 29.39625201, 94.79719255,   7.1
150,  78, 29.38924238, 94.79546966,   7.2
151,  78, 29.38214724, 94.79373916,   7.3
152,  78, 29.37496511, 94.79200069,   7.4
153,  78, 29.36769449, 94.79025391,   7.5
154,  78, 29.36033388, 94.78849845,   7.6
155,  78, 29.35288173, 94.78673395,   7.6
156,  78, 29.34533650, 94.78496006,   7.6
157,  78, 29.33769661, 94.78317641,   7.7
158,  78, 29.32996048, 94.78138263,   7.6
159,  78, 29.32212650, 94.77957837,   7.5
160,  78, 29.31419303, 94.77776326,   7.4
161,  78, 29.30615842, 94.77593691,  99.9
162,  78, 29.29802101, 94.77409897,   8.1
163,  78, 29.28977908, 94.77224906,   8.1
164,  78, 29.28143094, 94.77038680,   8.0
165,  78, 29.27297484, 94.76851181,   8.0
166,  78, 29.26440902, 94.76662371,   7.9
167,  78, 29.25573170, 94.76472213,   7.8
168,  78, 29.24694107, 94.76280666,   7.7
169,  78, 29.23803531, 94.76087693,   7.7
170,  78, 29.22901254, 94.75893254,   7.6
171,  78, 29.21987091, 94.75697310,   7.5
172,  78, 29.21060850, 94.75499820,   7.5
173,  78, 29.20122339, 94.75300746,   7.4
174,  78, 29.19171362, 94.75100047,   7.3
175,  78, 29.18207721, 94.74897682,   7.3
176,  78, 29.17231216, 94.74693611,   7.2
177,  78, 29.16241643, 94.74487791,   7.1
178,  78, 29.15238797, 94.74280183,   7.1
179,  78, 29.14222468, 94.74070743,   7.0
180,  78, 29.13192444, 94.73859429,   6.9
181,  78, 29.12148512, 94.73646199,   6.8
182,  78, 29.11090454, 94.73431011,   6.8
183,  78, 29.10018050, 94.73213820,   6.7
184,  78, 29.08931076, 94.72994583,   6.6
185,  78, 29.07829306, 94.72773256,   6.5
186,  78, 29.06712511, 94.72549795,   6.4
187,  78, 29.05580458, 94.72324154,   6.3
188,  78, 29.04432911, 94.72096289,   6.3
189,  78, 29.03269632, 94.71866154,   6.2
190,  78, 29.02090378, 94.71633702,   6.1
191,  78, 29.00894904, 94.71398888,   6.0
192,  78, 28.99682960, 94.71161664,   5.9
193,  78, 28.98454295, 94.70921983,   5.8
194,  78, 28.97208653, 94.70679797,   5.7
195,  78, 28.95945773, 94.70435058,   5.6
196,  78, 28.94665394, 94.70187716,   5.5
197,  78, 28.93367248, 94.69937724,   5.5
198,  78, 28.92051066, 94.69685030,   5.4
199,  78, 28.90716573, 94.69429585,   5.3
200,  78, 28.89363491, 94.69171338,   5.2
201,  78, 28.87991539, 94.68910238,   5.1
202,  78, 28.86600431, 94.68646233,   5.0
203,  78, 28.85189877, 94.68379270,   4.9
204,  78, 28.83759584, 94.68109297,   4.8
205,  78, 28.82309253, 94.67836261,   4.7
206,  78, 28.80838583, 94.67560106,   4.6
207,  78, 28.79347268, 94.67280780,   4.5
208,  78, 28.77834996, 94.66998226,   4.4
209,  78, 28.76301453, 94.66712389,   4.3
210,  78, 28.74746321, 94.66423213,   4.2
211,  78, 28.73169274, 94.66130641,   4.1
212,  78, 28.71569984, 94.65834615,   4.0
213,  78, 28.69948119, 94.65535077,   3.9
214,  78, 28.68303341, 94.65231968,   3.8
215,  78, 28.66635307, 94.64925230,   3.7
216,  78, 28.64943670, 94.64614801,   3.6
217,  78, 28.63228077, 94.64300622,   3.5
218,  78, 28.61488172, 94.63982630,   3.4
219,  78, 28.59723593, 94.63660764,   3.3
220,  78, 28.57933971, 94.63334960,   3.2
221,  78, 28.56118934, 94.63005156,   3.0
222,  78, 28.54278104, 94.62671288,   2.9
223,  78, 28.52411099, 94.62333290,   2.8
224,  78, 28.50517528, 94.61991096,   2.7
225,  78, 28.48596998, 94.61644641,   2.6
226,  78, 28.46649110, 94.61293856,   2.5
227,  78, 28.44673457, 94.60938675,   2.4
228,  78, 28.42669627, 94.60579029,   2.2
229,  78, 28.40637205, 94.60214848,   2.1
230,  78, 28.38575767, 94.59846062,   2.1
231,  78, 28.36484883, 94.59472599,   2.1
232,  78, 28.34364118, 94.59094389,   2.0
233,  78, 28.32213031, 94.58711358,   2.0
234,  78, 28.30031174, 94.58323432,   2.0
235,  78, 28.27818092, 94.57930538,   2.0
236,  78, 28.25573325, 94.57532601,   2.0
237,  78, 28.23296406, 94.57129543,   2.0
238,  78, 28.20986860, 94.56721288,   2.0
239,  78, 28.18644207, 94.56307759,   2.0
240,  78, 28.16267959, 94.55888876,   2.0
241,  78, 28.13857622, 94.55464560,   2.0
  1,  79, 30.08652166, 95.17186800,  99.9
  2,  79, 30.08091623, 95.16670874,  99.9
  3,  79, 30.07536897, 95.16161962,  99.9
  4,  79, 30.06987873, 95.15659957,  99.9
  5,  79, 30.06444437, 95.15164751,  99.9
  6,  79, 30.05906476, 95.14676239,  99.9
  7,  79, 30.05373881, 95.14194319,  99.9
  8,  79, 30.04846539, 95.13718888,  99.9
  9,  79, 30.04324344, 95.13249846,  99.9
 10,  79, 30.03807186, 95.12787092,  99.9
 11,  79, 30.03294959, 95.12330529,  99.9
 12,  79, 30.02787556, 95.11880061,  99.9
 13,  79, 30.02284874, 95.11435592,  99.9
 14,  79, 30.01786807, 95.10997029,  99.9
 15,  79, 30.01293252, 95.10564277,  99.9
 16,  79, 30.00804109, 95.10137247,  99.9
 17,  79, 30.00319275, 95.09715847,  99.9
 18,  79, 29.99838650, 95.09299989,  99.9
 19,  79, 29.99362134, 95.08889584,  99.9
 20,  79, 29.98889629, 95.08484547,  99.9
 21,  79, 29.98421038, 95.08084791,  99.9
 22,  79, 29.97956263, 95.07690232,  99.9
 23,  79, 29.97495207, 95.07300788,  99.9
 24,  79, 29.97037776, 95.06916375,  99.9
 25,  79, 29.96583874, 95.06536912,  99.9
 26,  79, 29.96133408, 95.06162320,  99.9
 27,  79, 29.95686285, 95.05792520,  99.9
 28,  79, 29.95242411, 95.05427434,  99.9
 29,  79, 29.94801694, 95.05066984,  99.9
 30,  79, 29.94364044, 95.04711095,  99.9
 31,  79, 29.93929370, 95.04359692,  99.9
 32,  79, 29.93497581, 95.04012701,  99.9
 33,  79, 29.93068588, 95.03670048,  99.9
 34,  79, 29.92642302, 95.03331662,  99.9
 35,  79, 29.92218635, 95.02997471,  99.9
 36,  79, 29.91797499, 95.02667405,  99.9
 37,  79, 29.91378807, 95.02341395,  99.9
 38,  79, 29.90962471, 95.02019372,  99.9
 39,  79, 29.90548406, 95.01701268,  99.9
 40,  79, 29.90136525, 95.01387016,  99.9
 41,  79, 29.89726743, 95.01076551,  99.9
 42,  79, 29.89318976, 95.00769806,  99.9
 43,  79, 29.88913138, 95.00466719,  99.9
 44,  79, 29.88509145, 95.00167224,  99.9
 45,  79, 29.88106914, 94.99871259,  99.9
 46,  79, 29.87706360, 94.99578762,  99.9
 47,  79, 29.87307402, 94.99289671,  99.9
 48,  79, 29.86909955, 94.99003926,  99.9
 49,  79, 29.86513939, 94.98721467,  99.9
 50,  79, 29.86119269, 94.98442234,  99.9
 51,  79, 29.85725865, 94.98166169,  99.9
 52,  79, 29.85333645, 94.97893214,  99.9
 53,  79, 29.84942527, 94.97623312,  99.9
 54,  79, 29.84552431, 94.97356405,  99.9
 55,  79, 29.84163274, 94.97092439,  99.9
 56,  79, 29.83774977, 94.96831357,  99.9
 57,  79, 29.83387459, 94.96573106,  99.9
 58,  79, 29.83000639, 94.96317630,  99.9
 59,  79, 29.82614437, 94.96064877,  99.9
 60,  79, 29.82228772, 94.95814793,  99.9
 61,  79, 29.81843566, 94.95567326,  99.9
 62,  79, 29.81458736, 94.95322424,  99.9
 63,  79, 29.81074205, 94.95080036,  99.9
 64,  79, 29.80689891, 94.94840111,  99.9
 65,  79, 29.80305715, 94.94602600,  99.9
 66,  79, 29.79921597, 94.94367451,  99.9
 67,  79, 29.79537458, 94.94134617,  99.9
 68,  79, 29.79153216, 94.93904047,  99.9
 69,  79, 29.78768794, 94.93675695,  99.9
 70,  79, 29.78384110, 94.93449513,  99.9
 71,  79, 29.77999085, 94.93225452,  99.9
 72,  79, 29.77613639, 94.93003466,  99.9
 73,  79, 29.77227692, 94.92783509,  99.9
 74,  79, 29.76841163, 94.92565535,  99.9
 75,  79, 29.76453972, 94.92349499,  99.9
 76,  79, 29.76066038, 94.92135354,  99.9
 77,  79, 29.75677282, 94.91923057,   6.4
 78,  79, 29.75287622, 94.91712563,  99.9
 79,  79, 29.74896977, 94.91503828,  99.9
 80,  79, 29.74505266, 94.91296809,  99.9
 81,  79, 29.74112407, 94.91091462,  99.9
 82,  79, 29.73718319, 94.90887744,  99.9
 83,  79, 29.73322920, 94.90685613,  99.9
 84,  79, 29.72926128, 94.90485027,  99.9
 85,  79, 29.72527860, 94.90285944,  99.9
 86,  79, 29.72128034, 94.90088323,  99.9
 87,  79, 29.71726565, 94.89892122,  99.9
 88,  79, 29.71323371, 94.89697300,  99.9
 89,  79, 29.70918368, 94.89503817,  99.9
 90,  79, 29.70511472, 94.89311632,  99.9
 91,  79, 29.70102598, 94.89120706,  99.9
 92,  79, 29.69691661, 94.88930998,  99.9
 93,  79, 29.69278575, 94.88742469,  99.9
 94,  79, 29.68863255, 94.88555080,  99.9
 95,  79, 29.68445614, 94.88368792,  99.9
 96,  79, 29.68025565, 94.88183567,  99.9
 97,  79, 29.67603022, 94.87999364,  99.9
 98,  79, 29.67177895, 94.87816147,  99.9
 99,  79, 29.66750097, 94.87633877,   6.3
100,  79, 29.66319539, 94.87452516,   6.3
101,  79, 29.65886130, 94.87272027,   6.2
102,  79, 29.65449782, 94.87092371,   6.2
103,  79, 29.65010403, 94.86913512,   6.2
104,  79, 29.64567901, 94.86735413,   6.2
105,  79, 29.64122185, 94.86558036,   6.2
106,  79, 29.63673162, 94.86381345,   6.2
107,  79, 29.63220739, 94.86205303,   6.2
108,  79, 29.62764821, 94.86029873,   6.2
109,  79, 29.62305313, 94.85855019,   6.2
110,  79, 29.61842120, 94.85680705,   6.2
111,  79, 29.61375146, 94.85506894,   6.2
112,  79, 29.60904293, 94.85333551,   6.2
113,  79, 29.60429463, 94.85160640,   6.2
114,  79, 29.59950558, 94.84988124,   6.2
115,  79, 29.59467478, 94.84815968,   6.2
116,  79, 29.58980122, 94.84644137,   6.2
117,  79, 29.58488390, 94.84472595,   6.2
118,  79, 29.57992177, 94.84301305,   6.3
119,  79, 29.57491382, 94.84130234,   6.3
120,  79, 29.56985901, 94.83959345,   6.3
121,  79, 29.56475627, 94.83788603,   6.3
122,  79, 29.55960455, 94.83617972,   6.3
123,  79, 29.55440278, 94.83447418,   6.3
124,  79, 29.54914986, 94.83276906,   6.3
125,  79, 29.54384472, 94.83106399,   6.3
126,  79, 29.53848624, 94.82935863,   6.3
127,  79, 29.53307332, 94.82765263,   6.3
128,  79, 29.52760481, 94.82594563,   6.3
129,  79, 29.52207960, 94.82423728,   6.3
130,  79, 29.51649651, 94.82252723,   6.3
131,  79, 29.51085440, 94.82081513,   6.4
132,  79, 29.50515209, 94.81910062,   6.4
133,  79, 29.49938839, 94.81738334,   6.4
134,  79, 29.49356211, 94.81566296,   6.4
135,  79, 29.48767202, 94.81393911,   6.4
136,  79, 29.48171691, 94.81221143,   6.5
137,  79, 29.47569553, 94.81047957,   6.5
138,  79, 29.46960663, 94.80874319,   6.6
139,  79, 29.46344894, 94.80700190,   6.6
140,  79, 29.45722119, 94.80525537,   6.6
141,  79, 29.45092207, 94.80350323,   6.7
142,  79, 29.44455027, 94.80174512,   6.7
143,  79, 29.43810447, 94.79998068,   6.8
144,  79, 29.43158333, 94.79820955,   6.8
145,  79, 29.42498548, 94.79643137,   6.9
146,  79, 29.41830956, 94.79464576,   6.9
147,  79, 29.41155417, 94.79285237,   7.0
148,  79, 29.40471791, 94.79105083,   7.0
149,  79, 29.39779936, 94.78924076,   7.1
150,  79, 29.39079707, 94.78742181,   7.2
151,  79, 29.38370959, 94.78559358,   7.3
152,  79, 29.37653544, 94.78375572,   7.4
153,  79, 29.36927312, 94.78190784,   7.5
154,  79, 29.36192114, 94.78004958,   7.6
155,  79, 29.35447795, 94.77818054,   7.7
156,  79, 29.34694200, 94.77630034,   7.7
157,  79, 29.33931173, 94.77440861,   7.7
158,  79, 29.33158555, 94.77250496,   7.7
159,  79, 29.32376185, 94.77058900,  99.9
160,  79, 29.31583900, 94.76866033,  99.9
161,  79, 29.30781535, 94.76671857,   8.1
162,  79, 29.29968923, 94.76476332,   8.1
163,  79, 29.29145895, 94.76279419,   8.0
164,  79, 29.28312280, 94.76081076,   8.0
165,  79, 29.27467903, 94.75881265,   7.9
166,  79, 29.26612590, 94.75679944,   7.8
167,  79, 29.25746161, 94.75477073,   7.8
168,  79, 29.24868437, 94.75272609,   7.7
169,  79, 29.23979236, 94.75066513,   7.6
170,  79, 29.23078370, 94.74858742,   7.5
171,  79, 29.22165654, 94.74649254,   7.5
172,  79, 29.21240898, 94.74438006,   7.4
173,  79, 29.20303907, 94.74224956,   7.3
174,  79, 29.19354488, 94.74010061,   7.3
175,  79, 29.18392443, 94.73793277,   7.2
176,  79, 29.17417572, 94.73574561,   7.1
177,  79, 29.16429670, 94.73353868,   7.1
178,  79, 29.15428534, 94.73131154,   7.0
179,  79, 29.14413954, 94.72906374,   6.9
180,  79, 29.13385719, 94.72679483,   6.9
181,  79, 29.12343614, 94.72450435,   6.8
182,  79, 29.11287424, 94.72219183,   6.7
183,  79, 29.10216928, 94.71985682,   6.6
184,  79, 29.09131902, 94.71749885,   6.5
185,  79, 29.08032122, 94.71511744,   6.5
186,  79, 29.06917358, 94.71271211,   6.4
187,  79, 29.05787377, 94.71028238,   6.3
188,  79, 29.04641945, 94.70782777,   6.2
189,  79, 29.03480824, 94.70534778,   6.1
190,  79, 29.02303771, 94.70284191,   6.0
191,  79, 29.01110541, 94.70030968,   5.9
192,  79, 28.99900885, 94.69775056,   5.8
193,  79, 28.98674553, 94.69516405,   5.8
194,  79, 28.97431287, 94.69254963,   5.7
195,  79, 28.96170831, 94.68990678,   5.6
196,  79, 28.94892920, 94.68723498,   5.5
197,  79, 28.93597289, 94.68453369,   5.4
198,  79, 28.92283669, 94.68180238,   5.3
199,  79, 28.90951784, 94.67904050,   5.3
200,  79, 28.89601359, 94.67624750,   5.2
201,  79, 28.88232112, 94.67342284,   5.1
202,  79, 28.86843758, 94.67056594,   5.0
203,  79, 28.85436007, 94.66767625,   4.9
204,  79, 28.84008567, 94.66475319,   4.8
205,  79, 28.82561140, 94.66179618,   4.7
206,  79, 28.81093425, 94.65880465,   4.6
207,  79, 28.79605115, 94.65577799,   4.5
208,  79, 28.78095902, 94.65271562,   4.4
209,  79, 28.76565471, 94.64961693,   4.3
210,  79, 28.75013503, 94.64648130,   4.2
211,  79, 28.73439675, 94.64330813,   4.1
212,  79, 28.71843659, 94.64009678,   4.0
213,  79, 28.70225123, 94.63684663,   3.9
214,  79, 28.68583729, 94.63355705,   3.8
215,  79, 28.66919136, 94.63022738,   3.7
216,  79, 28.65230998, 94.62685697,   3.6
217,  79, 28.63518962, 94.62344517,   3.5
218,  79, 28.61782673, 94.61999131,   3.4
219,  79, 28.60021767, 94.61649471,   3.2
220,  79, 28.58235880, 94.61295469,   3.1
221,  79, 28.56424639, 94.60937057,   3.0
222,  79, 28.54587666, 94.60574164,   2.9
223,  79, 28.52724579, 94.60206721,   2.8
224,  79, 28.50834991, 94.59834655,   2.7
225,  79, 28.48918507, 94.59457894,   2.6
226,  79, 28.46974729, 94.59076367,   2.4
227,  79, 28.45003251, 94.58689998,   2.3
228,  79, 28.43003664, 94.58298713,   2.2
229,  79, 28.40975551, 94.57902436,   2.1
230,  79, 28.38918489, 94.57501092,   2.1
231,  79, 28.36832050, 94.57094602,   2.1
232,  79, 28.34715800, 94.56682890,   2.0
233,  79, 28.32569298, 94.56265874,   2.0
234,  79, 28.30392097, 94.55843476,   2.0
235,  79, 28.28183744, 94.55415615,   2.0
236,  79, 28.25943778, 94.54982208,   2.0
237,  79, 28.23671734, 94.54543173,   2.0
238,  79, 28.21367138, 94.54098426,   2.0
239,  79, 28.19029511, 94.53647882,   2.0
240,  79, 28.16658365, 94.53191456,   2.0
241,  79, 28.14253208, 94.52729060,   2.0
  1,  80, 30.09100941, 95.16535350,  99.9
  2,  80, 30.08534335, 95.16026270,  99.9
  3,  80, 30.07973639, 95.15524069,  99.9
  4,  80, 30.07418736, 95.15028641,  99.9
  5,  80, 30.06869511, 95.14539881,  99.9
  6,  80, 30.06325852, 95.14057686,  99.9
  7,  80, 30.05787645, 95.13581953,  99.9
  8,  80, 30.05254780, 95.13112582,  99.9
  9,  80, 30.04727146, 95.12649472,  99.9
 10,  80, 30.04204634, 95.12192527,  99.9
 11,  80, 30.03687136, 95.11741648,  99.9
 12,  80, 30.03174546, 95.11296742,  99.9
 13,  80, 30.02666756, 95.10857713,  99.9
 14,  80, 30.02163662, 95.10424469,  99.9
 15,  80, 30.01665159, 95.09996917,  99.9
 16,  80, 30.01171146, 95.09574969,  99.9
 17,  80, 30.00681518, 95.09158534,  99.9
 18,  80, 30.00196176, 95.08747525,  99.9
 19,  80, 29.99715018, 95.08341854,  99.9
 20,  80, 29.99237945, 95.07941437,  99.9
 21,  80, 29.98764857, 95.07546187,  99.9
 22,  80, 29.98295659, 95.07156023,  99.9
 23,  80, 29.97830250, 95.06770862,  99.9
 24,  80, 29.97368537, 95.06390621,  99.9
 25,  80, 29.96910422, 95.06015222,  99.9
 26,  80, 29.96455812, 95.05644585,  99.9
 27,  80, 29.96004611, 95.05278632,  99.9
 28,  80, 29.95556726, 95.04917286,  99.9
 29,  80, 29.95112065, 95.04560469,  99.9
 30,  80, 29.94670535, 95.04208109,  99.9
 31,  80, 29.94232045, 95.03860129,  99.9
 32,  80, 29.93796503, 95.03516457,  99.9
 33,  80, 29.93363821, 95.03177020,  99.9
 34,  80, 29.92933907, 95.02841748,  99.9
 35,  80, 29.92506673, 95.02510569,  99.9
 36,  80, 29.92082030, 95.02183413,  99.9
 37,  80, 29.91659890, 95.01860212,  99.9
 38,  80, 29.91240165, 95.01540898,  99.9
 39,  80, 29.90822769, 95.01225404,  99.9
 40,  80, 29.90407615, 95.00913663,  99.9
 41,  80, 29.89994617, 95.00605610,  99.9
 42,  80, 29.89583689, 95.00301180,  99.9
 43,  80, 29.89174745, 95.00000309,  99.9
 44,  80, 29.88767702, 94.99702934,  99.9
 45,  80, 29.88362474, 94.99408992,  99.9
 46,  80, 29.87958977, 94.99118422,  99.9
 47,  80, 29.87557128, 94.98831162,  99.9
 48,  80, 29.87156843, 94.98547153,  99.9
 49,  80, 29.86758040, 94.98266335,  99.9
 50,  80, 29.86360634, 94.97988648,  99.9
 51,  80, 29.85964545, 94.97714034,  99.9
 52,  80, 29.85569689, 94.97442437,  99.9
 53,  80, 29.85175985, 94.97173798,  99.9
 54,  80, 29.84783351, 94.96908062,  99.9
 55,  80, 29.84391705, 94.96645173,  99.9
 56,  80, 29.84000966, 94.96385076,  99.9
 57,  80, 29.83611053, 94.96127716,  99.9
 58,  80, 29.83221885, 94.95873039,  99.9
 59,  80, 29.82833381, 94.95620992,  99.9
 60,  80, 29.82445461, 94.95371522,  99.9
 61,  80, 29.82058043, 94.95124577,  99.9
 62,  80, 29.81671048, 94.94880105,  99.9
 63,  80, 29.81284394, 94.94638055,  99.9
 64,  80, 29.80898002, 94.94398376,  99.9
 65,  80, 29.80511791, 94.94161019,  99.9
 66,  80, 29.80125682, 94.93925933,  99.9
 67,  80, 29.79739593, 94.93693069,  99.9
 68,  80, 29.79353445, 94.93462379,  99.9
 69,  80, 29.78967157, 94.93233814,  99.9
 70,  80, 29.78580649, 94.93007327,  99.9
 71,  80, 29.78193841, 94.92782870,  99.9
 72,  80, 29.77806653, 94.92560396,  99.9
 73,  80, 29.77419003, 94.92339859,  99.9
 74,  80, 29.77030811, 94.92121212,  99.9
 75,  80, 29.76641997, 94.91904411,   6.3
 76,  80, 29.76252480, 94.91689409,   6.4
 77,  80, 29.75862179, 94.91476162,   6.4
 78,  80, 29.75471012, 94.91264626,  99.9
 79,  80, 29.75078899, 94.91054755,  99.9
 80,  80, 29.74685758, 94.90846507,  99.9
 81,  80, 29.74291506, 94.90639838,  99.9
 82,  80, 29.73896063, 94.90434704,  99.9
 83,  80, 29.73499346, 94.90231063,  99.9
 84,  80, 29.73101272, 94.90028873,  99.9
 85,  80, 29.72701758, 94.89828091,  99.9
 86,  80, 29.72300723, 94.89628675,  99.9
 87,  80, 29.71898081, 94.89430585,  99.9
 88,  80, 29.71493750, 94.89233778,  99.9
 89,  80, 29.71087645, 94.89038213,  99.9
 90,  80, 29.70679681, 94.88843851,  99.9
 91,  80, 29.70269775, 94.88650649,  99.9
 92,  80, 29.69857841, 94.88458569,  99.9
 93,  80, 29.69443792, 94.88267570,  99.9
 94,  80, 29.69027544, 94.88077613,  99.9
 95,  80, 29.68609009, 94.87888657,  99.9
 96,  80, 29.68188100, 94.87700664,  99.9
 97,  80, 29.67764730, 94.87513594,  99.9
 98,  80, 29.67338811, 94.87327409,  99.9
 99,  80, 29.66910253, 94.87142069,   6.2
100,  80, 29.66478969, 94.86957537,   6.2
101,  80, 29.66044868, 94.86773774,   6.2
102,  80, 29.65607859, 94.86590741,   6.2
103,  80, 29.65167853, 94.86408401,   6.2
104,  80, 29.64724757, 94.86226716,   6.2
105,  80, 29.64278479, 94.86045649,   6.2
106,  80, 29.63828927, 94.85865160,   6.2
107,  80, 29.63376006, 94.85685214,   6.2
108,  80, 29.62919623, 94.85505772,   6.2
109,  80, 29.62459683, 94.85326799,   6.2
110,  80, 29.61996089, 94.85148255,   6.2
111,  80, 29.61528746, 94.84970105,   6.2
112,  80, 29.61057557, 94.84792311,   6.2
113,  80, 29.60582422, 94.84614837,   6.2
114,  80, 29.60103243, 94.84437646,   6.2
115,  80, 29.59619922, 94.84260700,   6.2
116,  80, 29.59132356, 94.84083965,   6.2
117,  80, 29.58640444, 94.83907402,   6.2
118,  80, 29.58144085, 94.83730976,   6.2
119,  80, 29.57643175, 94.83554649,   6.2
120,  80, 29.57137609, 94.83378386,   6.2
121,  80, 29.56627283, 94.83202150,   6.2
122,  80, 29.56112089, 94.83025904,   6.2
123,  80, 29.55591922, 94.82849613,   6.2
124,  80, 29.55066673, 94.82673239,   6.3
125,  80, 29.54536231, 94.82496747,   6.3
126,  80, 29.54000488, 94.82320099,   6.3
127,  80, 29.53459331, 94.82143260,   6.3
128,  80, 29.52912648, 94.81966192,   6.3
129,  80, 29.52360325, 94.81788860,   6.3
130,  80, 29.51802247, 94.81611227,   6.3
131,  80, 29.51238298, 94.81433256,   6.3
132,  80, 29.50668361, 94.81254911,   6.3
133,  80, 29.50092316, 94.81076154,   6.4
134,  80, 29.49510044, 94.80896950,   6.4
135,  80, 29.48921424, 94.80717260,   6.4
136,  80, 29.48326333, 94.80537049,   6.5
137,  80, 29.47724648, 94.80356279,   6.5
138,  80, 29.47116243, 94.80174912,   6.5
139,  80, 29.46500991, 94.79992912,   6.6
140,  80, 29.45878764, 94.79810242,   6.6
141,  80, 29.45249434, 94.79626863,   6.7
142,  80, 29.44612868, 94.79442739,   6.7
143,  80, 29.43968934, 94.79257830,   6.7
144,  80, 29.43317499, 94.79072100,   6.8
145,  80, 29.42658426, 94.78885510,   6.8
146,  80, 29.41991579, 94.78698023,   6.9
147,  80, 29.41316819, 94.78509599,   6.9
148,  80, 29.40634004, 94.78320200,   7.0
149,  80, 29.39942994, 94.78129787,   7.1
150,  80, 29.39243643, 94.77938322,   7.1
151,  80, 29.38535807, 94.77745765,   7.2
152,  80, 29.37819338, 94.77552077,   7.3
153,  80, 29.37094087, 94.77357217,   7.5
154,  80, 29.36359903, 94.77161148,   7.7
155,  80, 29.35616633, 94.76963828,   7.8
156,  80, 29.34864123, 94.76765217,   7.7
157,  80, 29.34102215, 94.76565274,   7.7
158,  80, 29.33330751, 94.76363960,  99.9
159,  80, 29.32549571, 94.76161232,  99.9
160,  80, 29.31758511, 94.75957050,   8.2
161,  80, 29.30957407, 94.75751372,   8.1
162,  80, 29.30146092, 94.75544156,   8.1
163,  80, 29.29324398, 94.75335360,   8.0
164,  80, 29.28492153, 94.75124942,   7.9
165,  80, 29.27649184, 94.74912859,   7.9
166,  80, 29.26795315, 94.74699067,   7.8
167,  80, 29.25930369, 94.74483524,   7.7
168,  80, 29.25054165, 94.74266186,   7.6
169,  80, 29.24166521, 94.74047008,   7.6
170,  80, 29.23267252, 94.73825947,   7.5
171,  80, 29.22356172, 94.73602957,   7.4
172,  80, 29.21433089, 94.73377993,   7.4
173,  80, 29.20497813, 94.73151011,   7.3
174,  80, 29.19550147, 94.72921963,   7.2
175,  80, 29.18589896, 94.72690804,   7.2
176,  80, 29.17616858, 94.72457488,   7.1
177,  80, 29.16630831, 94.72221966,   7.0
178,  80, 29.15631611, 94.71984192,   7.0
179,  80, 29.14618988, 94.71744117,   6.9
180,  80, 29.13592752, 94.71501694,   6.8
181,  80, 29.12552690, 94.71256873,   6.7
182,  80, 29.11498584, 94.71009605,   6.7
183,  80, 29.10430215, 94.70759841,   6.6
184,  80, 29.09347361, 94.70507531,   6.5
185,  80, 29.08249796, 94.70252623,   6.4
186,  80, 29.07137292, 94.69995067,   6.3
187,  80, 29.06009616, 94.69734810,   6.2
188,  80, 29.04866534, 94.69471802,   6.1
189,  80, 29.03707808, 94.69205989,   6.1
190,  80, 29.02533197, 94.68937318,   6.0
191,  80, 29.01342456, 94.68665735,   5.9
192,  80, 29.00135337, 94.68391186,   5.8
193,  80, 28.98911588, 94.68113617,   5.7
194,  80, 28.97670955, 94.67832972,   5.6
195,  80, 28.96413179, 94.67549194,   5.5
196,  80, 28.95137999, 94.67262228,   5.5
197,  80, 28.93845148, 94.66972017,   5.4
198,  80, 28.92534358, 94.66678502,   5.3
199,  80, 28.91205355, 94.66381626,   5.2
200,  80, 28.89857863, 94.66081329,   5.1
201,  80, 28.88491601, 94.65777552,   5.0
202,  80, 28.87106284, 94.65470235,   4.9
203,  80, 28.85701625, 94.65159316,   4.8
204,  80, 28.84277329, 94.64844735,   4.7
205,  80, 28.82833101, 94.64526429,   4.6
206,  80, 28.81368641, 94.64204336,   4.6
207,  80, 28.79883642, 94.63878391,   4.5
208,  80, 28.78377795, 94.63548530,   4.4
209,  80, 28.76850788, 94.63214689,   4.3
210,  80, 28.75302301, 94.62876802,   4.2
211,  80, 28.73732013, 94.62534801,   4.1
212,  80, 28.72139596, 94.62188621,   4.0
213,  80, 28.70524718, 94.61838194,   3.9
214,  80, 28.68887044, 94.61483449,   3.8
215,  80, 28.67226232, 94.61124319,   3.7
216,  80, 28.65541936, 94.60760732,   3.5
217,  80, 28.63833805, 94.60392618,   3.4
218,  80, 28.62101484, 94.60019905,   3.3
219,  80, 28.60344612, 94.59642520,   3.2
220,  80, 28.58562822, 94.59260389,   3.1
221,  80, 28.56755744, 94.58873438,   3.0
222,  80, 28.54923002, 94.58481591,   2.9
223,  80, 28.53064213, 94.58084774,   2.8
224,  80, 28.51178991, 94.57682908,   2.7
225,  80, 28.49266942, 94.57275915,   2.5
226,  80, 28.47327669, 94.56863718,   2.4
227,  80, 28.45360767, 94.56446235,   2.3
228,  80, 28.43365827, 94.56023387,   2.2
229,  80, 28.41342434, 94.55595092,   2.1
230,  80, 28.39290166, 94.55161267,   2.1
231,  80, 28.37208595, 94.54721829,   2.1
232,  80, 28.35097288, 94.54276693,   2.0
233,  80, 28.32955806, 94.53825773,   2.0
234,  80, 28.30783701, 94.53368984,   2.0
235,  80, 28.28580523, 94.52906237,   2.0
236,  80, 28.26345812, 94.52437444,   2.0
237,  80, 28.24079102, 94.51962516,   2.0
238,  80, 28.21779922, 94.51481361,   2.0
239,  80, 28.19447793, 94.50993888,   2.0
240,  80, 28.17082228, 94.50500005,   2.0
241,  80, 28.14682737, 94.49999616,   2.0
  1,  81, 30.09543636, 95.15876913,  99.9
  2,  81, 30.08971086, 95.15374786,  99.9
  3,  81, 30.08404536, 95.14879402,  99.9
  4,  81, 30.07843870, 95.14390657,  99.9
  5,  81, 30.07288972, 95.13908448,  99.9
  6,  81, 30.06739728, 95.13432671,  99.9
  7,  81, 30.06196022, 95.12963226,  99.9
  8,  81, 30.05657744, 95.12500013,  99.9
  9,  81, 30.05124782, 95.12042935,  99.9
 10,  81, 30.04597025, 95.11591894,  99.9
 11,  81, 30.04074365, 95.11146796,  99.9
 12,  81, 30.03556693, 95.10707545,  99.9
 13,  81, 30.03043901, 95.10274049,  99.9
 14,  81, 30.02535885, 95.09846216,  99.9
 15,  81, 30.02032539, 95.09423955,  99.9
 16,  81, 30.01533758, 95.09007178,  99.9
 17,  81, 30.01039439, 95.08595796,  99.9
 18,  81, 30.00549481, 95.08189723,  99.9
 19,  81, 30.00063781, 95.07788872,  99.9
 20,  81, 29.99582238, 95.07393158,  99.9
 21,  81, 29.99104755, 95.07002499,  99.9
 22,  81, 29.98631230, 95.06616812,  99.9
 23,  81, 29.98161566, 95.06236015,  99.9
 24,  81, 29.97695667, 95.05860027,  99.9
 25,  81, 29.97233435, 95.05488771,  99.9
 26,  81, 29.96774774, 95.05122167,  99.9
 27,  81, 29.96319590, 95.04760137,  99.9
 28,  81, 29.95867788, 95.04402607,  99.9
 29,  81, 29.95419275, 95.04049500,  99.9
 30,  81, 29.94973957, 95.03700741,  99.9
 31,  81, 29.94531742, 95.03356258,  99.9
 32,  81, 29.94092539, 95.03015978,  99.9
 33,  81, 29.93656257, 95.02679829,  99.9
 34,  81, 29.93222805, 95.02347741,  99.9
 35,  81, 29.92792092, 95.02019643,  99.9
 36,  81, 29.92364031, 95.01695466,  99.9
 37,  81, 29.91938531, 95.01375143,  99.9
 38,  81, 29.91515506, 95.01058606,  99.9
 39,  81, 29.91094866, 95.00745788,  99.9
 40,  81, 29.90676525, 95.00436623,  99.9
 41,  81, 29.90260396, 95.00131047,  99.9
 42,  81, 29.89846393, 94.99828995,  99.9
 43,  81, 29.89434429, 94.99530404,  99.9
 44,  81, 29.89024420, 94.99235211,  99.9
 45,  81, 29.88616280, 94.98943354,  99.9
 46,  81, 29.88209924, 94.98654771,  99.9
 47,  81, 29.87805268, 94.98369403,  99.9
 48,  81, 29.87402228, 94.98087189,  99.9
 49,  81, 29.87000721, 94.97808070,  99.9
 50,  81, 29.86600662, 94.97531988,  99.9
 51,  81, 29.86201970, 94.97258884,  99.9
 52,  81, 29.85804561, 94.96988701,  99.9
 53,  81, 29.85408352, 94.96721383,  99.9
 54,  81, 29.85013262, 94.96456873,  99.9
 55,  81, 29.84619208, 94.96195116,  99.9
 56,  81, 29.84226109, 94.95936057,  99.9
 57,  81, 29.83833882, 94.95679642,  99.9
 58,  81, 29.83442447, 94.95425818,  99.9
 59,  81, 29.83051722, 94.95174530,  99.9
 60,  81, 29.82661626, 94.94925726,  99.9
 61,  81, 29.82272078, 94.94679355,  99.9
 62,  81, 29.81882997, 94.94435364,  99.9
 63,  81, 29.81494302, 94.94193703,  99.9
 64,  81, 29.81105912, 94.93954321,  99.9
 65,  81, 29.80717747, 94.93717167,  99.9
 66,  81, 29.80329726, 94.93482193,  99.9
 67,  81, 29.79941769, 94.93249349,  99.9
 68,  81, 29.79553794, 94.93018586,  99.9
 69,  81, 29.79165721, 94.92789856,  99.9
 70,  81, 29.78777469, 94.92563111,  99.9
 71,  81, 29.78388959, 94.92338305,   6.3
 72,  81, 29.78000108, 94.92115389,   6.3
 73,  81, 29.77610837, 94.91894318,   6.3
 74,  81, 29.77221064, 94.91675045,   6.3
 75,  81, 29.76830708, 94.91457524,   6.3
 76,  81, 29.76439688, 94.91241710,  99.9
 77,  81, 29.76047923, 94.91027557,  99.9
 78,  81, 29.75655331, 94.90815022,  99.9
 79,  81, 29.75261831, 94.90604060,  99.9
 80,  81, 29.74867341, 94.90394626,  99.9
 81,  81, 29.74471779, 94.90186678,  99.9
 82,  81, 29.74075062, 94.89980171,  99.9
 83,  81, 29.73677109, 94.89775063,  99.9
 84,  81, 29.73277835, 94.89571310,  99.9
 85,  81, 29.72877160, 94.89368871,  99.9
 86,  81, 29.72474998, 94.89167703,  99.9
 87,  81, 29.72071267, 94.88967764,  99.9
 88,  81, 29.71665882, 94.88769013,  99.9
 89,  81, 29.71258759, 94.88571408,  99.9
 90,  81, 29.70849814, 94.88374908,  99.9
 91,  81, 29.70438961, 94.88179472,  99.9
 92,  81, 29.70026115, 94.87985060,  99.9
 93,  81, 29.69611190, 94.87791630,  99.9
 94,  81, 29.69194100, 94.87599143,  99.9
 95,  81, 29.68774757, 94.87407559,  99.9
 96,  81, 29.68353076, 94.87216838,  99.9
 97,  81, 29.67928967, 94.87026939,  99.9
 98,  81, 29.67502343, 94.86837825,   6.2
 99,  81, 29.67073116, 94.86649454,   6.2
100,  81, 29.66641195, 94.86461789,   6.2
101,  81, 29.66206491, 94.86274790,   6.2
102,  81, 29.65768913, 94.86088418,   6.2
103,  81, 29.65328371, 94.85902636,   6.2
104,  81, 29.64884772, 94.85717403,   6.2
105,  81, 29.64438025, 94.85532681,   6.2
106,  81, 29.63988037, 94.85348434,   6.2
107,  81, 29.63534713, 94.85164621,   6.2
108,  81, 29.63077960, 94.84981205,   6.2
109,  81, 29.62617682, 94.84798148,   6.2
110,  81, 29.62153784, 94.84615412,   6.2
111,  81, 29.61686169, 94.84432959,   6.2
112,  81, 29.61214740, 94.84250751,   6.2
113,  81, 29.60739399, 94.84068751,   6.2
114,  81, 29.60260046, 94.83886921,   6.2
115,  81, 29.59776583, 94.83705223,   6.2
116,  81, 29.59288908, 94.83523619,   6.2
117,  81, 29.58796920, 94.83342073,   6.2
118,  81, 29.58300517, 94.83160546,   6.2
119,  81, 29.57799595, 94.82979001,   6.2
120,  81, 29.57294050, 94.82797400,   6.2
121,  81, 29.56783776, 94.82615707,   6.2
122,  81, 29.56268669, 94.82433882,   6.2
123,  81, 29.55748619, 94.82251890,   6.2
124,  81, 29.55223520, 94.82069691,   6.2
125,  81, 29.54693262, 94.81887249,   6.2
126,  81, 29.54157734, 94.81704526,   6.2
127,  81, 29.53616825, 94.81521485,   6.3
128,  81, 29.53070422, 94.81338087,   6.3
129,  81, 29.52518412, 94.81154294,   6.3
130,  81, 29.51960680, 94.80970069,   6.3
131,  81, 29.51397110, 94.80785375,   6.3
132,  81, 29.50827584, 94.80600171,   6.3
133,  81, 29.50251983, 94.80414422,   6.3
134,  81, 29.49670189, 94.80228088,   6.4
135,  81, 29.49082080, 94.80041132,   6.4
136,  81, 29.48487532, 94.79853514,   6.5
137,  81, 29.47886424, 94.79665196,   6.5
138,  81, 29.47278629, 94.79476139,   6.5
139,  81, 29.46664021, 94.79286305,   6.6
140,  81, 29.46042473, 94.79095655,   6.6
141,  81, 29.45413853, 94.78904149,   6.6
142,  81, 29.44778033, 94.78711748,   6.7
143,  81, 29.44134879, 94.78518413,   6.7
144,  81, 29.43484257, 94.78324105,   6.7
145,  81, 29.42826033, 94.78128782,   6.8
146,  81, 29.42160068, 94.77932406,   6.8
147,  81, 29.41486225, 94.77734935,   6.9
148,  81, 29.40804363, 94.77536331,   6.9
149,  81, 29.40114340, 94.77336551,   7.0
150,  81, 29.39416012, 94.77135555,   7.0
151,  81, 29.38709235, 94.76933303,   7.1
152,  81, 29.37993860, 94.76729752,   7.3
153,  81, 29.37269739, 94.76524861,   7.6
154,  81, 29.36536721, 94.76318589,   7.7
155,  81, 29.35794654, 94.76110892,   7.9
156,  81, 29.35043383, 94.75901730,   7.8
157,  81, 29.34282751, 94.75691059,   7.8
158,  81, 29.33512600, 94.75478836,   7.9
159,  81, 29.32732771, 94.75265019,   8.0
160,  81, 29.31943099, 94.75049563,   8.1
161,  81, 29.31143422, 94.74832424,   8.1
162,  81, 29.30333572, 94.74613560,   8.0
163,  81, 29.29513381, 94.74392924,   7.9
164,  81, 29.28682677, 94.74170473,   7.9
165,  81, 29.27841289, 94.73946161,   7.8
166,  81, 29.26989041, 94.73719942,   7.7
167,  81, 29.26125755, 94.73491771,   7.7
168,  81, 29.25251252, 94.73261602,   7.6
169,  81, 29.24365349, 94.73029387,   7.5
170,  81, 29.23467862, 94.72795080,   7.5
171,  81, 29.22558604, 94.72558634,   7.4
172,  81, 29.21637385, 94.72320000,   7.3
173,  81, 29.20704015, 94.72079130,   7.3
174,  81, 29.19758298, 94.71835976,   7.2
175,  81, 29.18800037, 94.71590489,   7.1
176,  81, 29.17829034, 94.71342619,   7.0
177,  81, 29.16845085, 94.71092316,   7.0
178,  81, 29.15847986, 94.70839529,   6.9
179,  81, 29.14837529, 94.70584208,   6.8
180,  81, 29.13813503, 94.70326302,   6.8
181,  81, 29.12775696, 94.70065758,   6.7
182,  81, 29.11723891, 94.69802524,   6.6
183,  81, 29.10657870, 94.69536547,   6.5
184,  81, 29.09577409, 94.69267774,   6.4
185,  81, 29.08482285, 94.68996150,   6.4
186,  81, 29.07372268, 94.68721622,   6.3
187,  81, 29.06247129, 94.68444135,   6.2
188,  81, 29.05106631, 94.68163632,   6.1
189,  81, 29.03950539, 94.67880058,   6.0
190,  81, 29.02778611, 94.67593356,   5.9
191,  81, 29.01590603, 94.67303468,   5.8
192,  81, 29.00386267, 94.67010338,   5.8
193,  81, 28.99165353, 94.66713905,   5.7
194,  81, 28.97927606, 94.66414112,   5.6
195,  81, 28.96672769, 94.66110899,   5.5
196,  81, 28.95400580, 94.65804204,   5.4
197,  81, 28.94110774, 94.65493968,   5.3
198,  81, 28.92803083, 94.65180128,   5.3
199,  81, 28.91477233, 94.64862622,   5.2
200,  81, 28.90132950, 94.64541388,   5.1
201,  81, 28.88769952, 94.64216361,   5.0
202,  81, 28.87387957, 94.63887477,   4.9
203,  81, 28.85986675, 94.63554670,   4.8
204,  81, 28.84565816, 94.63217876,   4.7
205,  81, 28.83125082, 94.62877028,   4.6
206,  81, 28.81664175, 94.62532057,   4.5
207,  81, 28.80182790, 94.62182897,   4.4
208,  81, 28.78680618, 94.61829478,   4.3
209,  81, 28.77157345, 94.61471731,   4.2
210,  81, 28.75612656, 94.61109586,   4.1
211,  81, 28.74046228, 94.60742970,   4.1
212,  81, 28.72457735, 94.60371813,   3.9
213,  81, 28.70846845, 94.59996040,   3.8
214,  81, 28.69213224, 94.59615580,   3.7
215,  81, 28.67556531, 94.59230357,   3.6
216,  81, 28.65876420, 94.58840295,   3.5
217,  81, 28.64172542, 94.58445319,   3.4
218,  81, 28.62444543, 94.58045351,   3.3
219,  81, 28.60692061, 94.57640314,   3.2
220,  81, 28.58914731, 94.57230128,   3.1
221,  81, 28.57112185, 94.56814713,   3.0
222,  81, 28.55284045, 94.56393990,   2.9
223,  81, 28.53429932, 94.55967875,   2.7
224,  81, 28.51549458, 94.55536287,   2.6
225,  81, 28.49642233, 94.55099141,   2.5
226,  81, 28.47707858, 94.54656354,   2.4
227,  81, 28.45745932, 94.54207839,   2.3
228,  81, 28.43756044, 94.53753509,   2.2
229,  81, 28.41737781, 94.53293278,   2.1
230,  81, 28.39690722, 94.52827055,   2.1
231,  81, 28.37614441, 94.52354753,   2.0
232,  81, 28.35508506, 94.51876279,   2.0
233,  81, 28.33372476, 94.51391541,   2.0
234,  81, 28.31205909, 94.50900448,   2.0
235,  81, 28.29008351, 94.50402904,   2.0
236,  81, 28.26779346, 94.49898815,   2.0
237,  81, 28.24518429, 94.49388084,   2.0
238,  81, 28.22225129, 94.48870613,   2.0
239,  81, 28.19898969, 94.48346305,   2.0
240,  81, 28.17539463, 94.47815058,   2.0
241,  81, 28.15146121, 94.47276773,   2.0
  1,  82, 30.09980159, 95.15211626,  99.9
  2,  82, 30.09401783, 95.14716559,  99.9
  3,  82, 30.08829499, 95.14228097,  99.9
  4,  82, 30.08263187, 95.13746139,  99.9
  5,  82, 30.07702732, 95.13270582,  99.9
  6,  82, 30.07148016, 95.12801324,  99.9
  7,  82, 30.06598926, 95.12338266,  99.9
  8,  82, 30.06055347, 95.11881311,  99.9
  9,  82, 30.05517168, 95.11430361,  99.9
 10,  82, 30.04984276, 95.10985320,  99.9
 11,  82, 30.04456562, 95.10546095,  99.9
 12,  82, 30.03933917, 95.10112593,  99.9
 13,  82, 30.03416231, 95.09684722,  99.9
 14,  82, 30.02903399, 95.09262390,  99.9
 15,  82, 30.02395313, 95.08845510,  99.9
 16,  82, 30.01891870, 95.08433992,  99.9
 17,  82, 30.01392963, 95.08027750,  99.9
 18,  82, 30.00898491, 95.07626698,  99.9
 19,  82, 30.00408350, 95.07230751,  99.9
 20,  82, 29.99922439, 95.06839826,  99.9
 21,  82, 29.99440658, 95.06453839,  99.9
 22,  82, 29.98962906, 95.06072710,  99.9
 23,  82, 29.98489085, 95.05696358,  99.9
 24,  82, 29.98019097, 95.05324703,  99.9
 25,  82, 29.97552844, 95.04957667,  99.9
 26,  82, 29.97090229, 95.04595173,  99.9
 27,  82, 29.96631156, 95.04237144,  99.9
 28,  82, 29.96175531, 95.03883505,  99.9
 29,  82, 29.95723259, 95.03534181,  99.9
 30,  82, 29.95274247, 95.03189099,  99.9
 31,  82, 29.94828400, 95.02848185,  99.9
 32,  82, 29.94385627, 95.02511368,  99.9
 33,  82, 29.93945836, 95.02178578,  99.9
 34,  82, 29.93508935, 95.01849743,  99.9
 35,  82, 29.93074834, 95.01524796,  99.9
 36,  82, 29.92643444, 95.01203667,  99.9
 37,  82, 29.92214673, 95.00886288,  99.9
 38,  82, 29.91788435, 95.00572594,  99.9
 39,  82, 29.91364639, 95.00262517,  99.9
 40,  82, 29.90943198, 94.99955994,  99.9
 41,  82, 29.90524025, 94.99652959,  99.9
 42,  82, 29.90107033, 94.99353349,  99.9
 43,  82, 29.89692135, 94.99057100,  99.9
 44,  82, 29.89279245, 94.98764152,  99.9
 45,  82, 29.88868278, 94.98474441,  99.9
 46,  82, 29.88459147, 94.98187907,  99.9
 47,  82, 29.88051769, 94.97904490,  99.9
 48,  82, 29.87646058, 94.97624131,  99.9
 49,  82, 29.87241930, 94.97346770,  99.9
 50,  82, 29.86839302, 94.97072350,  99.9
 51,  82, 29.86438090, 94.96800812,  99.9
 52,  82, 29.86038210, 94.96532101,  99.9
 53,  82, 29.85639579, 94.96266159,  99.9
 54,  82, 29.85242115, 94.96002930,  99.9
 55,  82, 29.84845736, 94.95742361,  99.9
 56,  82, 29.84450358, 94.95484395,  99.9
 57,  82, 29.84055900, 94.95228979,  99.9
 58,  82, 29.83662279, 94.94976060,  99.9
 59,  82, 29.83269414, 94.94725584,  99.9
 60,  82, 29.82877224, 94.94477499,  99.9
 61,  82, 29.82485627, 94.94231752,  99.9
 62,  82, 29.82094541, 94.93988294,  99.9
 63,  82, 29.81703885, 94.93747072,  99.9
 64,  82, 29.81313579, 94.93508036,  99.9
 65,  82, 29.80923540, 94.93271136,  99.9
 66,  82, 29.80533688, 94.93036322,  99.9
 67,  82, 29.80143942, 94.92803546,  99.9
 68,  82, 29.79754221, 94.92572759,   6.0
 69,  82, 29.79364444, 94.92343912,   6.1
 70,  82, 29.78974530, 94.92116958,   6.3
 71,  82, 29.78584397, 94.91891849,   6.3
 72,  82, 29.78193966, 94.91668538,  99.9
 73,  82, 29.77803153, 94.91446979,  99.9
 74,  82, 29.77411879, 94.91227124,  99.9
 75,  82, 29.77020063, 94.91008929,  99.9
 76,  82, 29.76627621, 94.90792348,  99.9
 77,  82, 29.76234474, 94.90577335,  99.9
 78,  82, 29.75840539, 94.90363846,  99.9
 79,  82, 29.75445734, 94.90151836,  99.9
 80,  82, 29.75049977, 94.89941261,  99.9
 81,  82, 29.74653186, 94.89732077,  99.9
 82,  82, 29.74255279, 94.89524240,  99.9
 83,  82, 29.73856172, 94.89317706,  99.9
 84,  82, 29.73455782, 94.89112434,  99.9
 85,  82, 29.73054028, 94.88908380,  99.9
 86,  82, 29.72650824, 94.88705502,  99.9
 87,  82, 29.72246087, 94.88503756,  99.9
 88,  82, 29.71839732, 94.88303102,  99.9
 89,  82, 29.71431676, 94.88103498,  99.9
 90,  82, 29.71021834, 94.87904902,  99.9
 91,  82, 29.70610119, 94.87707272,  99.9
 92,  82, 29.70196448, 94.87510567,  99.9
 93,  82, 29.69780732, 94.87314747,  99.9
 94,  82, 29.69362887, 94.87119771,  99.9
 95,  82, 29.68942824, 94.86925598,  99.9
 96,  82, 29.68520457, 94.86732188,  99.9
 97,  82, 29.68095698, 94.86539501,   6.2
 98,  82, 29.67668459, 94.86347496,   6.2
 99,  82, 29.67238650, 94.86156134,   6.2
100,  82, 29.66806182, 94.85965375,   6.2
101,  82, 29.66370965, 94.85775179,   6.2
102,  82, 29.65932909, 94.85585507,   6.2
103,  82, 29.65491923, 94.85396320,   6.2
104,  82, 29.65047914, 94.85207577,   6.2
105,  82, 29.64600790, 94.85019241,   6.2
106,  82, 29.64150458, 94.84831272,   6.2
107,  82, 29.63696826, 94.84643630,   6.2
108,  82, 29.63239797, 94.84456278,   6.2
109,  82, 29.62779277, 94.84269176,   6.2
110,  82, 29.62315171, 94.84082286,   6.2
111,  82, 29.61847381, 94.83895568,   6.2
112,  82, 29.61375811, 94.83708984,   6.2
113,  82, 29.60900361, 94.83522496,   6.2
114,  82, 29.60420934, 94.83336064,   6.2
115,  82, 29.59937430, 94.83149651,   6.2
116,  82, 29.59449747, 94.82963217,   6.2
117,  82, 29.58957784, 94.82776725,   6.2
118,  82, 29.58461440, 94.82590135,   6.2
119,  82, 29.57960609, 94.82403409,   6.2
120,  82, 29.57455190, 94.82216508,   6.2
121,  82, 29.56945075, 94.82029394,   6.2
122,  82, 29.56430160, 94.81842028,   6.2
123,  82, 29.55910336, 94.81654372,   6.2
124,  82, 29.55385496, 94.81466387,   6.2
125,  82, 29.54855530, 94.81278033,   6.2
126,  82, 29.54320329, 94.81089273,   6.2
127,  82, 29.53779779, 94.80900066,   6.2
128,  82, 29.53233771, 94.80710375,   6.3
129,  82, 29.52682188, 94.80520160,   6.3
130,  82, 29.52124917, 94.80329382,   6.3
131,  82, 29.51561842, 94.80138001,   6.3
132,  82, 29.50992845, 94.79945978,   6.3
133,  82, 29.50417809, 94.79753275,   6.3
134,  82, 29.49836612, 94.79559850,   6.4
135,  82, 29.49249135, 94.79365664,   6.4
136,  82, 29.48655254, 94.79170678,   6.4
137,  82, 29.48054847, 94.78974851,   6.5
138,  82, 29.47447789, 94.78778144,   6.5
139,  82, 29.46833952, 94.78580514,   6.5
140,  82, 29.46213209, 94.78381923,   6.6
141,  82, 29.45585431, 94.78182330,   6.6
142,  82, 29.44950488, 94.77981693,   6.6
143,  82, 29.44308246, 94.77779971,   6.7
144,  82, 29.43658573, 94.77577123,   6.7
145,  82, 29.43001332, 94.77373107,   6.7
146,  82, 29.42336388, 94.77167882,   6.8
147,  82, 29.41663602, 94.76961406,   6.8
148,  82, 29.40982833, 94.76753636,   6.9
149,  82, 29.40293940, 94.76544530,   6.9
150,  82, 29.39596779, 94.76334045,   7.0
151,  82, 29.38891206, 94.76122139,   7.1
152,  82, 29.38177073, 94.75908767,   7.4
153,  82, 29.37454232, 94.75693886,   7.7
154,  82, 29.36722531, 94.75477453,   7.8
155,  82, 29.35981820, 94.75259423,   8.0
156,  82, 29.35231943, 94.75039752,   7.9
157,  82, 29.34472744, 94.74818396,   7.9
158,  82, 29.33704066, 94.74595308,   7.9
159,  82, 29.32925747, 94.74370444,   8.0
160,  82, 29.32137627, 94.74143758,   8.1
161,  82, 29.31339541, 94.73915203,   8.1
162,  82, 29.30531323, 94.73684734,   8.0
163,  82, 29.29712804, 94.73452304,   7.9
164,  82, 29.28883814, 94.73217864,   7.8
165,  82, 29.28044180, 94.72981369,   7.8
166,  82, 29.27193728, 94.72742769,   7.7
167,  82, 29.26332280, 94.72502016,   7.6
168,  82, 29.25459657, 94.72259062,   7.6
169,  82, 29.24575677, 94.72013858,   7.5
170,  82, 29.23680157, 94.71766353,   7.4
171,  82, 29.22772908, 94.71516498,   7.3
172,  82, 29.21853744, 94.71264242,   7.3
173,  82, 29.20922472, 94.71009534,   7.2
174,  82, 29.19978898, 94.70752323,   7.1
175,  82, 29.19022825, 94.70492557,   7.1
176,  82, 29.18054056, 94.70230183,   7.0
177,  82, 29.17072386, 94.69965149,   6.9
178,  82, 29.16077614, 94.69697401,   6.9
179,  82, 29.15069530, 94.69426886,   6.8
180,  82, 29.14047925, 94.69153548,   6.7
181,  82, 29.13012587, 94.68877333,   6.6
182,  82, 29.11963299, 94.68598185,   6.6
183,  82, 29.10899844, 94.68316048,   6.5
184,  82, 29.09821999, 94.68030867,   6.4
185,  82, 29.08729540, 94.67742582,   6.3
186,  82, 29.07622239, 94.67451138,   6.2
187,  82, 29.06499867, 94.67156474,   6.1
188,  82, 29.05362188, 94.66858533,   6.0
189,  82, 29.04208966, 94.66557255,   6.0
190,  82, 29.03039961, 94.66252579,   5.9
191,  82, 29.01854930, 94.65944445,   5.8
192,  82, 29.00653625, 94.65632791,   5.7
193,  82, 28.99435795, 94.65317554,   5.6
194,  82, 28.98201189, 94.64998673,   5.5
195,  82, 28.96949547, 94.64676084,   5.5
196,  82, 28.95680610, 94.64349722,   5.4
197,  82, 28.94394113, 94.64019522,   5.3
198,  82, 28.93089788, 94.63685420,   5.2
199,  82, 28.91767364, 94.63347348,   5.1
200,  82, 28.90426564, 94.63005239,   5.0
201,  82, 28.89067110, 94.62659026,   4.9
202,  82, 28.87688718, 94.62308640,   4.9
203,  82, 28.86291101, 94.61954012,   4.8
204,  82, 28.84873968, 94.61595072,   4.7
205,  82, 28.83437023, 94.61231748,   4.6
206,  82, 28.81979968, 94.60863969,   4.5
207,  82, 28.80502499, 94.60491662,   4.4
208,  82, 28.79004308, 94.60114755,   4.3
209,  82, 28.77485082, 94.59733172,   4.2
210,  82, 28.75944505, 94.59346839,   4.1
211,  82, 28.74382257, 94.58955680,   4.0
212,  82, 28.72798011, 94.58559618,   3.9
213,  82, 28.71191438, 94.58158575,   3.8
214,  82, 28.69562203, 94.57752473,   3.7
215,  82, 28.67909966, 94.57341232,   3.6
216,  82, 28.66234383, 94.56924772,   3.5
217,  82, 28.64535105, 94.56503011,   3.4
218,  82, 28.62811779, 94.56075867,   3.3
219,  82, 28.61064044, 94.55643257,   3.2
220,  82, 28.59291536, 94.55205095,   3.1
221,  82, 28.57493888, 94.54761298,   3.0
222,  82, 28.55670723, 94.54311779,   2.8
223,  82, 28.53821661, 94.53856450,   2.7
224,  82, 28.51946319, 94.53395223,   2.6
225,  82, 28.50044304, 94.52928009,   2.5
226,  82, 28.48115221, 94.52454717,   2.4
227,  82, 28.46158668, 94.51975256,   2.3
228,  82, 28.44174236, 94.51489533,   2.2
229,  82, 28.42161513, 94.50997454,   2.1
230,  82, 28.40120079, 94.50498924,   2.1
231,  82, 28.38049508, 94.49993848,   2.0
232,  82, 28.35949370, 94.49482128,   2.0
233,  82, 28.33819227, 94.48963666,   2.0
234,  82, 28.31658634, 94.48438363,   2.0
235,  82, 28.29467142, 94.47906117,   2.0
236,  82, 28.27244294, 94.47366828,   2.0
237,  82, 28.24989627, 94.46820391,   2.0
238,  82, 28.22702671, 94.46266703,   2.0
239,  82, 28.20382949, 94.45705659,   2.0
240,  82, 28.18029979, 94.45137150,   2.0
241,  82, 28.15643270, 94.44561070,   2.0
  1,  83, 30.10410417, 95.14539628,  99.9
  2,  83, 30.09826337, 95.14051725,  99.9
  3,  83, 30.09248437, 95.13570290,  99.9
  4,  83, 30.08676598, 95.13095220,  99.9
  5,  83, 30.08110702, 95.12626416,  99.9
  6,  83, 30.07550632, 95.12163777,  99.9
  7,  83, 30.06996271, 95.11707205,  99.9
  8,  83, 30.06447505, 95.11256603,  99.9
  9,  83, 30.05904221, 95.10811877,  99.9
 10,  83, 30.05366306, 95.10372931,  99.9
 11,  83, 30.04833649, 95.09939673,  99.9
 12,  83, 30.04306139, 95.09512011,  99.9
 13,  83, 30.03783668, 95.09089854,  99.9
 14,  83, 30.03266126, 95.08673114,  99.9
 15,  83, 30.02753407, 95.08261702,  99.9
 16,  83, 30.02245406, 95.07855531,  99.9
 17,  83, 30.01742015, 95.07454515,  99.9
 18,  83, 30.01243132, 95.07058569,  99.9
 19,  83, 30.00748653, 95.06667610,  99.9
 20,  83, 30.00258475, 95.06281555,  99.9
 21,  83, 29.99772497, 95.05900322,  99.9
 22,  83, 29.99290618, 95.05523831,  99.9
 23,  83, 29.98812738, 95.05152003,  99.9
 24,  83, 29.98338759, 95.04784759,  99.9
 25,  83, 29.97868582, 95.04422022,  99.9
 26,  83, 29.97402109, 95.04063714,  99.9
 27,  83, 29.96939244, 95.03709761,  99.9
 28,  83, 29.96479891, 95.03360088,  99.9
 29,  83, 29.96023955, 95.03014621,  99.9
 30,  83, 29.95571341, 95.02673287,  99.9
 31,  83, 29.95121955, 95.02336015,  99.9
 32,  83, 29.94675704, 95.02002733,  99.9
 33,  83, 29.94232496, 95.01673371,  99.9
 34,  83, 29.93792238, 95.01347859,  99.9
 35,  83, 29.93354839, 95.01026130,  99.9
 36,  83, 29.92920209, 95.00708116,  99.9
 37,  83, 29.92488258, 95.00393749,  99.9
 38,  83, 29.92058894, 95.00082964,  99.9
 39,  83, 29.91632031, 94.99775695,  99.9
 40,  83, 29.91207579, 94.99471877,  99.9
 41,  83, 29.90785449, 94.99171447,  99.9
 42,  83, 29.90365555, 94.98874341,  99.9
 43,  83, 29.89947809, 94.98580498,  99.9
 44,  83, 29.89532125, 94.98289855,  99.9
 45,  83, 29.89118415, 94.98002351,  99.9
 46,  83, 29.88706595, 94.97717925,  99.9
 47,  83, 29.88296579, 94.97436519,  99.9
 48,  83, 29.87888282, 94.97158073,  99.9
 49,  83, 29.87481618, 94.96882529,  99.9
 50,  83, 29.87076504, 94.96609829,  99.9
 51,  83, 29.86672855, 94.96339915,  99.9
 52,  83, 29.86270588, 94.96072731,  99.9
 53,  83, 29.85869618, 94.95808221,  99.9
 54,  83, 29.85469864, 94.95546329,  99.9
 55,  83, 29.85071241, 94.95287002,  99.9
 56,  83, 29.84673666, 94.95030183,  99.9
 57,  83, 29.84277058, 94.94775820,  99.9
 58,  83, 29.83881334, 94.94523858,  99.9
 59,  83, 29.83486412, 94.94274247,  99.9
 60,  83, 29.83092209, 94.94026932,  99.9
 61,  83, 29.82698644, 94.93781862,  99.9
 62,  83, 29.82305634, 94.93538987,  99.9
 63,  83, 29.81913099, 94.93298255,  99.9
 64,  83, 29.81520957, 94.93059615,  99.9
 65,  83, 29.81129126, 94.92823018,  99.9
 66,  83, 29.80737524, 94.92588415,  99.9
 67,  83, 29.80346071, 94.92355756,  99.9
 68,  83, 29.79954685, 94.92124992,   6.0
 69,  83, 29.79563285, 94.91896076,  99.9
 70,  83, 29.79171789, 94.91668960,  99.9
 71,  83, 29.78780116, 94.91443595,  99.9
 72,  83, 29.78388184, 94.91219936,  99.9
 73,  83, 29.77995912, 94.90997934,  99.9
 74,  83, 29.77603219, 94.90777545,  99.9
 75,  83, 29.77210023, 94.90558721,  99.9
 76,  83, 29.76816242, 94.90341418,  99.9
 77,  83, 29.76421794, 94.90125590,  99.9
 78,  83, 29.76026597, 94.89911191,  99.9
 79,  83, 29.75630569, 94.89698177,  99.9
 80,  83, 29.75233628, 94.89486505,  99.9
 81,  83, 29.74835691, 94.89276128,  99.9
 82,  83, 29.74436675, 94.89067004,  99.9
 83,  83, 29.74036498, 94.88859089,  99.9
 84,  83, 29.73635076, 94.88652340,  99.9
 85,  83, 29.73232325, 94.88446714,  99.9
 86,  83, 29.72828163, 94.88242167,  99.9
 87,  83, 29.72422504, 94.88038657,  99.9
 88,  83, 29.72015265, 94.87836142,  99.9
 89,  83, 29.71606360, 94.87634580,  99.9
 90,  83, 29.71195706, 94.87433928,  99.9
 91,  83, 29.70783215, 94.87234146,  99.9
 92,  83, 29.70368803, 94.87035190,  99.9
 93,  83, 29.69952384, 94.86837021,  99.9
 94,  83, 29.69533870, 94.86639596,  99.9
 95,  83, 29.69113175, 94.86442875,   6.1
 96,  83, 29.68690210, 94.86246816,   6.1
 97,  83, 29.68264889, 94.86051380,   6.1
 98,  83, 29.67837122, 94.85856525,   6.1
 99,  83, 29.67406821, 94.85662211,   6.1
100,  83, 29.66973896, 94.85468398,   6.1
101,  83, 29.66538257, 94.85275044,   6.1
102,  83, 29.66099814, 94.85082111,   6.1
103,  83, 29.65658474, 94.84889559,   6.1
104,  83, 29.65214147, 94.84697346,   6.1
105,  83, 29.64766739, 94.84505434,   6.1
106,  83, 29.64316158, 94.84313782,   6.1
107,  83, 29.63862311, 94.84122351,   6.1
108,  83, 29.63405101, 94.83931101,   6.1
109,  83, 29.62944435, 94.83739993,   6.1
110,  83, 29.62480217, 94.83548987,   6.1
111,  83, 29.62012349, 94.83358043,   6.1
112,  83, 29.61540735, 94.83167121,   6.1
113,  83, 29.61065276, 94.82976183,   6.1
114,  83, 29.60585874, 94.82785189,   6.1
115,  83, 29.60102428, 94.82594099,   6.1
116,  83, 29.59614838, 94.82402874,   6.1
117,  83, 29.59123003, 94.82211474,   6.1
118,  83, 29.58626820, 94.82019859,   6.1
119,  83, 29.58126186, 94.81827991,   6.1
120,  83, 29.57620996, 94.81635829,   6.1
121,  83, 29.57111146, 94.81443333,   6.1
122,  83, 29.56596529, 94.81250465,   6.2
123,  83, 29.56077039, 94.81057184,   6.2
124,  83, 29.55552567, 94.80863450,   6.2
125,  83, 29.55023004, 94.80669224,   6.2
126,  83, 29.54488239, 94.80474465,   6.2
127,  83, 29.53948162, 94.80279132,   6.2
128,  83, 29.53402659, 94.80083187,   6.2
129,  83, 29.52851619, 94.79886589,   6.3
130,  83, 29.52294924, 94.79689296,   6.3
131,  83, 29.51732461, 94.79491269,   6.3
132,  83, 29.51164111, 94.79292467,   6.3
133,  83, 29.50589757, 94.79092848,   6.3
134,  83, 29.50009279, 94.78892372,   6.4
135,  83, 29.49422555, 94.78690998,   6.4
136,  83, 29.48829464, 94.78488684,   6.4
137,  83, 29.48229883, 94.78285388,   6.5
138,  83, 29.47623686, 94.78081069,   6.5
139,  83, 29.47010747, 94.77875686,   6.5
140,  83, 29.46390939, 94.77669195,   6.6
141,  83, 29.45764132, 94.77461554,   6.6
142,  83, 29.45130197, 94.77252721,   6.6
143,  83, 29.44489000, 94.77042654,   6.6
144,  83, 29.43840409, 94.76831308,   6.7
145,  83, 29.43184289, 94.76618642,   6.7
146,  83, 29.42520502, 94.76404610,   6.7
147,  83, 29.41848912, 94.76189170,   6.8
148,  83, 29.41169377, 94.75972278,   6.8
149,  83, 29.40481756, 94.75753888,   6.8
150,  83, 29.39785906, 94.75533957,   6.9
151,  83, 29.39081683, 94.75312440,   7.8
152,  83, 29.38368939, 94.75089290,   8.0
153,  83, 29.37647527, 94.74864464,   7.9
154,  83, 29.36917295, 94.74637914,   8.0
155,  83, 29.36178092, 94.74409595,   8.1
156,  83, 29.35429764, 94.74179461,   8.0
157,  83, 29.34672155, 94.73947463,   8.0
158,  83, 29.33905107, 94.73713556,   7.9
159,  83, 29.33128461, 94.73477691,   8.1
160,  83, 29.32342055, 94.73239821,   8.1
161,  83, 29.31545724, 94.72999897,   8.1
162,  83, 29.30739304, 94.72757870,   8.0
163,  83, 29.29922626, 94.72513692,   7.8
164,  83, 29.29095520, 94.72267312,   7.8
165,  83, 29.28257814, 94.72018681,   7.7
166,  83, 29.27409333, 94.71767748,   7.7
167,  83, 29.26549901, 94.71514463,   7.6
168,  83, 29.25679338, 94.71258774,   7.5
169,  83, 29.24797463, 94.71000629,   7.4
170,  83, 29.23904094, 94.70739976,   7.4
171,  83, 29.22999042, 94.70476763,   7.3
172,  83, 29.22082121, 94.70210936,   7.2
173,  83, 29.21153139, 94.69942441,   7.2
174,  83, 29.20211902, 94.69671225,   7.1
175,  83, 29.19258214, 94.69397232,   7.0
176,  83, 29.18291877, 94.69120408,   7.0
177,  83, 29.17312690, 94.68840696,   6.9
178,  83, 29.16320448, 94.68558041,   6.8
179,  83, 29.15314945, 94.68272385,   6.7
180,  83, 29.14295971, 94.67983670,   6.7
181,  83, 29.13263314, 94.67691840,   6.6
182,  83, 29.12216759, 94.67396835,   6.5
183,  83, 29.11156088, 94.67098595,   6.4
184,  83, 29.10081080, 94.66797062,   6.3
185,  83, 29.08991511, 94.66492175,   6.3
186,  83, 29.07887154, 94.66183872,   6.2
187,  83, 29.06767779, 94.65872091,   6.1
188,  83, 29.05633152, 94.65556772,   6.0
189,  83, 29.04483037, 94.65237849,   5.9
190,  83, 29.03317196, 94.64915260,   5.8
191,  83, 29.02135384, 94.64588941,   5.7
192,  83, 29.00937355, 94.64258825,   5.7
193,  83, 28.99722860, 94.63924848,   5.6
194,  83, 28.98491647, 94.63586943,   5.5
195,  83, 28.97243457, 94.63245042,   5.4
196,  83, 28.95978032, 94.62899077,   5.3
197,  83, 28.94695107, 94.62548980,   5.3
198,  83, 28.93394416, 94.62194681,   5.2
199,  83, 28.92075687, 94.61836109,   5.1
200,  83, 28.90738645, 94.61473195,   5.0
201,  83, 28.89383013, 94.61105864,   4.9
202,  83, 28.88008506, 94.60734046,   4.8
203,  83, 28.86614840, 94.60357666,   4.7
204,  83, 28.85201723, 94.59976650,   4.6
205,  83, 28.83768861, 94.59590923,   4.6
206,  83, 28.82315956, 94.59200408,   4.5
207,  83, 28.80842705, 94.58805029,   4.4
208,  83, 28.79348800, 94.58404707,   4.3
209,  83, 28.77833931, 94.57999363,   4.2
210,  83, 28.76297781, 94.57588919,   4.1
211,  83, 28.74740031, 94.57173294,   4.0
212,  83, 28.73160356, 94.56752404,   3.9
213,  83, 28.71558427, 94.56326170,   3.8
214,  83, 28.69933910, 94.55894505,   3.7
215,  83, 28.68286466, 94.55457327,   3.6
216,  83, 28.66615753, 94.55014549,   3.5
217,  83, 28.64921421, 94.54566086,   3.4
218,  83, 28.63203118, 94.54111849,   3.3
219,  83, 28.61460486, 94.53651750,   3.2
220,  83, 28.59693161, 94.53185699,   3.1
221,  83, 28.57900776, 94.52713605,   2.9
222,  83, 28.56082956, 94.52235378,   2.8
223,  83, 28.54239323, 94.51750923,   2.7
224,  83, 28.52369493, 94.51260147,   2.6
225,  83, 28.50473075, 94.50762955,   2.5
226,  83, 28.48549675, 94.50259250,   2.4
227,  83, 28.46598892, 94.49748935,   2.3
228,  83, 28.44620319, 94.49231912,   2.2
229,  83, 28.42613544, 94.48708080,   2.1
230,  83, 28.40578149, 94.48177339,   2.1
231,  83, 28.38513709, 94.47639586,   2.0
232,  83, 28.36419794, 94.47094719,   2.0
233,  83, 28.34295967, 94.46542632,   2.0
234,  83, 28.32141787, 94.45983219,   2.0
235,  83, 28.29956804, 94.45416374,   2.0
236,  83, 28.27740563, 94.44841987,   2.0
237,  83, 28.25492601, 94.44259950,   2.0
238,  83, 28.23212451, 94.43670150,   2.0
239,  83, 28.20899637, 94.43072476,   2.0
240,  83, 28.18553677, 94.42466814,   2.0
241,  83, 28.16174083, 94.41853048,   2.0
  1,  84, 30.10834321, 95.13861058,  99.9
  2,  84, 30.10244658, 95.13380424,  99.9
  3,  84, 30.09661263, 95.12906117,  99.9
  4,  84, 30.09084016, 95.12438037,  99.9
  5,  84, 30.08512798, 95.11976085,  99.9
  6,  84, 30.07947490, 95.11520162,  99.9
  7,  84, 30.07387974, 95.11070173,  99.9
  8,  84, 30.06834136, 95.10626021,  99.9
  9,  84, 30.06285861, 95.10187612,  99.9
 10,  84, 30.05743035, 95.09754854,  99.9
 11,  84, 30.05205545, 95.09327654,  99.9
 12,  84, 30.04673281, 95.08905923,  99.9
 13,  84, 30.04146133, 95.08489571,  99.9
 14,  84, 30.03623990, 95.08078510,  99.9
 15,  84, 30.03106746, 95.07672653,  99.9
 16,  84, 30.02594292, 95.07271914,  99.9
 17,  84, 30.02086522, 95.06876209,  99.9
 18,  84, 30.01583333, 95.06485453,  99.9
 19,  84, 30.01084618, 95.06099564,  99.9
 20,  84, 30.00590275, 95.05718461,  99.9
 21,  84, 30.00100202, 95.05342063,  99.9
 22,  84, 29.99614296, 95.04970290,  99.9
 23,  84, 29.99132458, 95.04603065,  99.9
 24,  84, 29.98654586, 95.04240309,  99.9
 25,  84, 29.98180583, 95.03881947,  99.9
 26,  84, 29.97710350, 95.03527901,  99.9
 27,  84, 29.97243789, 95.03178099,  99.9
 28,  84, 29.96780804, 95.02832465,  99.9
 29,  84, 29.96321299, 95.02490928,  99.9
 30,  84, 29.95865177, 95.02153415,  99.9
 31,  84, 29.95412346, 95.01819854,  99.9
 32,  84, 29.94962710, 95.01490177,  99.9
 33,  84, 29.94516177, 95.01164313,  99.9
 34,  84, 29.94072654, 95.00842193,  99.9
 35,  84, 29.93632049, 95.00523751,  99.9
 36,  84, 29.93194270, 95.00208918,  99.9
 37,  84, 29.92759227, 94.99897629,  99.9
 38,  84, 29.92326829, 94.99589818,  99.9
 39,  84, 29.91896987, 94.99285421,  99.9
 40,  84, 29.91469611, 94.98984372,  99.9
 41,  84, 29.91044613, 94.98686610,  99.9
 42,  84, 29.90621904, 94.98392072,  99.9
 43,  84, 29.90201397, 94.98100695,  99.9
 44,  84, 29.89783005, 94.97812418,  99.9
 45,  84, 29.89366640, 94.97527182,  99.9
 46,  84, 29.88952217, 94.97244925,  99.9
 47,  84, 29.88539648, 94.96965589,  99.9
 48,  84, 29.88128849, 94.96689115,  99.9
 49,  84, 29.87719734, 94.96415445,  99.9
 50,  84, 29.87312218, 94.96144521,  99.9
 51,  84, 29.86906217, 94.95876288,  99.9
 52,  84, 29.86501646, 94.95610687,  99.9
 53,  84, 29.86098421, 94.95347665,  99.9
 54,  84, 29.85696459, 94.95087165,  99.9
 55,  84, 29.85295676, 94.94829133,  99.9
 56,  84, 29.84895988, 94.94573515,  99.9
 57,  84, 29.84497313, 94.94320258,  99.9
 58,  84, 29.84099567, 94.94069308,  99.9
 59,  84, 29.83702669, 94.93820613,  99.9
 60,  84, 29.83306536, 94.93574120,  99.9
 61,  84, 29.82911085, 94.93329779,  99.9
 62,  84, 29.82516234, 94.93087537,  99.9
 63,  84, 29.82121901, 94.92847345,  99.9
 64,  84, 29.81728004, 94.92609152,  99.9
 65,  84, 29.81334462, 94.92372907,  99.9
 66,  84, 29.80941193, 94.92138563,  99.9
 67,  84, 29.80548114, 94.91906070,  99.9
 68,  84, 29.80155144, 94.91675378,  99.9
 69,  84, 29.79762202, 94.91446441,  99.9
 70,  84, 29.79369206, 94.91219209,  99.9
 71,  84, 29.78976073, 94.90993636,  99.9
 72,  84, 29.78582723, 94.90769675,  99.9
 73,  84, 29.78189074, 94.90547278,  99.9
 74,  84, 29.77795043, 94.90326400,  99.9
 75,  84, 29.77400549, 94.90106993,  99.9
 76,  84, 29.77005510, 94.89889013,  99.9
 77,  84, 29.76609843, 94.89672414,  99.9
 78,  84, 29.76213467, 94.89457151,  99.9
 79,  84, 29.75816298, 94.89243178,  99.9
 80,  84, 29.75418255, 94.89030452,  99.9
 81,  84, 29.75019255, 94.88818927,  99.9
 82,  84, 29.74619214, 94.88608560,  99.9
 83,  84, 29.74218049, 94.88399307,  99.9
 84,  84, 29.73815678, 94.88191124,  99.9
 85,  84, 29.73412015, 94.87983967,  99.9
 86,  84, 29.73006978, 94.87777795,  99.9
 87,  84, 29.72600482, 94.87572563,  99.9
 88,  84, 29.72192443, 94.87368229,  99.9
 89,  84, 29.71782775, 94.87164751,  99.9
 90,  84, 29.71371393, 94.86962086,  99.9
 91,  84, 29.70958213, 94.86760192,  99.9
 92,  84, 29.70543147, 94.86559027,  99.9
 93,  84, 29.70126109, 94.86358549,  99.9
 94,  84, 29.69707014, 94.86158717,   6.1
 95,  84, 29.69285773, 94.85959488,   6.1
 96,  84, 29.68862299, 94.85760822,   6.1
 97,  84, 29.68436504, 94.85562678,   6.1
 98,  84, 29.68008299, 94.85365013,   6.1
 99,  84, 29.67577595, 94.85167787,   6.1
100,  84, 29.67144303, 94.84970960,   6.1
101,  84, 29.66708332, 94.84774489,   6.1
102,  84, 29.66269592, 94.84578336,   6.1
103,  84, 29.65827991, 94.84382457,   6.1
104,  84, 29.65383437, 94.84186815,   6.1
105,  84, 29.64935839, 94.83991366,   6.1
106,  84, 29.64485102, 94.83796072,   6.1
107,  84, 29.64031133, 94.83600891,   6.1
108,  84, 29.63573838, 94.83405783,   6.1
109,  84, 29.63113121, 94.83210708,   6.1
110,  84, 29.62648887, 94.83015625,   6.1
111,  84, 29.62181038, 94.82820495,   6.1
112,  84, 29.61709478, 94.82625275,   6.1
113,  84, 29.61234109, 94.82429927,   6.1
114,  84, 29.60754830, 94.82234410,   6.1
115,  84, 29.60271544, 94.82038682,   6.1
116,  84, 29.59784148, 94.81842705,   6.1
117,  84, 29.59292542, 94.81646437,   6.1
118,  84, 29.58796624, 94.81449838,   6.1
119,  84, 29.58296289, 94.81252867,   6.1
120,  84, 29.57791434, 94.81055483,   6.1
121,  84, 29.57281954, 94.80857646,   6.1
122,  84, 29.56767743, 94.80659315,   6.1
123,  84, 29.56248694, 94.80460449,   6.1
124,  84, 29.55724698, 94.80261006,   6.1
125,  84, 29.55195647, 94.80060947,   6.1
126,  84, 29.54661430, 94.79860229,   6.1
127,  84, 29.54121936, 94.79658812,   6.2
128,  84, 29.53577054, 94.79456653,   6.2
129,  84, 29.53026669, 94.79253711,   6.2
130,  84, 29.52470666, 94.79049945,   6.3
131,  84, 29.51908931, 94.78845312,   6.3
132,  84, 29.51341346, 94.78639771,   6.3
133,  84, 29.50767793, 94.78433278,   6.3
134,  84, 29.50188153, 94.78225793,   6.4
135,  84, 29.49602304, 94.78017271,   6.4
136,  84, 29.49010126, 94.77807670,   6.4
137,  84, 29.48411494, 94.77596948,   6.5
138,  84, 29.47806284, 94.77385060,   6.5
139,  84, 29.47194370, 94.77171964,   6.5
140,  84, 29.46575625, 94.76957615,   6.5
141,  84, 29.45949919, 94.76741970,   6.6
142,  84, 29.45317122, 94.76524985,   6.6
143,  84, 29.44677104, 94.76306615,   6.6
144,  84, 29.44029729, 94.76086815,   6.6
145,  84, 29.43374865, 94.75865541,   6.7
146,  84, 29.42712373, 94.75642747,   6.7
147,  84, 29.42042117, 94.75418387,   6.7
148,  84, 29.41363956, 94.75192416,   6.8
149,  84, 29.40677749, 94.74964788,   6.8
150,  84, 29.39983355, 94.74735455,   7.2
151,  84, 29.39280627, 94.74504372,   8.3
152,  84, 29.38569419, 94.74271491,   8.3
153,  84, 29.37849584, 94.74036764,   8.2
154,  84, 29.37120972, 94.73800145,   8.2
155,  84, 29.36383430, 94.73561583,   8.2
156,  84, 29.35636806, 94.73321031,   8.1
157,  84, 29.34880943, 94.73078441,   8.1
158,  84, 29.34115684, 94.72833761,   8.1
159,  84, 29.33340870, 94.72586944,   8.1
160,  84, 29.32556340, 94.72337938,   8.1
161,  84, 29.31761929, 94.72086693,   8.0
162,  84, 29.30957473, 94.71833158,   7.9
163,  84, 29.30142804, 94.71577281,   7.8
164,  84, 29.29317753, 94.71319011,   7.7
165,  84, 29.28482147, 94.71058295,   7.7
166,  84, 29.27635812, 94.70795080,   7.6
167,  84, 29.26778572, 94.70529313,   7.5
168,  84, 29.25910249, 94.70260941,   7.5
169,  84, 29.25030662, 94.69989908,   7.4
170,  84, 29.24139627, 94.69716160,   7.3
171,  84, 29.23236958, 94.69439641,   7.3
172,  84, 29.22322469, 94.69160297,   7.2
173,  84, 29.21395968, 94.68878070,   7.1
174,  84, 29.20457262, 94.68592903,   7.1
175,  84, 29.19506155, 94.68304739,   7.0
176,  84, 29.18542450, 94.68013520,   6.9
177,  84, 29.17565946, 94.67719187,   6.8
178,  84, 29.16576439, 94.67421681,   6.8
179,  84, 29.15573723, 94.67120942,   6.7
180,  84, 29.14557590, 94.66816909,   6.6
181,  84, 29.13527827, 94.66509522,   6.5
182,  84, 29.12484219, 94.66198718,   6.5
183,  84, 29.11426551, 94.65884436,   6.4
184,  84, 29.10354600, 94.65566612,   6.3
185,  84, 29.09268145, 94.65245182,   6.2
186,  84, 29.08166958, 94.64920083,   6.1
187,  84, 29.07050809, 94.64591248,   6.0
188,  84, 29.05919467, 94.64258612,   6.0
189,  84, 29.04772696, 94.63922110,   5.9
190,  84, 29.03610257, 94.63581673,   5.8
191,  84, 29.02431907, 94.63237233,   5.7
192,  84, 29.01237400, 94.62888722,   5.6
193,  84, 29.00026489, 94.62536070,   5.5
194,  84, 28.98798921, 94.62179207,   5.5
195,  84, 28.97554439, 94.61818063,   5.4
196,  84, 28.96292785, 94.61452564,   5.3
197,  84, 28.95013696, 94.61082639,   5.2
198,  84, 28.93716904, 94.60708214,   5.1
199,  84, 28.92402141, 94.60329214,   5.0
200,  84, 28.91069131, 94.59945565,   5.0
201,  84, 28.89717597, 94.59557191,   4.9
202,  84, 28.88347257, 94.59164014,   4.8
203,  84, 28.86957826, 94.58765956,   4.7
204,  84, 28.85549015, 94.58362940,   4.6
205,  84, 28.84120528, 94.57954885,   4.5
206,  84, 28.82672070, 94.57541711,   4.5
207,  84, 28.81203337, 94.57123337,   4.4
208,  84, 28.79714024, 94.56699679,   4.3
209,  84, 28.78203821, 94.56270655,   4.2
210,  84, 28.76672412, 94.55836181,   4.1
211,  84, 28.75119479, 94.55396170,   4.0
212,  84, 28.73544697, 94.54950536,   3.9
213,  84, 28.71947738, 94.54499193,   3.8
214,  84, 28.70328271, 94.54042051,   3.7
215,  84, 28.68685956, 94.53579021,   3.6
216,  84, 28.67020452, 94.53110013,   3.5
217,  84, 28.65331411, 94.52634934,   3.4
218,  84, 28.63618482, 94.52153693,   3.3
219,  84, 28.61881308, 94.51666194,   3.1
220,  84, 28.60119525, 94.51172344,   3.0
221,  84, 28.58332768, 94.50672046,   2.9
222,  84, 28.56520663, 94.50165203,   2.8
223,  84, 28.54682833, 94.49651717,   2.7
224,  84, 28.52818895, 94.49131487,   2.6
225,  84, 28.50928460, 94.48604413,   2.5
226,  84, 28.49011134, 94.48070392,   2.4
227,  84, 28.47066517, 94.47529323,   2.3
228,  84, 28.45094204, 94.46981099,   2.2
229,  84, 28.43093784, 94.46425616,   2.1
230,  84, 28.41064840, 94.45862765,   2.1
231,  84, 28.39006949, 94.45292440,   2.0
232,  84, 28.36919681, 94.44714529,   2.0
233,  84, 28.34802602, 94.44128923,   2.0
234,  84, 28.32655271, 94.43535508,   2.0
235,  84, 28.30477239, 94.42934172,   2.0
236,  84, 28.28268053, 94.42324798,   2.0
237,  84, 28.26027252, 94.41707271,   2.0
238,  84, 28.23754369, 94.41081472,   2.0
239,  84, 28.21448930, 94.40447282,   2.0
240,  84, 28.19110454, 94.39804581,   2.0
241,  84, 28.16738455, 94.39153246,   2.0
  1,  85, 30.11251780, 95.13176059,  99.9
  2,  85, 30.10656657, 95.12702795,  99.9
  3,  85, 30.10067890, 95.12235717,  99.9
  4,  85, 30.09485356, 95.11774726,  99.9
  5,  85, 30.08908935, 95.11319725,  99.9
  6,  85, 30.08338506, 95.10870615,  99.9
  7,  85, 30.07773953, 95.10427304,  99.9
  8,  85, 30.07215159, 95.09989695,  99.9
  9,  85, 30.06662007, 95.09557697,  99.9
 10,  85, 30.06114383, 95.09131218,  99.9
 11,  85, 30.05572173, 95.08710168,  99.9
 12,  85, 30.05035267, 95.08294457,  99.9
 13,  85, 30.04503551, 95.07883998,  99.9
 14,  85, 30.03976916, 95.07478703,  99.9
 15,  85, 30.03455253, 95.07078487,  99.9
 16,  85, 30.02938455, 95.06683265,  99.9
 17,  85, 30.02426412, 95.06292953,  99.9
 18,  85, 30.01919021, 95.05907470,  99.9
 19,  85, 30.01416175, 95.05526733,  99.9
 20,  85, 30.00917771, 95.05150663,  99.9
 21,  85, 30.00423704, 95.04779179,  99.9
 22,  85, 29.99933873, 95.04412203,  99.9
 23,  85, 29.99448176, 95.04049658,  99.9
 24,  85, 29.98966513, 95.03691467,  99.9
 25,  85, 29.98488783, 95.03337554,  99.9
 26,  85, 29.98014887, 95.02987846,  99.9
 27,  85, 29.97544728, 95.02642268,  99.9
 28,  85, 29.97078207, 95.02300746,  99.9
 29,  85, 29.96615228, 95.01963211,  99.9
 30,  85, 29.96155695, 95.01629589,  99.9
 31,  85, 29.95699512, 95.01299811,  99.9
 32,  85, 29.95246586, 95.00973808,  99.9
 33,  85, 29.94796821, 95.00651510,  99.9
 34,  85, 29.94350125, 95.00332850,  99.9
 35,  85, 29.93906405, 95.00017761,  99.9
 36,  85, 29.93465568, 94.99706177,  99.9
 37,  85, 29.93027524, 94.99398031,  99.9
 38,  85, 29.92592182, 94.99093259,  99.9
 39,  85, 29.92159450, 94.98791797,  99.9
 40,  85, 29.91729240, 94.98493582,  99.9
 41,  85, 29.91301462, 94.98198550,  99.9
 42,  85, 29.90876027, 94.97906641,  99.9
 43,  85, 29.90452847, 94.97617792,  99.9
 44,  85, 29.90031834, 94.97331942,  99.9
 45,  85, 29.89612901, 94.97049033,  99.9
 46,  85, 29.89195960, 94.96769004,  99.9
 47,  85, 29.88780925, 94.96491796,  99.9
 48,  85, 29.88367710, 94.96217352,  99.9
 49,  85, 29.87956229, 94.95945614,  99.9
 50,  85, 29.87546396, 94.95676524,  99.9
 51,  85, 29.87138127, 94.95410027,  99.9
 52,  85, 29.86731337, 94.95146066,  99.9
 53,  85, 29.86325940, 94.94884586,  99.9
 54,  85, 29.85921854, 94.94625533,  99.9
 55,  85, 29.85518994, 94.94368851,  99.9
 56,  85, 29.85117275, 94.94114488,  99.9
 57,  85, 29.84716616, 94.93862389,  99.9
 58,  85, 29.84316932, 94.93612503,  99.9
 59,  85, 29.83918141, 94.93364776,  99.9
 60,  85, 29.83520159, 94.93119157,  99.9
 61,  85, 29.83122905, 94.92875595,  99.9
 62,  85, 29.82726295, 94.92634038,  99.9
 63,  85, 29.82330246, 94.92394436,  99.9
 64,  85, 29.81934678, 94.92156739,  99.9
 65,  85, 29.81539506, 94.91920897,  99.9
 66,  85, 29.81144651, 94.91686861,  99.9
 67,  85, 29.80750028, 94.91454581,  99.9
 68,  85, 29.80355556, 94.91224010,  99.9
 69,  85, 29.79961154, 94.90995099,  99.9
 70,  85, 29.79566739, 94.90767800,  99.9
 71,  85, 29.79172229, 94.90542066,  99.9
 72,  85, 29.78777543, 94.90317849,  99.9
 73,  85, 29.78382597, 94.90095104,  99.9
 74,  85, 29.77987310, 94.89873782,  99.9
 75,  85, 29.77591601, 94.89653839,  99.9
 76,  85, 29.77195386, 94.89435228,  99.9
 77,  85, 29.76798583, 94.89217903,  99.9
 78,  85, 29.76401109, 94.89001820,  99.9
 79,  85, 29.76002883, 94.88786933,  99.9
 80,  85, 29.75603821, 94.88573197,  99.9
 81,  85, 29.75203840, 94.88360568,  99.9
 82,  85, 29.74802857, 94.88149002,  99.9
 83,  85, 29.74400788, 94.87938454,  99.9
 84,  85, 29.73997551, 94.87728880,  99.9
 85,  85, 29.73593060, 94.87520237,  99.9
 86,  85, 29.73187233, 94.87312482,  99.9
 87,  85, 29.72779984, 94.87105571,  99.9
 88,  85, 29.72371229, 94.86899461,  99.9
 89,  85, 29.71960882, 94.86694109,  99.9
 90,  85, 29.71548860, 94.86489473,  99.9
 91,  85, 29.71135074, 94.86285510,  99.9
 92,  85, 29.70719441, 94.86082177,  99.9
 93,  85, 29.70301873, 94.85879432,   6.1
 94,  85, 29.69882283, 94.85677234,   6.1
 95,  85, 29.69460583, 94.85475540,   6.1
 96,  85, 29.69036688, 94.85274307,   6.1
 97,  85, 29.68610507, 94.85073495,   6.1
 98,  85, 29.68181953, 94.84873062,   6.1
 99,  85, 29.67750935, 94.84672966,   6.1
100,  85, 29.67317366, 94.84473165,   6.1
101,  85, 29.66881153, 94.84273618,   6.1
102,  85, 29.66442208, 94.84074284,   6.1
103,  85, 29.66000437, 94.83875121,   6.1
104,  85, 29.65555750, 94.83676088,   6.1
105,  85, 29.65108053, 94.83477144,   6.1
106,  85, 29.64657254, 94.83278248,   6.1
107,  85, 29.64203259, 94.83079357,   6.1
108,  85, 29.63745972, 94.82880432,   6.1
109,  85, 29.63285300, 94.82681431,   6.1
110,  85, 29.62821146, 94.82482312,   6.1
111,  85, 29.62353414, 94.82283035,   6.1
112,  85, 29.61882006, 94.82083558,   6.1
113,  85, 29.61406824, 94.81883840,   6.1
114,  85, 29.60927769, 94.81683840,   6.1
115,  85, 29.60444742, 94.81483516,   6.1
116,  85, 29.59957642, 94.81282827,   6.1
117,  85, 29.59466367, 94.81081732,   6.1
118,  85, 29.58970815, 94.80880188,   6.1
119,  85, 29.58470884, 94.80678155,   6.1
120,  85, 29.57966469, 94.80475590,   6.1
121,  85, 29.57457465, 94.80272452,   6.1
122,  85, 29.56943765, 94.80068699,   6.1
123,  85, 29.56425264, 94.79864289,   6.1
124,  85, 29.55901854, 94.79659180,   6.1
125,  85, 29.55373424, 94.79453329,   6.1
126,  85, 29.54839866, 94.79246694,   6.1
127,  85, 29.54301068, 94.79039232,   6.1
128,  85, 29.53756917, 94.78830902,   6.2
129,  85, 29.53207302, 94.78621659,   6.2
130,  85, 29.52652107, 94.78411461,   6.2
131,  85, 29.52091216, 94.78200264,   6.3
132,  85, 29.51524513, 94.77988026,   6.3
133,  85, 29.50951880, 94.77774702,   6.3
134,  85, 29.50373198, 94.77560249,   6.4
135,  85, 29.49788346, 94.77344623,   6.4
136,  85, 29.49197202, 94.77127779,   6.4
137,  85, 29.48599644, 94.76909672,   6.4
138,  85, 29.47995546, 94.76690259,   6.5
139,  85, 29.47384783, 94.76469494,   6.5
140,  85, 29.46767228, 94.76247332,   6.5
141,  85, 29.46142753, 94.76023727,   6.5
142,  85, 29.45511226, 94.75798634,   6.6
143,  85, 29.44872518, 94.75572006,   6.6
144,  85, 29.44226494, 94.75343797,   6.6
145,  85, 29.43573020, 94.75113960,   6.6
146,  85, 29.42911960, 94.74882449,   6.6
147,  85, 29.42243176, 94.74649215,   6.7
148,  85, 29.41566530, 94.74414212,   6.7
149,  85, 29.40881880, 94.74177391,   6.8
150,  85, 29.40189083, 94.73938704,   7.3
151,  85, 29.39487996, 94.73698103,   8.2
152,  85, 29.38778472, 94.73455537,   8.7
153,  85, 29.38060363, 94.73210958,   8.5
154,  85, 29.37333520, 94.72964316,   8.4
155,  85, 29.36597792, 94.72715561,   8.3
156,  85, 29.35853025, 94.72464641,   8.2
157,  85, 29.35099064, 94.72211506,   8.2
158,  85, 29.34335752, 94.71956105,   8.1
159,  85, 29.33562930, 94.71698385,   8.1
160,  85, 29.32780438, 94.71438294,   8.1
161,  85, 29.31988111, 94.71175779,   8.0
162,  85, 29.31185785, 94.70910787,   7.9
163,  85, 29.30373294, 94.70643264,   7.8
164,  85, 29.29550467, 94.70373156,   7.7
165,  85, 29.28717133, 94.70100407,   7.6
166,  85, 29.27873119, 94.69824964,   7.6
167,  85, 29.27018248, 94.69546769,   7.5
168,  85, 29.26152344, 94.69265767,   7.4
169,  85, 29.25275224, 94.68981901,   7.4
170,  85, 29.24386708, 94.68695114,   7.3
171,  85, 29.23486608, 94.68405346,   7.2
172,  85, 29.22574739, 94.68112541,   7.1
173,  85, 29.21650909, 94.67816638,   7.1
174,  85, 29.20714927, 94.67517578,   7.0
175,  85, 29.19766597, 94.67215301,   6.9
176,  85, 29.18805723, 94.66909746,   6.9
177,  85, 29.17832102, 94.66600851,   6.8
178,  85, 29.16845534, 94.66288554,   6.7
179,  85, 29.15845812, 94.65972793,   6.7
180,  85, 29.14832727, 94.65653503,   6.6
181,  85, 29.13806069, 94.65330620,   6.5
182,  85, 29.12765625, 94.65004081,   6.4
183,  85, 29.11711176, 94.64673818,   6.3
184,  85, 29.10642503, 94.64339767,   6.3
185,  85, 29.09559384, 94.64001859,   6.2
186,  85, 29.08461593, 94.63660028,   6.1
187,  85, 29.07348901, 94.63314205,   6.0
188,  85, 29.06221076, 94.62964321,   5.9
189,  85, 29.05077883, 94.62610305,   5.8
190,  85, 29.03919085, 94.62252087,   5.7
191,  85, 29.02744438, 94.61889596,   5.7
192,  85, 29.01553700, 94.61522759,   5.6
193,  85, 29.00346620, 94.61151503,   5.5
194,  85, 28.99122949, 94.60775754,   5.4
195,  85, 28.97882430, 94.60395438,   5.3
196,  85, 28.96624806, 94.60010478,   5.3
197,  85, 28.95349813, 94.59620798,   5.2
198,  85, 28.94057187, 94.59226321,   5.1
199,  85, 28.92746658, 94.58826969,   5.0
200,  85, 28.91417953, 94.58422661,   4.9
201,  85, 28.90070794, 94.58013319,   4.8
202,  85, 28.88704902, 94.57598861,   4.8
203,  85, 28.87319991, 94.57179205,   4.7
204,  85, 28.85915772, 94.56754268,   4.6
205,  85, 28.84491953, 94.56323967,   4.5
206,  85, 28.83048238, 94.55888215,   4.4
207,  85, 28.81584324, 94.55446928,   4.3
208,  85, 28.80099907, 94.55000018,   4.2
209,  85, 28.78594678, 94.54547398,   4.2
210,  85, 28.77068322, 94.54088978,   4.1
211,  85, 28.75520522, 94.53624669,   4.0
212,  85, 28.73950955, 94.53154378,   3.9
213,  85, 28.72359293, 94.52678014,   3.8
214,  85, 28.70745205, 94.52195484,   3.7
215,  85, 28.69108354, 94.51706694,   3.5
216,  85, 28.67448399, 94.51211546,   3.4
217,  85, 28.65764994, 94.50709945,   3.3
218,  85, 28.64057787, 94.50201793,   3.2
219,  85, 28.62326424, 94.49686991,   3.1
220,  85, 28.60570542, 94.49165438,   3.0
221,  85, 28.58789776, 94.48637033,   2.9
222,  85, 28.56983755, 94.48101672,   2.8
223,  85, 28.55152102, 94.47559253,   2.7
224,  85, 28.53294435, 94.47009670,   2.6
225,  85, 28.51410366, 94.46452816,   2.5
226,  85, 28.49499503, 94.45888584,   2.4
227,  85, 28.47561448, 94.45316864,   2.3
228,  85, 28.45595795, 94.44737546,   2.2
229,  85, 28.43602137, 94.44150518,   2.1
230,  85, 28.41580055, 94.43555667,   2.1
231,  85, 28.39529130, 94.42952878,   2.0
232,  85, 28.37448933, 94.42342035,   2.0
233,  85, 28.35339031, 94.41723022,   2.0
234,  85, 28.33198983, 94.41095719,   2.0
235,  85, 28.31028343, 94.40460006,   2.0
236,  85, 28.28826659, 94.39815762,   2.0
237,  85, 28.26593472, 94.39162862,   2.0
238,  85, 28.24328315, 94.38501184,   2.0
239,  85, 28.22030717, 94.37830599,   2.0
240,  85, 28.19700199, 94.37150982,   2.0
241,  85, 28.17336273, 94.36462201,   2.0
  1,  86, 30.11662707, 95.12484773,  99.9
  2,  86, 30.11062250, 95.12018980,  99.9
  3,  86, 30.10468233, 95.11559231,  99.9
  4,  86, 30.09880533, 95.11105427,  99.9
  5,  86, 30.09299029, 95.10657472,  99.9
  6,  86, 30.08723600, 95.10215271,  99.9
  7,  86, 30.08154127, 95.09778731,  99.9
  8,  86, 30.07590493, 95.09347759,  99.9
  9,  86, 30.07032579, 95.08922263,  99.9
 10,  86, 30.06480272, 95.08502154,  99.9
 11,  86, 30.05933456, 95.08087342,  99.9
 12,  86, 30.05392018, 95.07677739,  99.9
 13,  86, 30.04855847, 95.07273259,  99.9
 14,  86, 30.04324830, 95.06873816,  99.9
 15,  86, 30.03798858, 95.06479326,  99.9
 16,  86, 30.03277822, 95.06089705,  99.9
 17,  86, 30.02761614, 95.05704870,  99.9
 18,  86, 30.02250127, 95.05324741,  99.9
 19,  86, 30.01743255, 95.04949236,  99.9
 20,  86, 30.01240892, 95.04578278,  99.9
 21,  86, 30.00742936, 95.04211786,  99.9
 22,  86, 30.00249282, 95.03849684,  99.9
 23,  86, 29.99759828, 95.03491896,  99.9
 24,  86, 29.99274473, 95.03138345,  99.9
 25,  86, 29.98793115, 95.02788958,  99.9
 26,  86, 29.98315656, 95.02443660,  99.9
 27,  86, 29.97841996, 95.02102379,  99.9
 28,  86, 29.97372037, 95.01765043,  99.9
 29,  86, 29.96905681, 95.01431580,  99.9
 30,  86, 29.96442832, 95.01101920,  99.9
 31,  86, 29.95983393, 95.00775994,  99.9
 32,  86, 29.95527270, 95.00453733,  99.9
 33,  86, 29.95074368, 95.00135070,  99.9
 34,  86, 29.94624592, 94.99819937,  99.9
 35,  86, 29.94177849, 94.99508267,  99.9
 36,  86, 29.93734047, 94.99199996,  99.9
 37,  86, 29.93293094, 94.98895059,  99.9
 38,  86, 29.92854897, 94.98593390,  99.9
 39,  86, 29.92419367, 94.98294927,  99.9
 40,  86, 29.91986412, 94.97999608,  99.9
 41,  86, 29.91555943, 94.97707369,  99.9
 42,  86, 29.91127871, 94.97418149,  99.9
 43,  86, 29.90702105, 94.97131889,  99.9
 44,  86, 29.90278559, 94.96848527,  99.9
 45,  86, 29.89857144, 94.96568004,  99.9
 46,  86, 29.89437773, 94.96290261,  99.9
 47,  86, 29.89020358, 94.96015240,  99.9
 48,  86, 29.88604813, 94.95742884,  99.9
 49,  86, 29.88191052, 94.95473134,  99.9
 50,  86, 29.87778988, 94.95205935,  99.9
 51,  86, 29.87368536, 94.94941230,  99.9
 52,  86, 29.86959611, 94.94678964,  99.9
 53,  86, 29.86552128, 94.94419081,  99.9
 54,  86, 29.86146001, 94.94161528,  99.9
 55,  86, 29.85741148, 94.93906251,  99.9
 56,  86, 29.85337483, 94.93653195,  99.9
 57,  86, 29.84934923, 94.93402308,  99.9
 58,  86, 29.84533384, 94.93153538,  99.9
 59,  86, 29.84132783, 94.92906832,  99.9
 60,  86, 29.83733036, 94.92662138,  99.9
 61,  86, 29.83334060, 94.92419406,  99.9
 62,  86, 29.82935773, 94.92178584,  99.9
 63,  86, 29.82538092, 94.91939623,  99.9
 64,  86, 29.82140933, 94.91702471,  99.9
 65,  86, 29.81744215, 94.91467081,  99.9
 66,  86, 29.81347855, 94.91233401,  99.9
 67,  86, 29.80951771, 94.91001385,  99.9
 68,  86, 29.80555879, 94.90770982,  99.9
 69,  86, 29.80160099, 94.90542145,  99.9
 70,  86, 29.79764347, 94.90314826,  99.9
 71,  86, 29.79368542, 94.90088978,  99.9
 72,  86, 29.78972601, 94.89864553,  99.9
 73,  86, 29.78576442, 94.89641505,  99.9
 74,  86, 29.78179982, 94.89419787,  99.9
 75,  86, 29.77783139, 94.89199353,  99.9
 76,  86, 29.77385830, 94.88980156,  99.9
 77,  86, 29.76987973, 94.88762151,  99.9
 78,  86, 29.76589485, 94.88545293,  99.9
 79,  86, 29.76190284, 94.88329536,  99.9
 80,  86, 29.75790285, 94.88114836,  99.9
 81,  86, 29.75389407, 94.87901147,  99.9
 82,  86, 29.74987565, 94.87688425,  99.9
 83,  86, 29.74584676, 94.87476626,  99.9
 84,  86, 29.74180657, 94.87265706,  99.9
 85,  86, 29.73775422, 94.87055620,  99.9
 86,  86, 29.73368889, 94.86846325,  99.9
 87,  86, 29.72960971, 94.86637778,  99.9
 88,  86, 29.72551586, 94.86429935,  99.9
 89,  86, 29.72140646, 94.86222752,  99.9
 90,  86, 29.71728068, 94.86016187,  99.9
 91,  86, 29.71313764, 94.85810197,  99.9
 92,  86, 29.70897649, 94.85604739,   6.1
 93,  86, 29.70479637, 94.85399770,   6.1
 94,  86, 29.70059639, 94.85195247,   6.1
 95,  86, 29.69637569, 94.84991129,   6.1
 96,  86, 29.69213340, 94.84787372,   6.1
 97,  86, 29.68786862, 94.84583934,   6.1
 98,  86, 29.68358047, 94.84380774,   6.1
 99,  86, 29.67926806, 94.84177848,   6.1
100,  86, 29.67493049, 94.83975116,   6.1
101,  86, 29.67056686, 94.83772534,   6.1
102,  86, 29.66617626, 94.83570061,   6.1
103,  86, 29.66175777, 94.83367655,   6.1
104,  86, 29.65731048, 94.83165273,   6.1
105,  86, 29.65283346, 94.82962875,   6.1
106,  86, 29.64832578, 94.82760417,   6.1
107,  86, 29.64378651, 94.82557859,   6.1
108,  86, 29.63921468, 94.82355157,   6.1
109,  86, 29.63460937, 94.82152271,   6.1
110,  86, 29.62996959, 94.81949158,   6.1
111,  86, 29.62529440, 94.81745775,   6.1
112,  86, 29.62058282, 94.81542082,   6.1
113,  86, 29.61583386, 94.81338036,   6.1
114,  86, 29.61104654, 94.81133594,   6.1
115,  86, 29.60621986, 94.80928715,   6.1
116,  86, 29.60135282, 94.80723356,   6.1
117,  86, 29.59644441, 94.80517474,   6.0
118,  86, 29.59149359, 94.80311028,   6.0
119,  86, 29.58649934, 94.80103974,   6.0
120,  86, 29.58146063, 94.79896271,   6.0
121,  86, 29.57637640, 94.79687874,   6.0
122,  86, 29.57124559, 94.79478741,   6.0
123,  86, 29.56606714, 94.79268829,   6.0
124,  86, 29.56083997, 94.79058095,   6.0
125,  86, 29.55556299, 94.78846494,   6.0
126,  86, 29.55023509, 94.78633985,   6.0
127,  86, 29.54485518, 94.78420522,   6.1
128,  86, 29.53942213, 94.78206062,   6.1
129,  86, 29.53393481, 94.77990561,   6.1
130,  86, 29.52839208, 94.77773975,   6.2
131,  86, 29.52279278, 94.77556258,   6.2
132,  86, 29.51713574, 94.77337367,   6.3
133,  86, 29.51141980, 94.77117255,   6.4
134,  86, 29.50564375, 94.76895879,   6.4
135,  86, 29.49980641, 94.76673192,   6.4
136,  86, 29.49390654, 94.76449149,   6.4
137,  86, 29.48794292, 94.76223704,   6.4
138,  86, 29.48191432, 94.75996810,   6.5
139,  86, 29.47581947, 94.75768422,   6.5
140,  86, 29.46965710, 94.75538492,   6.5
141,  86, 29.46342594, 94.75306972,   6.5
142,  86, 29.45712468, 94.75073817,   6.5
143,  86, 29.45075202, 94.74838977,   6.5
144,  86, 29.44430661, 94.74602406,   6.6
145,  86, 29.43778714, 94.74364054,   6.6
146,  86, 29.43119222, 94.74123873,   6.6
147,  86, 29.42452050, 94.73881813,   6.6
148,  86, 29.41777057, 94.73637826,   6.7
149,  86, 29.41094105, 94.73391861,   6.7
150,  86, 29.40403049, 94.73143868,   7.4
151,  86, 29.39703747, 94.72893797,   8.3
152,  86, 29.38996053, 94.72641597,   8.6
153,  86, 29.38279819, 94.72387215,   8.7
154,  86, 29.37554896, 94.72130601,   8.6
155,  86, 29.36821133, 94.71871703,   8.5
156,  86, 29.36078377, 94.71610466,   8.3
157,  86, 29.35326474, 94.71346839,   8.2
158,  86, 29.34565266, 94.71080767,   8.1
159,  86, 29.33794596, 94.70812197,   8.1
160,  86, 29.33014302, 94.70541074,   8.1
161,  86, 29.32224223, 94.70267342,   8.0
162,  86, 29.31424193, 94.69990947,   7.9
163,  86, 29.30614046, 94.69711832,   7.8
164,  86, 29.29793614, 94.69429940,   7.7
165,  86, 29.28962724, 94.69145215,   7.6
166,  86, 29.28121204, 94.68857599,   7.5
167,  86, 29.27268879, 94.68567033,   7.5
168,  86, 29.26405571, 94.68273459,   7.4
169,  86, 29.25531101, 94.67976817,   7.3
170,  86, 29.24645285, 94.67677047,   7.2
171,  86, 29.23747940, 94.67374089,   7.2
172,  86, 29.22838879, 94.67067882,   7.1
173,  86, 29.21917911, 94.66758363,   7.0
174,  86, 29.20984846, 94.66445471,   7.0
175,  86, 29.20039488, 94.66129141,   6.9
176,  86, 29.19081641, 94.65809312,   6.8
177,  86, 29.18111105, 94.65485917,   6.8
178,  86, 29.17127678, 94.65158892,   6.7
179,  86, 29.16131154, 94.64828171,   6.6
180,  86, 29.15121327, 94.64493688,   6.5
181,  86, 29.14097986, 94.64155376,   6.5
182,  86, 29.13060917, 94.63813166,   6.4
183,  86, 29.12009905, 94.63466990,   6.3
184,  86, 29.10944730, 94.63116778,   6.2
185,  86, 29.09865170, 94.62762460,   6.1
186,  86, 29.08771000, 94.62403966,   6.0
187,  86, 29.07661993, 94.62041224,   6.0
188,  86, 29.06537916, 94.61674160,   5.9
189,  86, 29.05398537, 94.61302702,   5.8
190,  86, 29.04243617, 94.60926775,   5.7
191,  86, 29.03072915, 94.60546305,   5.6
192,  86, 29.01886188, 94.60161215,   5.6
193,  86, 29.00683188, 94.59771428,   5.5
194,  86, 28.99463664, 94.59376868,   5.4
195,  86, 28.98227362, 94.58977456,   5.3
196,  86, 28.96974025, 94.58573111,   5.2
197,  86, 28.95703391, 94.58163754,   5.1
198,  86, 28.94415196, 94.57749304,   5.1
199,  86, 28.93109169, 94.57329677,   5.0
200,  86, 28.91785041, 94.56904792,   4.9
201,  86, 28.90442533, 94.56474563,   4.8
202,  86, 28.89081368, 94.56038906,   4.7
203,  86, 28.87701259, 94.55597735,   4.6
204,  86, 28.86301921, 94.55150961,   4.6
205,  86, 28.84883061, 94.54698497,   4.5
206,  86, 28.83444383, 94.54240254,   4.4
207,  86, 28.81985587, 94.53776142,   4.3
208,  86, 28.80506370, 94.53306068,   4.2
209,  86, 28.79006422, 94.52829940,   4.1
210,  86, 28.77485432, 94.52347665,   4.0
211,  86, 28.75943081, 94.51859148,   3.9
212,  86, 28.74379048, 94.51364293,   3.8
213,  86, 28.72793007, 94.50863002,   3.7
214,  86, 28.71184628, 94.50355179,   3.6
215,  86, 28.69553575, 94.49840722,   3.5
216,  86, 28.67899507, 94.49319532,   3.4
217,  86, 28.66222080, 94.48791507,   3.3
218,  86, 28.64520944, 94.48256544,   3.2
219,  86, 28.62795744, 94.47714538,   3.1
220,  86, 28.61046121, 94.47165383,   3.0
221,  86, 28.59271709, 94.46608973,   2.9
222,  86, 28.57472139, 94.46045200,   2.8
223,  86, 28.55647035, 94.45473954,   2.7
224,  86, 28.53796016, 94.44895124,   2.6
225,  86, 28.51918697, 94.44308598,   2.5
226,  86, 28.50014686, 94.43714263,   2.4
227,  86, 28.48083585, 94.43112003,   2.2
228,  86, 28.46124992, 94.42501702,   2.2
229,  86, 28.44138499, 94.41883243,   2.1
230,  86, 28.42123691, 94.41256505,   2.1
231,  86, 28.40080148, 94.40621369,   2.0
232,  86, 28.38007443, 94.39977712,   2.0
233,  86, 28.35905145, 94.39325411,   2.0
234,  86, 28.33772814, 94.38664340,   2.0
235,  86, 28.31610006, 94.37994372,   1.9
236,  86, 28.29416270, 94.37315380,   2.0
237,  86, 28.27191148, 94.36627233,   2.0
238,  86, 28.24934176, 94.35929801,   2.0
239,  86, 28.22644884, 94.35222950,   2.0
240,  86, 28.20322793, 94.34506545,   2.0
241,  86, 28.17967419, 94.33780450,   2.0
  1,  87, 30.12067015, 95.11787346,  99.9
  2,  87, 30.11461349, 95.11329123,  99.9
  3,  87, 30.10862206, 95.10876799,  99.9
  4,  87, 30.10269464, 95.10430278,  99.9
  5,  87, 30.09682999, 95.09989465,  99.9
  6,  87, 30.09102690, 95.09554267,  99.9
  7,  87, 30.08528416, 95.09124592,  99.9
  8,  87, 30.07960059, 95.08700347,  99.9
  9,  87, 30.07397501, 95.08281444,  99.9
 10,  87, 30.06840626, 95.07867793,  99.9
 11,  87, 30.06289317, 95.07459307,  99.9
 12,  87, 30.05743462, 95.07055899,  99.9
 13,  87, 30.05202946, 95.06657484,  99.9
 14,  87, 30.04667658, 95.06263978,  99.9
 15,  87, 30.04137487, 95.05875296,  99.9
 16,  87, 30.03612323, 95.05491358,  99.9
 17,  87, 30.03092056, 95.05112082,  99.9
 18,  87, 30.02576580, 95.04737387,  99.9
 19,  87, 30.02065788, 95.04367194,  99.9
 20,  87, 30.01559573, 95.04001426,  99.9
 21,  87, 30.01057830, 95.03640004,  99.9
 22,  87, 30.00560456, 95.03282853,  99.9
 23,  87, 30.00067347, 95.02929897,  99.9
 24,  87, 29.99578401, 95.02581061,  99.9
 25,  87, 29.99093517, 95.02236273,  99.9
 26,  87, 29.98612594, 95.01895458,  99.9
 27,  87, 29.98135532, 95.01558546,  99.9
 28,  87, 29.97662233, 95.01225465,  99.9
 29,  87, 29.97192597, 95.00896145,  99.9
 30,  87, 29.96726529, 95.00570517,  99.9
 31,  87, 29.96263930, 95.00248512,  99.9
 32,  87, 29.95804705, 94.99930062,  99.9
 33,  87, 29.95348759, 94.99615100,  99.9
 34,  87, 29.94895998, 94.99303560,  99.9
 35,  87, 29.94446326, 94.98995376,  99.9
 36,  87, 29.93999651, 94.98690483,  99.9
 37,  87, 29.93555880, 94.98388817,  99.9
 38,  87, 29.93114921, 94.98090315,  99.9
 39,  87, 29.92676682, 94.97794915,  99.9
 40,  87, 29.92241073, 94.97502552,  99.9
 41,  87, 29.91808003, 94.97213168,  99.9
 42,  87, 29.91377382, 94.96926699,  99.9
 43,  87, 29.90949120, 94.96643087,  99.9
 44,  87, 29.90523129, 94.96362272,  99.9
 45,  87, 29.90099321, 94.96084195,  99.9
 46,  87, 29.89677606, 94.95808797,  99.9
 47,  87, 29.89257899, 94.95536021,  99.9
 48,  87, 29.88840110, 94.95265809,  99.9
 49,  87, 29.88424155, 94.94998104,  99.9
 50,  87, 29.88009945, 94.94732851,  99.9
 51,  87, 29.87597396, 94.94469994,  99.9
 52,  87, 29.87186421, 94.94209478,  99.9
 53,  87, 29.86776936, 94.93951247,  99.9
 54,  87, 29.86368854, 94.93695249,  99.9
 55,  87, 29.85962092, 94.93441429,  99.9
 56,  87, 29.85556565, 94.93189734,  99.9
 57,  87, 29.85152188, 94.92940111,  99.9
 58,  87, 29.84748877, 94.92692509,  99.9
 59,  87, 29.84346549, 94.92446875,  99.9
 60,  87, 29.83945120, 94.92203158,  99.9
 61,  87, 29.83544507, 94.91961306,  99.9
 62,  87, 29.83144626, 94.91721270,  99.9
 63,  87, 29.82745394, 94.91482999,  99.9
 64,  87, 29.82346728, 94.91246443,  99.9
 65,  87, 29.81948546, 94.91011553,  99.9
 66,  87, 29.81550764, 94.90778280,  99.9
 67,  87, 29.81153300, 94.90546574,  99.9
 68,  87, 29.80756072, 94.90316388,  99.9
 69,  87, 29.80358996, 94.90087673,  99.9
 70,  87, 29.79961990, 94.89860382,  99.9
 71,  87, 29.79564971, 94.89634467,  99.9
 72,  87, 29.79167858, 94.89409881,  99.9
 73,  87, 29.78770567, 94.89186577,  99.9
 74,  87, 29.78373016, 94.88964508,  99.9
 75,  87, 29.77975122, 94.88743628,  99.9
 76,  87, 29.77576803, 94.88523892,  99.9
 77,  87, 29.77177975, 94.88305253,  99.9
 78,  87, 29.76778555, 94.88087665,  99.9
 79,  87, 29.76378462, 94.87871083,  99.9
 80,  87, 29.75977610, 94.87655463,  99.9
 81,  87, 29.75575918, 94.87440759,  99.9
 82,  87, 29.75173301, 94.87226926,  99.9
 83,  87, 29.74769675, 94.87013920,  99.9
 84,  87, 29.74364958, 94.86801697,  99.9
 85,  87, 29.73959063, 94.86590212,  99.9
 86,  87, 29.73551908, 94.86379421,  99.9
 87,  87, 29.73143408, 94.86169281,  99.9
 88,  87, 29.72733476, 94.85959748,  99.9
 89,  87, 29.72322029, 94.85750777,  99.9
 90,  87, 29.71908980, 94.85542327,  99.9
 91,  87, 29.71494244, 94.85334353,   6.1
 92,  87, 29.71077734, 94.85126811,   6.1
 93,  87, 29.70659364, 94.84919660,   6.1
 94,  87, 29.70239047, 94.84712856,   6.0
 95,  87, 29.69816694, 94.84506356,   6.0
 96,  87, 29.69392219, 94.84300117,   6.0
 97,  87, 29.68965533, 94.84094096,   6.0
 98,  87, 29.68536546, 94.83888251,   6.0
 99,  87, 29.68105171, 94.83682538,   6.0
100,  87, 29.67671317, 94.83476916,   6.0
101,  87, 29.67234893, 94.83271341,   6.0
102,  87, 29.66795810, 94.83065771,   6.0
103,  87, 29.66353975, 94.82860164,   6.0
104,  87, 29.65909297, 94.82654476,   6.0
105,  87, 29.65461682, 94.82448665,   6.0
106,  87, 29.65011039, 94.82242688,   6.0
107,  87, 29.64557273, 94.82036503,   6.0
108,  87, 29.64100289, 94.81830067,   6.0
109,  87, 29.63639994, 94.81623338,   6.0
110,  87, 29.63176289, 94.81416272,   6.0
111,  87, 29.62709080, 94.81208827,   6.0
112,  87, 29.62238269, 94.81000959,   6.0
113,  87, 29.61763758, 94.80792626,   6.0
114,  87, 29.61285448, 94.80583786,   6.0
115,  87, 29.60803240, 94.80374393,   6.0
116,  87, 29.60317033, 94.80164407,   6.0
117,  87, 29.59826726, 94.79953782,   6.0
118,  87, 29.59332217, 94.79742476,   6.0
119,  87, 29.58833403, 94.79530444,   6.0
120,  87, 29.58330180, 94.79317644,   6.0
121,  87, 29.57822444, 94.79104031,   6.0
122,  87, 29.57310088, 94.78889562,   6.0
123,  87, 29.56793006, 94.78674191,   6.0
124,  87, 29.56271090, 94.78457875,   6.0
125,  87, 29.55744232, 94.78240569,   6.0
126,  87, 29.55212322, 94.78022229,   6.0
127,  87, 29.54675249, 94.77802809,   6.0
128,  87, 29.54132902, 94.77582264,   6.0
129,  87, 29.53585167, 94.77360549,   6.0
130,  87, 29.53031930, 94.77137619,   6.1
131,  87, 29.52473077, 94.76913427,   6.2
132,  87, 29.51908490, 94.76687927,   6.3
133,  87, 29.51338053, 94.76461074,   6.4
134,  87, 29.50761646, 94.76232819,   6.4
135,  87, 29.50179149, 94.76003118,   6.4
136,  87, 29.49590441, 94.75771922,   6.4
137,  87, 29.48995400, 94.75539184,   6.4
138,  87, 29.48393902, 94.75304856,   6.4
139,  87, 29.47785820, 94.75068891,   6.5
140,  87, 29.47171030, 94.74831240,   6.5
141,  87, 29.46549402, 94.74591854,   6.5
142,  87, 29.45920807, 94.74350684,   6.5
143,  87, 29.45285114, 94.74107681,   6.5
144,  87, 29.44642191, 94.73862795,   6.5
145,  87, 29.43991904, 94.73615977,   6.5
146,  87, 29.43334117, 94.73367175,   6.5
147,  87, 29.42668693, 94.73116338,   6.6
148,  87, 29.41995495, 94.72863417,   6.6
149,  87, 29.41314381, 94.72608358,   6.8
150,  87, 29.40625209, 94.72351110,   7.6
151,  87, 29.39927837, 94.72091621,   8.5
152,  87, 29.39222119, 94.71829837,   8.7
153,  87, 29.38507907, 94.71565705,   8.7
154,  87, 29.37785053, 94.71299172,   8.7
155,  87, 29.37053407, 94.71030182,   8.6
156,  87, 29.36312816, 94.70758682,   8.4
157,  87, 29.35563125, 94.70484616,   8.3
158,  87, 29.34804179, 94.70207928,   8.2
159,  87, 29.34035819, 94.69928562,   8.1
160,  87, 29.33257886, 94.69646461,   8.0
161,  87, 29.32470217, 94.69361569,   8.0
162,  87, 29.31672648, 94.69073827,   7.9
163,  87, 29.30865013, 94.68783176,   7.7
164,  87, 29.30047143, 94.68489558,   7.6
165,  87, 29.29218869, 94.68192914,   7.6
166,  87, 29.28380017, 94.67893183,   7.5
167,  87, 29.27530413, 94.67590305,   7.4
168,  87, 29.26669880, 94.67284217,   7.4
169,  87, 29.25798239, 94.66974860,   7.3
170,  87, 29.24915307, 94.66662169,   7.2
171,  87, 29.24020901, 94.66346081,   7.1
172,  87, 29.23114834, 94.66026534,   7.1
173,  87, 29.22196918, 94.65703462,   7.0
174,  87, 29.21266961, 94.65376800,   6.9
175,  87, 29.20324770, 94.65046482,   6.9
176,  87, 29.19370148, 94.64712442,   6.8
177,  87, 29.18402896, 94.64374612,   6.7
178,  87, 29.17422812, 94.64032926,   6.6
179,  87, 29.16429693, 94.63687312,   6.6
180,  87, 29.15423331, 94.63337703,   6.5
181,  87, 29.14403516, 94.62984029,   6.4
182,  87, 29.13370037, 94.62626217,   6.3
183,  87, 29.12322677, 94.62264196,   6.2
184,  87, 29.11261218, 94.61897894,   6.2
185,  87, 29.10185439, 94.61527238,   6.1
186,  87, 29.09095116, 94.61152152,   6.0
187,  87, 29.07990021, 94.60772563,   5.9
188,  87, 29.06869924, 94.60388393,   5.8
189,  87, 29.05734591, 94.59999567,   5.8
190,  87, 29.04583786, 94.59606006,   5.7
191,  87, 29.03417270, 94.59207633,   5.6
192,  87, 29.02234797, 94.58804367,   5.5
193,  87, 29.01036123, 94.58396128,   5.4
194,  87, 28.99820997, 94.57982835,   5.3
195,  87, 28.98589166, 94.57564405,   5.3
196,  87, 28.97340373, 94.57140757,   5.2
197,  87, 28.96074358, 94.56711804,   5.1
198,  87, 28.94790856, 94.56277462,   5.0
199,  87, 28.93489601, 94.55837645,   4.9
200,  87, 28.92170320, 94.55392266,   4.8
201,  87, 28.90832738, 94.54941236,   4.8
202,  87, 28.89476577, 94.54484466,   4.7
203,  87, 28.88101555, 94.54021866,   4.6
204,  87, 28.86707383, 94.53553344,   4.5
205,  87, 28.85293771, 94.53078808,   4.5
206,  87, 28.83860425, 94.52598163,   4.4
207,  87, 28.82407046, 94.52111316,   4.3
208,  87, 28.80933330, 94.51618171,   4.2
209,  87, 28.79438971, 94.51118629,   4.1
210,  87, 28.77923655, 94.50612594,   4.0
211,  87, 28.76387069, 94.50099965,   3.9
212,  87, 28.74828890, 94.49580642,   3.8
213,  87, 28.73248794, 94.49054523,   3.7
214,  87, 28.71646452, 94.48521506,   3.6
215,  87, 28.70021528, 94.47981484,   3.5
216,  87, 28.68373685, 94.47434354,   3.4
217,  87, 28.66702578, 94.46880007,   3.3
218,  87, 28.65007859, 94.46318337,   3.2
219,  87, 28.63289175, 94.45749232,   3.1
220,  87, 28.61546166, 94.45172583,   3.0
221,  87, 28.59778469, 94.44588277,   2.9
222,  87, 28.57985716, 94.43996201,   2.8
223,  87, 28.56167533, 94.43396238,   2.7
224,  87, 28.54323539, 94.42788274,   2.5
225,  87, 28.52453351, 94.42172190,   2.4
226,  87, 28.50556578, 94.41547866,   2.3
227,  87, 28.48632824, 94.40915183,   2.2
228,  87, 28.46681689, 94.40274017,   2.1
229,  87, 28.44702765, 94.39624245,   2.1
230,  87, 28.42695638, 94.38965742,   2.0
231,  87, 28.40659892, 94.38298381,   2.0
232,  87, 28.38595099, 94.37622033,   2.0
233,  87, 28.36500831, 94.36936569,   2.0
234,  87, 28.34376649, 94.36241856,   2.0
235,  87, 28.32222111, 94.35537762,   2.0
236,  87, 28.30036767, 94.34824152,   2.0
237,  87, 28.27820161, 94.34100890,   2.0
238,  87, 28.25571831, 94.33367837,   2.0
239,  87, 28.23291307, 94.32624853,   2.0
240,  87, 28.20978113, 94.31871797,   2.0
241,  87, 28.18631767, 94.31108526,   2.0
  1,  88, 30.12464620, 95.11083922,  99.9
  2,  88, 30.11853871, 95.10633366,  99.9
  3,  88, 30.11249728, 95.10188564,  99.9
  4,  88, 30.10652067, 95.09749421,  99.9
  5,  88, 30.10060763, 95.09315844,  99.9
  6,  88, 30.09475695, 95.08887741,  99.9
  7,  88, 30.08896741, 95.08465021,  99.9
  8,  88, 30.08323780, 95.08047594,  99.9
  9,  88, 30.07756695, 95.07635372,  99.9
 10,  88, 30.07195368, 95.07228267,  99.9
 11,  88, 30.06639682, 95.06826194,  99.9
 12,  88, 30.06089523, 95.06429066,  99.9
 13,  88, 30.05544776, 95.06036801,  99.9
 14,  88, 30.05005329, 95.05649314,  99.9
 15,  88, 30.04471069, 95.05266524,  99.9
 16,  88, 30.03941886, 95.04888350,  99.9
 17,  88, 30.03417670, 95.04514712,  99.9
 18,  88, 30.02898313, 95.04145531,  99.9
 19,  88, 30.02383707, 95.03780728,  99.9
 20,  88, 30.01873744, 95.03420227,  99.9
 21,  88, 30.01368320, 95.03063952,  99.9
 22,  88, 30.00867330, 95.02711826,  99.9
 23,  88, 30.00370669, 95.02363777,  99.9
 24,  88, 29.99878235, 95.02019730,  99.9
 25,  88, 29.99389925, 95.01679613,  99.9
 26,  88, 29.98905638, 95.01343354,  99.9
 27,  88, 29.98425274, 95.01010882,  99.9
 28,  88, 29.97948733, 95.00682127,  99.9
 29,  88, 29.97475916, 95.00357020,  99.9
 30,  88, 29.97006725, 95.00035491,  99.9
 31,  88, 29.96541063, 94.99717475,  99.9
 32,  88, 29.96078833, 94.99402902,  99.9
 33,  88, 29.95619939, 94.99091708,  99.9
 34,  88, 29.95164285, 94.98783826,  99.9
 35,  88, 29.94711778, 94.98479192,  99.9
 36,  88, 29.94262323, 94.98177742,  99.9
 37,  88, 29.93815827, 94.97879412,  99.9
 38,  88, 29.93372198, 94.97584140,  99.9
 39,  88, 29.92931342, 94.97291863,  99.9
 40,  88, 29.92493169, 94.97002520,  99.9
 41,  88, 29.92057588, 94.96716050,  99.9
 42,  88, 29.91624508, 94.96432393,  99.9
 43,  88, 29.91193840, 94.96151489,  99.9
 44,  88, 29.90765493, 94.95873280,  99.9
 45,  88, 29.90339379, 94.95597707,  99.9
 46,  88, 29.89915409, 94.95324711,  99.9
 47,  88, 29.89493496, 94.95054237,  99.9
 48,  88, 29.89073552, 94.94786226,  99.9
 49,  88, 29.88655488, 94.94520623,  99.9
 50,  88, 29.88239220, 94.94257372,  99.9
 51,  88, 29.87824659, 94.93996418,  99.9
 52,  88, 29.87411721, 94.93737705,  99.9
 53,  88, 29.87000318, 94.93481181,  99.9
 54,  88, 29.86590366, 94.93226791,  99.9
 55,  88, 29.86181780, 94.92974482,  99.9
 56,  88, 29.85774474, 94.92724200,  99.9
 57,  88, 29.85368365, 94.92475894,  99.9
 58,  88, 29.84963366, 94.92229512,  99.9
 59,  88, 29.84559396, 94.91985001,  99.9
 60,  88, 29.84156368, 94.91742311,  99.9
 61,  88, 29.83754200, 94.91501391,  99.9
 62,  88, 29.83352809, 94.91262191,  99.9
 63,  88, 29.82952109, 94.91024660,  99.9
 64,  88, 29.82552019, 94.90788749,  99.9
 65,  88, 29.82152456, 94.90554409,  99.9
 66,  88, 29.81753335, 94.90321590,  99.9
 67,  88, 29.81354575, 94.90090244,  99.9
 68,  88, 29.80956091, 94.89860323,  99.9
 69,  88, 29.80557802, 94.89631778,  99.9
 70,  88, 29.80159625, 94.89404562,  99.9
 71,  88, 29.79761476, 94.89178627,  99.9
 72,  88, 29.79363273, 94.88953926,  99.9
 73,  88, 29.78964933, 94.88730413,  99.9
 74,  88, 29.78566374, 94.88508040,  99.9
 75,  88, 29.78167512, 94.88286761,  99.9
 76,  88, 29.77768264, 94.88066531,  99.9
 77,  88, 29.77368548, 94.87847302,  99.9
 78,  88, 29.76968280, 94.87629030,  99.9
 79,  88, 29.76567377, 94.87411669,  99.9
 80,  88, 29.76165756, 94.87195174,  99.9
 81,  88, 29.75763333, 94.86979499,  99.9
 82,  88, 29.75360025, 94.86764600,  99.9
 83,  88, 29.74955747, 94.86550432,  99.9
 84,  88, 29.74550415, 94.86336950,  99.9
 85,  88, 29.74143945, 94.86124109,  99.9
 86,  88, 29.73736253, 94.85911867,  99.9
 87,  88, 29.73327254, 94.85700177,  99.9
 88,  88, 29.72916862, 94.85488997,  99.9
 89,  88, 29.72504993, 94.85278283,  99.9
 90,  88, 29.72091560, 94.85067990,  99.9
 91,  88, 29.71676477, 94.84858075,   6.0
 92,  88, 29.71259659, 94.84648494,   6.0
 93,  88, 29.70841018, 94.84439204,   6.0
 94,  88, 29.70420468, 94.84230161,   6.0
 95,  88, 29.69997920, 94.84021322,   6.0
 96,  88, 29.69573288, 94.83812644,   6.0
 97,  88, 29.69146481, 94.83604082,   6.0
 98,  88, 29.68717413, 94.83395595,   6.0
 99,  88, 29.68285993, 94.83187138,   6.0
100,  88, 29.67852131, 94.82978669,   6.0
101,  88, 29.67415738, 94.82770144,   6.0
102,  88, 29.66976722, 94.82561520,   6.0
103,  88, 29.66534993, 94.82352753,   6.0
104,  88, 29.66090458, 94.82143801,   6.0
105,  88, 29.65643024, 94.81934620,   6.0
106,  88, 29.65192599, 94.81725167,   6.0
107,  88, 29.64739088, 94.81515398,   6.0
108,  88, 29.64282399, 94.81305271,   6.0
109,  88, 29.63822434, 94.81094741,   6.0
110,  88, 29.63359099, 94.80883765,   6.0
111,  88, 29.62892297, 94.80672300,   6.0
112,  88, 29.62421931, 94.80460301,   6.0
113,  88, 29.61947903, 94.80247725,   6.0
114,  88, 29.61470115, 94.80034529,   6.0
115,  88, 29.60988466, 94.79820667,   6.0
116,  88, 29.60502857, 94.79606095,   6.0
117,  88, 29.60013186, 94.79390771,   6.0
118,  88, 29.59519352, 94.79174648,   6.0
119,  88, 29.59021252, 94.78957683,   6.0
120,  88, 29.58518782, 94.78739830,   6.0
121,  88, 29.58011837, 94.78521045,   6.0
122,  88, 29.57500312, 94.78301283,   6.0
123,  88, 29.56984100, 94.78080499,   6.0
124,  88, 29.56463095, 94.77858646,   6.0
125,  88, 29.55937186, 94.77635679,   6.0
126,  88, 29.55406266, 94.77411553,   6.0
127,  88, 29.54870223, 94.77186221,   5.9
128,  88, 29.54328945, 94.76959636,   5.9
129,  88, 29.53782320, 94.76731753,   5.9
130,  88, 29.53230235, 94.76502525,   5.9
131,  88, 29.52672574, 94.76271903,  99.9
132,  88, 29.52109221, 94.76039842,   6.4
133,  88, 29.51540058, 94.75806292,   6.4
134,  88, 29.50964968, 94.75571207,   6.4
135,  88, 29.50383830, 94.75334538,   6.4
136,  88, 29.49796523, 94.75096237,   6.4
137,  88, 29.49202925, 94.74856254,   6.4
138,  88, 29.48602913, 94.74614540,   6.4
139,  88, 29.47996361, 94.74371046,   6.4
140,  88, 29.47383144, 94.74125723,   6.5
141,  88, 29.46763132, 94.73878519,   6.5
142,  88, 29.46136198, 94.73629384,   6.5
143,  88, 29.45502211, 94.73378267,   6.5
144,  88, 29.44861038, 94.73125118,   6.5
145,  88, 29.44212546, 94.72869883,   6.5
146,  88, 29.43556599, 94.72612511,   6.5
147,  88, 29.42893063, 94.72352949,   6.5
148,  88, 29.42221797, 94.72091145,   6.6
149,  88, 29.41542662, 94.71827044,   7.0
150,  88, 29.40855517, 94.71560594,   8.0
151,  88, 29.40160219, 94.71291739,   8.6
152,  88, 29.39456622, 94.71020425,   8.7
153,  88, 29.38744580, 94.70746596,   8.7
154,  88, 29.38023945, 94.70470197,   8.7
155,  88, 29.37294567, 94.70191172,   8.6
156,  88, 29.36556293, 94.69909463,   8.4
157,  88, 29.35808970, 94.69625014,   8.3
158,  88, 29.35052442, 94.69337766,   8.2
159,  88, 29.34286551, 94.69047662,   8.1
160,  88, 29.33511138, 94.68754641,   8.0
161,  88, 29.32726042, 94.68458645,   8.0
162,  88, 29.31931098, 94.68159614,   7.8
163,  88, 29.31126141, 94.67857487,   7.7
164,  88, 29.30311004, 94.67552203,   7.6
165,  88, 29.29485516, 94.67243700,   7.5
166,  88, 29.28649505, 94.66931915,   7.5
167,  88, 29.27802797, 94.66616785,   7.4
168,  88, 29.26945216, 94.66298247,   7.3
169,  88, 29.26076583, 94.65976236,   7.2
170,  88, 29.25196717, 94.65650686,   7.2
171,  88, 29.24305434, 94.65321534,   7.1
172,  88, 29.23402549, 94.64988710,   7.0
173,  88, 29.22487873, 94.64652150,   6.9
174,  88, 29.21561217, 94.64311784,   6.9
175,  88, 29.20622386, 94.63967545,   6.8
176,  88, 29.19671185, 94.63619362,   6.7
177,  88, 29.18707416, 94.63267166,   6.7
178,  88, 29.17730877, 94.62910885,   6.6
179,  88, 29.16741366, 94.62550449,   6.5
180,  88, 29.15738676, 94.62185784,   6.4
181,  88, 29.14722598, 94.61816818,   6.4
182,  88, 29.13692920, 94.61443477,   6.3
183,  88, 29.12649428, 94.61065684,   6.2
184,  88, 29.11591903, 94.60683366,   6.1
185,  88, 29.10520126, 94.60296444,   6.0
186,  88, 29.09433873, 94.59904842,   6.0
187,  88, 29.08332918, 94.59508482,   5.9
188,  88, 29.07217030, 94.59107283,   5.8
189,  88, 29.06085977, 94.58701167,   5.7
190,  88, 29.04939524, 94.58290050,   5.6
191,  88, 29.03777432, 94.57873853,   5.6
192,  88, 29.02599457, 94.57452491,   5.5
193,  88, 29.01405355, 94.57025881,   5.4
194,  88, 29.00194876, 94.56593938,   5.3
195,  88, 28.98967768, 94.56156575,   5.2
196,  88, 28.97723775, 94.55713706,   5.1
197,  88, 28.96462638, 94.55265242,   5.1
198,  88, 28.95184093, 94.54811096,   5.0
199,  88, 28.93887874, 94.54351175,   4.9
200,  88, 28.92573711, 94.53885390,   4.8
201,  88, 28.91241330, 94.53413648,   4.7
202,  88, 28.89890452, 94.52935856,   4.7
203,  88, 28.88520795, 94.52451919,   4.6
204,  88, 28.87132075, 94.51961741,   4.5
205,  88, 28.85724002, 94.51465225,   4.4
206,  88, 28.84296281, 94.50962275,   4.3
207,  88, 28.82848615, 94.50452789,   4.3
208,  88, 28.81380702, 94.49936669,   4.2
209,  88, 28.79892235, 94.49413812,   4.1
210,  88, 28.78382905, 94.48884116,   4.0
211,  88, 28.76852396, 94.48347476,   3.9
212,  88, 28.75300389, 94.47803788,   3.8
213,  88, 28.73726561, 94.47252943,   3.7
214,  88, 28.72130582, 94.46694836,   3.6
215,  88, 28.70512120, 94.46129355,   3.5
216,  88, 28.68870837, 94.45556391,   3.4
217,  88, 28.67206391, 94.44975832,   3.3
218,  88, 28.65518435, 94.44387564,   3.2
219,  88, 28.63806615, 94.43791472,   3.1
220,  88, 28.62070576, 94.43187440,   3.0
221,  88, 28.60309955, 94.42575352,   2.9
222,  88, 28.58524383, 94.41955087,   2.7
223,  88, 28.56713490, 94.41326525,   2.6
224,  88, 28.54876896, 94.40689544,   2.5
225,  88, 28.53014220, 94.40044020,   2.4
226,  88, 28.51125070, 94.39389830,   2.3
227,  88, 28.49209055, 94.38726845,   2.2
228,  88, 28.47265773, 94.38054938,   2.1
229,  88, 28.45294819, 94.37373979,   2.1
230,  88, 28.43295783, 94.36683837,   2.0
231,  88, 28.41268245, 94.35984379,   2.0
232,  88, 28.39211784, 94.35275470,   2.0
233,  88, 28.37125971, 94.34556974,   2.0
234,  88, 28.35010369, 94.33828754,   2.0
235,  88, 28.32864537, 94.33090668,   2.0
236,  88, 28.30688027, 94.32342577,   2.0
237,  88, 28.28480386, 94.31584337,   2.0
238,  88, 28.26241151, 94.30815803,   2.0
239,  88, 28.23969857, 94.30036828,   2.0
240,  88, 28.21666028, 94.29247265,   2.0
241,  88, 28.19329183, 94.28446962,   2.0
  1,  89, 30.12855438, 95.10374649,  99.9
  2,  89, 30.12239734, 95.09931856,  99.9
  3,  89, 30.11630717, 95.09494671,  99.9
  4,  89, 30.11028262, 95.09062999,  99.9
  5,  89, 30.10432243, 95.08636749,  99.9
  6,  89, 30.09842538, 95.08215832,  99.9
  7,  89, 30.09259024, 95.07800157,  99.9
  8,  89, 30.08681580, 95.07389636,  99.9
  9,  89, 30.08110086, 95.06984182,  99.9
 10,  89, 30.07544425, 95.06583710,  99.9
 11,  89, 30.06984478, 95.06188135,  99.9
 12,  89, 30.06430130, 95.05797372,  99.9
 13,  89, 30.05881266, 95.05411339,  99.9
 14,  89, 30.05337771, 95.05029954,  99.9
 15,  89, 30.04799535, 95.04653136,  99.9
 16,  89, 30.04266444, 95.04280806,  99.9
 17,  89, 30.03738388, 95.03912886,  99.9
 18,  89, 30.03215258, 95.03549296,  99.9
 19,  89, 30.02696945, 95.03189960,  99.9
 20,  89, 30.02183342, 95.02834803,  99.9
 21,  89, 30.01674342, 95.02483749,  99.9
 22,  89, 30.01169840, 95.02136724,  99.9
 23,  89, 30.00669731, 95.01793655,  99.9
 24,  89, 30.00173911, 95.01454469,  99.9
 25,  89, 29.99682277, 95.01119096,  99.9
 26,  89, 29.99194728, 95.00787463,  99.9
 27,  89, 29.98711162, 95.00459501,  99.9
 28,  89, 29.98231479, 95.00135141,  99.9
 29,  89, 29.97755579, 94.99814315,  99.9
 30,  89, 29.97283364, 94.99496954,  99.9
 31,  89, 29.96814735, 94.99182993,  99.9
 32,  89, 29.96349595, 94.98872365,  99.9
 33,  89, 29.95887849, 94.98565004,  99.9
 34,  89, 29.95429399, 94.98260845,  99.9
 35,  89, 29.94974150, 94.97959826,  99.9
 36,  89, 29.94522009, 94.97661882,  99.9
 37,  89, 29.94072881, 94.97366950,  99.9
 38,  89, 29.93626674, 94.97074969,  99.9
 39,  89, 29.93183293, 94.96785878,  99.9
 40,  89, 29.92742648, 94.96499615,  99.9
 41,  89, 29.92304647, 94.96216120,  99.9
 42,  89, 29.91869199, 94.95935334,  99.9
 43,  89, 29.91436213, 94.95657197,  99.9
 44,  89, 29.91005599, 94.95381652,  99.9
 45,  89, 29.90577269, 94.95108640,  99.9
 46,  89, 29.90151132, 94.94838105,  99.9
 47,  89, 29.89727102, 94.94569989,  99.9
 48,  89, 29.89305088, 94.94304235,  99.9
 49,  89, 29.88885005, 94.94040790,  99.9
 50,  89, 29.88466763, 94.93779596,  99.9
 51,  89, 29.88050278, 94.93520599,  99.9
 52,  89, 29.87635461, 94.93263746,  99.9
 53,  89, 29.87222228, 94.93008981,  99.9
 54,  89, 29.86810491, 94.92756253,  99.9
 55,  89, 29.86400166, 94.92505507,  99.9
 56,  89, 29.85991167, 94.92256691,  99.9
 57,  89, 29.85583409, 94.92009754,  99.9
 58,  89, 29.85176807, 94.91764643,  99.9
 59,  89, 29.84771278, 94.91521307,  99.9
 60,  89, 29.84366736, 94.91279695,  99.9
 61,  89, 29.83963097, 94.91039757,  99.9
 62,  89, 29.83560278, 94.90801443,  99.9
 63,  89, 29.83158195, 94.90564702,  99.9
 64,  89, 29.82756764, 94.90329485,  99.9
 65,  89, 29.82355902, 94.90095743,  99.9
 66,  89, 29.81955526, 94.89863428,  99.9
 67,  89, 29.81555552, 94.89632490,  99.9
 68,  89, 29.81155896, 94.89402881,  99.9
 69,  89, 29.80756477, 94.89174554,  99.9
 70,  89, 29.80357211, 94.88947460,  99.9
 71,  89, 29.79958014, 94.88721552,  99.9
 72,  89, 29.79558805, 94.88496784,  99.9
 73,  89, 29.79159499, 94.88273108,  99.9
 74,  89, 29.78760014, 94.88050477,  99.9
 75,  89, 29.78360267, 94.87828846,  99.9
 76,  89, 29.77960175, 94.87608167,  99.9
 77,  89, 29.77559653, 94.87388396,  99.9
 78,  89, 29.77158620, 94.87169485,  99.9
 79,  89, 29.76756992, 94.86951390,  99.9
 80,  89, 29.76354684, 94.86734064,  99.9
 81,  89, 29.75951615, 94.86517464,  99.9
 82,  89, 29.75547698, 94.86301543,  99.9
 83,  89, 29.75142851, 94.86086257,  99.9
 84,  89, 29.74736990, 94.85871561,  99.9
 85,  89, 29.74330030, 94.85657409,  99.9
 86,  89, 29.73921885, 94.85443759,  99.9
 87,  89, 29.73512472, 94.85230564,  99.9
 88,  89, 29.73101705, 94.85017782,  99.9
 89,  89, 29.72689499, 94.84805367,  99.9
 90,  89, 29.72275768, 94.84593275,   6.0
 91,  89, 29.71860426, 94.84381463,   6.0
 92,  89, 29.71443386, 94.84169886,   6.0
 93,  89, 29.71024561, 94.83958500,   6.0
 94,  89, 29.70603865, 94.83747262,   6.0
 95,  89, 29.70181210, 94.83536128,   6.0
 96,  89, 29.69756508, 94.83325053,   6.0
 97,  89, 29.69329671, 94.83113995,   6.0
 98,  89, 29.68900609, 94.82902909,   6.0
 99,  89, 29.68469234, 94.82691751,   6.0
100,  89, 29.68035455, 94.82480478,   6.0
101,  89, 29.67599183, 94.82269045,   6.0
102,  89, 29.67160326, 94.82057410,   6.0
103,  89, 29.66718794, 94.81845528,   6.0
104,  89, 29.66274493, 94.81633355,   6.0
105,  89, 29.65827333, 94.81420848,   6.0
106,  89, 29.65377220, 94.81207961,   6.0
107,  89, 29.64924059, 94.80994653,   6.0
108,  89, 29.64467758, 94.80780877,   6.0
109,  89, 29.64008220, 94.80566590,   6.0
110,  89, 29.63545350, 94.80351748,   6.0
111,  89, 29.63079052, 94.80136307,   6.0
112,  89, 29.62609229, 94.79920220,   6.0
113,  89, 29.62135782, 94.79703445,   6.0
114,  89, 29.61658614, 94.79485937,   6.0
115,  89, 29.61177625, 94.79267649,   6.0
116,  89, 29.60692714, 94.79048538,   6.0
117,  89, 29.60203782, 94.78828558,   6.0
118,  89, 29.59710725, 94.78607663,   6.0
119,  89, 29.59213442, 94.78385809,   6.0
120,  89, 29.58711828, 94.78162949,   6.0
121,  89, 29.58205780, 94.77939037,   5.9
122,  89, 29.57695192, 94.77714028,   5.9
123,  89, 29.57179958, 94.77487874,   5.9
124,  89, 29.56659970, 94.77260530,   5.9
125,  89, 29.56135120, 94.77031948,   5.9
126,  89, 29.55605299, 94.76802082,   5.9
127,  89, 29.55070397, 94.76570884,   5.9
128,  89, 29.54530301, 94.76338307,   5.9
129,  89, 29.53984900, 94.76104303,   5.9
130,  89, 29.53434081, 94.75868823,  99.9
131,  89, 29.52877727, 94.75631819,  99.9
132,  89, 29.52315724, 94.75393244,   6.4
133,  89, 29.51747954, 94.75153047,   6.4
134,  89, 29.51174300, 94.74911179,   6.4
135,  89, 29.50594641, 94.74667591,   6.4
136,  89, 29.50008856, 94.74422233,   6.4
137,  89, 29.49416825, 94.74175054,   6.4
138,  89, 29.48818423, 94.73926004,   6.4
139,  89, 29.48213527, 94.73675032,   6.4
140,  89, 29.47602009, 94.73422086,   6.4
141,  89, 29.46983742, 94.73167115,   6.5
142,  89, 29.46358599, 94.72910066,   6.5
143,  89, 29.45726447, 94.72650887,   6.5
144,  89, 29.45087157, 94.72389525,   6.5
145,  89, 29.44440594, 94.72125926,   6.5
146,  89, 29.43786624, 94.71860037,   6.5
147,  89, 29.43125111, 94.71591803,   6.5
148,  89, 29.42455917, 94.71321169,   6.6
149,  89, 29.41778902, 94.71048081,   7.2
150,  89, 29.41093925, 94.70772482,   8.4
151,  89, 29.40400844, 94.70494316,   8.7
152,  89, 29.39699514, 94.70213527,   8.7
153,  89, 29.38989789, 94.69930058,   8.7
154,  89, 29.38271522, 94.69643850,   8.6
155,  89, 29.37544562, 94.69354845,   8.5
156,  89, 29.36808758, 94.69062985,   8.4
157,  89, 29.36063957, 94.68768211,   8.3
158,  89, 29.35310003, 94.68470461,   8.1
159,  89, 29.34546739, 94.68169677,   8.1
160,  89, 29.33774007, 94.67865796,   8.0
161,  89, 29.32991645, 94.67558757,   7.9
162,  89, 29.32199491, 94.67248498,   7.7
163,  89, 29.31397378, 94.66934956,   7.6
164,  89, 29.30585141, 94.66618067,   7.6
165,  89, 29.29762609, 94.66297767,   7.5
166,  89, 29.28929611, 94.65973991,   7.4
167,  89, 29.28085974, 94.65646674,   7.3
168,  89, 29.27231522, 94.65315749,   7.3
169,  89, 29.26366076, 94.64981149,   7.2
170,  89, 29.25489457, 94.64642808,   7.1
171,  89, 29.24601481, 94.64300656,   7.0
172,  89, 29.23701963, 94.63954624,   7.0
173,  89, 29.22790717, 94.63604643,   6.9
174,  89, 29.21867551, 94.63250643,   6.8
175,  89, 29.20932274, 94.62892550,   6.8
176,  89, 29.19984690, 94.62530295,   6.7
177,  89, 29.19024602, 94.62163803,   6.6
178,  89, 29.18051810, 94.61793000,   6.6
179,  89, 29.17066111, 94.61417814,   6.5
180,  89, 29.16067299, 94.61038167,   6.4
181,  89, 29.15055166, 94.60653983,   6.3
182,  89, 29.14029502, 94.60265187,   6.2
183,  89, 29.12990091, 94.59871698,   6.2
184,  89, 29.11936719, 94.59473440,   6.1
185,  89, 29.10869164, 94.59070331,   6.0
186,  89, 29.09787204, 94.58662291,   5.9
187,  89, 29.08690614, 94.58249239,   5.8
188,  89, 29.07579164, 94.57831091,   5.8
189,  89, 29.06452624, 94.57407765,   5.7
190,  89, 29.05310758, 94.56979176,   5.6
191,  89, 29.04153328, 94.56545238,   5.5
192,  89, 29.02980093, 94.56105864,   5.4
193,  89, 29.01790807, 94.55660968,   5.3
194,  89, 29.00585224, 94.55210459,   5.3
195,  89, 28.99363090, 94.54754250,   5.2
196,  89, 28.98124153, 94.54292249,   5.1
197,  89, 28.96868152, 94.53824364,   5.0
198,  89, 28.95594826, 94.53350502,   5.0
199,  89, 28.94303910, 94.52870570,   4.9
200,  89, 28.92995134, 94.52384471,   4.8
201,  89, 28.91668225, 94.51892111,   4.7
202,  89, 28.90322906, 94.51393391,   4.6
203,  89, 28.88958896, 94.50888212,   4.6
204,  89, 28.87575912, 94.50376475,   4.5
205,  89, 28.86173664, 94.49858078,   4.4
206,  89, 28.84751860, 94.49332920,   4.3
207,  89, 28.83310204, 94.48800897,   4.2
208,  89, 28.81848393, 94.48261904,   4.1
209,  89, 28.80366124, 94.47715834,   4.1
210,  89, 28.78863087, 94.47162581,   4.0
211,  89, 28.77338969, 94.46602036,   3.9
212,  89, 28.75793451, 94.46034088,   3.8
213,  89, 28.74226211, 94.45458626,   3.7
214,  89, 28.72636921, 94.44875538,   3.6
215,  89, 28.71025251, 94.44284709,   3.5
216,  89, 28.69390864, 94.43686023,   3.4
217,  89, 28.67733418, 94.43079364,   3.3
218,  89, 28.66052567, 94.42464613,   3.2
219,  89, 28.64347962, 94.41841651,   3.1
220,  89, 28.62619246, 94.41210354,   2.9
221,  89, 28.60866058, 94.40570602,   2.8
222,  89, 28.59088032, 94.39922269,   2.7
223,  89, 28.57284797, 94.39265229,   2.6
224,  89, 28.55455978, 94.38599355,   2.5
225,  89, 28.53601191, 94.37924518,   2.4
226,  89, 28.51720049, 94.37240587,   2.3
227,  89, 28.49812161, 94.36547429,   2.2
228,  89, 28.47877128, 94.35844910,   2.1
229,  89, 28.45914545, 94.35132896,   2.1
230,  89, 28.43924003, 94.34411248,   2.0
231,  89, 28.41905087, 94.33679828,   2.0
232,  89, 28.39857374, 94.32938494,   2.0
233,  89, 28.37780438, 94.32187105,   2.0
234,  89, 28.35673844, 94.31425516,   2.0
235,  89, 28.33537154, 94.30653580,   2.0
236,  89, 28.31369919, 94.29871151,   2.0
237,  89, 28.29171689, 94.29078077,   2.0
238,  89, 28.26942004, 94.28274209,   2.0
239,  89, 28.24680399, 94.27459392,   2.0
240,  89, 28.22386400, 94.26633471,   2.0
241,  89, 28.20059530, 94.25796289,   2.0
  1,  90, 30.13239386, 95.09659675,  99.9
  2,  90, 30.12618856, 95.09224740,  99.9
  3,  90, 30.12005092, 95.08795263,  99.9
  4,  90, 30.11397969, 95.08371154,  99.9
  5,  90, 30.10797360, 95.07952323,  99.9
  6,  90, 30.10203142, 95.07538680,  99.9
  7,  90, 30.09615190, 95.07130138,  99.9
  8,  90, 30.09033382, 95.06726611,  99.9
  9,  90, 30.08457600, 95.06328012,  99.9
 10,  90, 30.07887722, 95.05934257,  99.9
 11,  90, 30.07323631, 95.05545263,  99.9
 12,  90, 30.06765210, 95.05160947,  99.9
 13,  90, 30.06212343, 95.04781229,  99.9
 14,  90, 30.05664916, 95.04406026,  99.9
 15,  90, 30.05122814, 95.04035261,  99.9
 16,  90, 30.04585927, 95.03668854,  99.9
 17,  90, 30.04054141, 95.03306728,  99.9
 18,  90, 30.03527348, 95.02948807,  99.9
 19,  90, 30.03005437, 95.02595014,  99.9
 20,  90, 30.02488300, 95.02245276,  99.9
 21,  90, 30.01975831, 95.01899518,  99.9
 22,  90, 30.01467922, 95.01557666,  99.9
 23,  90, 30.00964469, 95.01219650,  99.9
 24,  90, 30.00465367, 95.00885397,  99.9
 25,  90, 29.99970512, 95.00554837,  99.9
 26,  90, 29.99479802, 95.00227901,  99.9
 27,  90, 29.98993135, 94.99904518,  99.9
 28,  90, 29.98510410, 94.99584622,  99.9
 29,  90, 29.98031526, 94.99268144,  99.9
 30,  90, 29.97556385, 94.98955019,  99.9
 31,  90, 29.97084888, 94.98645179,  99.9
 32,  90, 29.96616936, 94.98338560,  99.9
 33,  90, 29.96152433, 94.98035097,  99.9
 34,  90, 29.95691282, 94.97734726,  99.9
 35,  90, 29.95233388, 94.97437384,  99.9
 36,  90, 29.94778655, 94.97143008,  99.9
 37,  90, 29.94326989, 94.96851537,  99.9
 38,  90, 29.93878296, 94.96562909,  99.9
 39,  90, 29.93432483, 94.96277064,  99.9
 40,  90, 29.92989458, 94.95993941,  99.9
 41,  90, 29.92549128, 94.95713481,  99.9
 42,  90, 29.92111402, 94.95435625,  99.9
 43,  90, 29.91676189, 94.95160314,  99.9
 44,  90, 29.91243398, 94.94887491,  99.9
 45,  90, 29.90812941, 94.94617098,  99.9
 46,  90, 29.90384726, 94.94349079,  99.9
 47,  90, 29.89958666, 94.94083378,  99.9
 48,  90, 29.89534672, 94.93819938,  99.9
 49,  90, 29.89112655, 94.93558704,  99.9
 50,  90, 29.88692529, 94.93299622,  99.9
 51,  90, 29.88274205, 94.93042638,  99.9
 52,  90, 29.87857597, 94.92787697,  99.9
 53,  90, 29.87442618, 94.92534746,  99.9
 54,  90, 29.87029182, 94.92283731,  99.9
 55,  90, 29.86617204, 94.92034601,  99.9
 56,  90, 29.86206596, 94.91787304,  99.9
 57,  90, 29.85797275, 94.91541787,  99.9
 58,  90, 29.85389155, 94.91297998,  99.9
 59,  90, 29.84982151, 94.91055888,  99.9
 60,  90, 29.84576179, 94.90815405,  99.9
 61,  90, 29.84171153, 94.90576500,  99.9
 62,  90, 29.83766991, 94.90339121,  99.9
 63,  90, 29.83363608, 94.90103219,  99.9
 64,  90, 29.82960920, 94.89868746,  99.9
 65,  90, 29.82558843, 94.89635652,  99.9
 66,  90, 29.82157294, 94.89403888,  99.9
 67,  90, 29.81756189, 94.89173406,  99.9
 68,  90, 29.81355445, 94.88944158,  99.9
 69,  90, 29.80954979, 94.88716096,  99.9
 70,  90, 29.80554707, 94.88489172,  99.9
 71,  90, 29.80154546, 94.88263339,  99.9
 72,  90, 29.79754413, 94.88038550,  99.9
 73,  90, 29.79354224, 94.87814758,  99.9
 74,  90, 29.78953897, 94.87591916,  99.9
 75,  90, 29.78553348, 94.87369978,  99.9
 76,  90, 29.78152493, 94.87148897,  99.9
 77,  90, 29.77751251, 94.86928628,  99.9
 78,  90, 29.77349536, 94.86709124,  99.9
 79,  90, 29.76947265, 94.86490340,  99.9
 80,  90, 29.76544355, 94.86272230,  99.9
 81,  90, 29.76140722, 94.86054749,  99.9
 82,  90, 29.75736282, 94.85837852,  99.9
 83,  90, 29.75330951, 94.85621492,  99.9
 84,  90, 29.74924644, 94.85405626,  99.9
 85,  90, 29.74517277, 94.85190209,  99.9
 86,  90, 29.74108766, 94.84975195,  99.9
 87,  90, 29.73699024, 94.84760539,  99.9
 88,  90, 29.73287967, 94.84546198,  99.9
 89,  90, 29.72875510, 94.84332127,  99.9
 90,  90, 29.72461567, 94.84118281,   6.0
 91,  90, 29.72046051, 94.83904615,   6.0
 92,  90, 29.71628875, 94.83691086,   6.0
 93,  90, 29.71209954, 94.83477649,   6.0
 94,  90, 29.70789200, 94.83264260,   6.0
 95,  90, 29.70366526, 94.83050874,   6.0
 96,  90, 29.69941842, 94.82837447,   6.0
 97,  90, 29.69515062, 94.82623935,   6.0
 98,  90, 29.69086096, 94.82410294,   6.0
 99,  90, 29.68654855, 94.82196479,   6.0
100,  90, 29.68221250, 94.81982445,   6.0
101,  90, 29.67785189, 94.81768150,   6.0
102,  90, 29.67346582, 94.81553547,   6.0
103,  90, 29.66905339, 94.81338593,   6.0
104,  90, 29.66461366, 94.81123244,   6.0
105,  90, 29.66014572, 94.80907454,   6.0
106,  90, 29.65564864, 94.80691179,   6.0
107,  90, 29.65112147, 94.80474374,   6.0
108,  90, 29.64656328, 94.80256994,   6.0
109,  90, 29.64197313, 94.80038995,   6.0
110,  90, 29.63735004, 94.79820331,   6.0
111,  90, 29.63269307, 94.79600958,   6.0
112,  90, 29.62800124, 94.79380829,   6.0
113,  90, 29.62327357, 94.79159899,   5.9
114,  90, 29.61850908, 94.78938123,   5.9
115,  90, 29.61370678, 94.78715455,   5.9
116,  90, 29.60886566, 94.78491849,   5.9
117,  90, 29.60398473, 94.78267259,   5.9
118,  90, 29.59906296, 94.78041638,   5.9
119,  90, 29.59409933, 94.77814940,   5.9
120,  90, 29.58909280, 94.77587119,   5.9
121,  90, 29.58404234, 94.77358126,   5.9
122,  90, 29.57894689, 94.77127916,   5.9
123,  90, 29.57380539, 94.76896440,   5.9
124,  90, 29.56861676, 94.76663652,   5.9
125,  90, 29.56337994, 94.76429502,   5.9
126,  90, 29.55809382, 94.76193943,   5.9
127,  90, 29.55275731, 94.75956927,   5.8
128,  90, 29.54736929, 94.75718405,   5.8
129,  90, 29.54192865, 94.75478327,   5.8
130,  90, 29.53643425, 94.75236645,  99.9
131,  90, 29.53088494, 94.74993308,   6.6
132,  90, 29.52527958, 94.74748267,   6.5
133,  90, 29.51961698, 94.74501471,   6.5
134,  90, 29.51389598, 94.74252871,   6.4
135,  90, 29.50811538, 94.74002414,   6.4
136,  90, 29.50227397, 94.73750049,   6.4
137,  90, 29.49637055, 94.73495725,   6.4
138,  90, 29.49040388, 94.73239390,   6.4
139,  90, 29.48437271, 94.72980991,   6.4
140,  90, 29.47827579, 94.72720474,   6.4
141,  90, 29.47211186, 94.72457788,   6.4
142,  90, 29.46587962, 94.72192878,   6.4
143,  90, 29.45957778, 94.71925690,   6.4
144,  90, 29.45320502, 94.71656169,   6.4
145,  90, 29.44676002, 94.71384260,   6.4
146,  90, 29.44024144, 94.71109907,   6.4
147,  90, 29.43364791, 94.70833056,   6.5
148,  90, 29.42697806, 94.70553648,   6.8
149,  90, 29.42023051, 94.70271627,   8.2
150,  90, 29.41340384, 94.69986936,   9.0
151,  90, 29.40649664, 94.69699517,   8.7
152,  90, 29.39950746, 94.69409310,   8.7
153,  90, 29.39243484, 94.69116257,   8.7
154,  90, 29.38527733, 94.68820299,   8.6
155,  90, 29.37803341, 94.68521374,   8.5
156,  90, 29.37070159, 94.68219422,   8.3
157,  90, 29.36328033, 94.67914382,   8.2
158,  90, 29.35576809, 94.67606192,   8.1
159,  90, 29.34816330, 94.67294788,   8.0
160,  90, 29.34046438, 94.66980109,   7.9
161,  90, 29.33266973, 94.66662089,   7.8
162,  90, 29.32477771, 94.66340665,   7.6
163,  90, 29.31678668, 94.66015771,   7.6
164,  90, 29.30869498, 94.65687341,   7.5
165,  90, 29.30050092, 94.65355309,   7.4
166,  90, 29.29220279, 94.65019608,   7.4
167,  90, 29.28379887, 94.64680170,   7.3
168,  90, 29.27528739, 94.64336925,   7.2
169,  90, 29.26666660, 94.63989805,   7.1
170,  90, 29.25793468, 94.63638740,   7.1
171,  90, 29.24908982, 94.63283658,   7.0
172,  90, 29.24013017, 94.62924487,   6.9
173,  90, 29.23105387, 94.62561157,   6.9
174,  90, 29.22185902, 94.62193592,   6.8
175,  90, 29.21254371, 94.61821719,   6.7
176,  90, 29.20310599, 94.61445464,   6.7
177,  90, 29.19354390, 94.61064750,   6.6
178,  90, 29.18385544, 94.60679500,   6.5
179,  90, 29.17403860, 94.60289638,   6.4
180,  90, 29.16409131, 94.59895085,   6.4
181,  90, 29.15401152, 94.59495762,   6.3
182,  90, 29.14379712, 94.59091588,   6.2
183,  90, 29.13344597, 94.58682483,   6.1
184,  90, 29.12295593, 94.58268364,   6.1
185,  90, 29.11232479, 94.57849148,   6.0
186,  90, 29.10155035, 94.57424752,   5.9
187,  90, 29.09063035, 94.56995091,   5.8
188,  90, 29.07956253, 94.56560078,   5.7
189,  90, 29.06834456, 94.56119627,   5.6
190,  90, 29.05697412, 94.55673650,   5.6
191,  90, 29.04544882, 94.55222057,   5.5
192,  90, 29.03376626, 94.54764760,   5.4
193,  90, 29.02192402, 94.54301665,   5.3
194,  90, 29.00991961, 94.53832682,   5.2
195,  90, 28.99775053, 94.53357717,   5.2
196,  90, 28.98541424, 94.52876676,   5.1
197,  90, 28.97290817, 94.52389462,   5.0
198,  90, 28.96022971, 94.51895980,   4.9
199,  90, 28.94737622, 94.51396130,   4.8
200,  90, 28.93434501, 94.50889815,   4.8
201,  90, 28.92113336, 94.50376933,   4.7
202,  90, 28.90773852, 94.49857383,   4.6
203,  90, 28.89415769, 94.49331063,   4.5
204,  90, 28.88038803, 94.48797868,   4.5
205,  90, 28.86642668, 94.48257693,   4.4
206,  90, 28.85227072, 94.47710431,   4.3
207,  90, 28.83791719, 94.47155975,   4.2
208,  90, 28.82336310, 94.46594215,   4.1
209,  90, 28.80860542, 94.46025040,   4.0
210,  90, 28.79364105, 94.45448339,   3.9
211,  90, 28.77846689, 94.44863998,   3.8
212,  90, 28.76307975, 94.44271902,   3.7
213,  90, 28.74747643, 94.43671936,   3.6
214,  90, 28.73165368, 94.43063981,   3.5
215,  90, 28.71560818, 94.42447919,   3.4
216,  90, 28.69933659, 94.41823629,   3.3
217,  90, 28.68283551, 94.41190989,   3.2
218,  90, 28.66610150, 94.40549875,   3.1
219,  90, 28.64913106, 94.39900162,   3.0
220,  90, 28.63192064, 94.39241725,   2.9
221,  90, 28.61446667, 94.38574433,   2.8
222,  90, 28.59676549, 94.37898158,   2.7
223,  90, 28.57881340, 94.37212768,   2.6
224,  90, 28.56060666, 94.36518130,   2.5
225,  90, 28.54214146, 94.35814109,   2.4
226,  90, 28.52341395, 94.35100570,   2.3
227,  90, 28.50442022, 94.34377373,   2.2
228,  90, 28.48515630, 94.33644379,   2.1
229,  90, 28.46561817, 94.32901446,   2.1
230,  90, 28.44580174, 94.32148431,   2.0
231,  90, 28.42570288, 94.31385189,   2.0
232,  90, 28.40531740, 94.30611574,   2.0
233,  90, 28.38464102, 94.29827435,   2.0
234,  90, 28.36366944, 94.29032623,   2.0
235,  90, 28.34239827, 94.28226985,   2.0
236,  90, 28.32082308, 94.27410367,   2.0
237,  90, 28.29893934, 94.26582613,   2.0
238,  90, 28.27674250, 94.25743564,   2.0
239,  90, 28.25422791, 94.24893060,   2.0
240,  90, 28.23139087, 94.24030939,   2.0
241,  90, 28.20822661, 94.23157037,   2.0
  1,  91, 30.13616384, 95.08939151,  99.9
  2,  91, 30.12991157, 95.08512165,  99.9
  3,  91, 30.12372775, 95.08090488,  99.9
  4,  91, 30.11761111, 95.07674032,  99.9
  5,  91, 30.11156038, 95.07262708,  99.9
  6,  91, 30.10557430, 95.06856428,  99.9
  7,  91, 30.09965163, 95.06455106,  99.9
  8,  91, 30.09379114, 95.06058657,  99.9
  9,  91, 30.08799163, 95.05666998,  99.9
 10,  91, 30.08225188, 95.05280044,  99.9
 11,  91, 30.07657071, 95.04897714,  99.9
 12,  91, 30.07094694, 95.04519927,  99.9
 13,  91, 30.06537940, 95.04146602,  99.9
 14,  91, 30.05986693, 95.03777662,  99.9
 15,  91, 30.05440841, 95.03413027,  99.9
 16,  91, 30.04900268, 95.03052620,  99.9
 17,  91, 30.04364864, 95.02696366,  99.9
 18,  91, 30.03834517, 95.02344189,  99.9
 19,  91, 30.03309117, 95.01996015,  99.9
 20,  91, 30.02788555, 95.01651769,  99.9
 21,  91, 30.02272723, 95.01311379,  99.9
 22,  91, 30.01761514, 95.00974774,  99.9
 23,  91, 30.01254822, 95.00641881,  99.9
 24,  91, 30.00752542, 95.00312632,  99.9
 25,  91, 30.00254570, 94.99986956,  99.9
 26,  91, 29.99760801, 94.99664784,  99.9
 27,  91, 29.99271135, 94.99346050,  99.9
 28,  91, 29.98785468, 94.99030684,  99.9
 29,  91, 29.98303701, 94.98718622,  99.9
 30,  91, 29.97825733, 94.98409797,  99.9
 31,  91, 29.97351465, 94.98104144,  99.9
 32,  91, 29.96880799, 94.97801599,  99.9
 33,  91, 29.96413637, 94.97502098,  99.9
 34,  91, 29.95949881, 94.97205577,  99.9
 35,  91, 29.95489436, 94.96911976,  99.9
 36,  91, 29.95032206, 94.96621231,  99.9
 37,  91, 29.94578096, 94.96333282,  99.9
 38,  91, 29.94127012, 94.96048067,  99.9
 39,  91, 29.93678859, 94.95765528,  99.9
 40,  91, 29.93233546, 94.95485605,  99.9
 41,  91, 29.92790979, 94.95208238,  99.9
 42,  91, 29.92351066, 94.94933370,  99.9
 43,  91, 29.91913717, 94.94660943,  99.9
 44,  91, 29.91478840, 94.94390899,  99.9
 45,  91, 29.91046345, 94.94123182,  99.9
 46,  91, 29.90616142, 94.93857736,  99.9
 47,  91, 29.90188141, 94.93594505,  99.9
 48,  91, 29.89762254, 94.93333434,  99.9
 49,  91, 29.89338393, 94.93074468,  99.9
 50,  91, 29.88916468, 94.92817552,  99.9
 51,  91, 29.88496394, 94.92562633,  99.9
 52,  91, 29.88078081, 94.92309658,  99.9
 53,  91, 29.87661443, 94.92058573,  99.9
 54,  91, 29.87246395, 94.91809326,  99.9
 55,  91, 29.86832848, 94.91561864,  99.9
 56,  91, 29.86420718, 94.91316136,  99.9
 57,  91, 29.86009919, 94.91072091,  99.9
 58,  91, 29.85600365, 94.90829676,  99.9
 59,  91, 29.85191972, 94.90588842,  99.9
 60,  91, 29.84784653, 94.90349539,  99.9
 61,  91, 29.84378326, 94.90111715,  99.9
 62,  91, 29.83972905, 94.89875321,  99.9
 63,  91, 29.83568305, 94.89640309,  99.9
 64,  91, 29.83164443, 94.89406628,  99.9
 65,  91, 29.82761235, 94.89174230,  99.9
 66,  91, 29.82358597, 94.88943066,  99.9
 67,  91, 29.81956446, 94.88713089,  99.9
 68,  91, 29.81554697, 94.88484249,  99.9
 69,  91, 29.81153267, 94.88256500,  99.9
 70,  91, 29.80752072, 94.88029793,  99.9
 71,  91, 29.80351030, 94.87804082,  99.9
 72,  91, 29.79950056, 94.87579319,  99.9
 73,  91, 29.79549068, 94.87355458,  99.9
 74,  91, 29.79147982, 94.87132451,  99.9
 75,  91, 29.78746714, 94.86910252,  99.9
 76,  91, 29.78345181, 94.86688816,  99.9
 77,  91, 29.77943300, 94.86468095,  99.9
 78,  91, 29.77540987, 94.86248044,  99.9
 79,  91, 29.77138158, 94.86028616,  99.9
 80,  91, 29.76734729, 94.85809767,  99.9
 81,  91, 29.76330617, 94.85591451,  99.9
 82,  91, 29.75925737, 94.85373622,  99.9
 83,  91, 29.75520006, 94.85156234,  99.9
 84,  91, 29.75113338, 94.84939244,  99.9
 85,  91, 29.74705649, 94.84722604,  99.9
 86,  91, 29.74296855, 94.84506272,  99.9
 87,  91, 29.73886870, 94.84290200,  99.9
 88,  91, 29.73475609, 94.84074345,  99.9
 89,  91, 29.73062987, 94.83858662,   6.0
 90,  91, 29.72648917, 94.83643106,   6.0
 91,  91, 29.72233313, 94.83427632,   6.0
 92,  91, 29.71816090, 94.83212195,   6.0
 93,  91, 29.71397159, 94.82996751,   6.0
 94,  91, 29.70976434, 94.82781254,   6.0
 95,  91, 29.70553828, 94.82565661,   6.0
 96,  91, 29.70129252, 94.82349926,   6.0
 97,  91, 29.69702618, 94.82134005,   5.9
 98,  91, 29.69273837, 94.81917853,   5.9
 99,  91, 29.68842820, 94.81701424,   5.9
100,  91, 29.68409477, 94.81484675,   5.9
101,  91, 29.67973718, 94.81267561,   5.9
102,  91, 29.67535453, 94.81050035,   5.9
103,  91, 29.67094589, 94.80832054,   5.9
104,  91, 29.66651036, 94.80613573,   5.9
105,  91, 29.66204701, 94.80394545,   5.9
106,  91, 29.65755491, 94.80174925,   5.9
107,  91, 29.65303313, 94.79954669,   5.9
108,  91, 29.64848072, 94.79733731,   5.9
109,  91, 29.64389673, 94.79512064,   5.9
110,  91, 29.63928022, 94.79289624,   5.9
111,  91, 29.63463022, 94.79066364,   5.9
112,  91, 29.62994576, 94.78842238,   5.9
113,  91, 29.62522587, 94.78617199,   5.9
114,  91, 29.62046956, 94.78391202,   5.9
115,  91, 29.61567585, 94.78164199,   5.9
116,  91, 29.61084373, 94.77936145,   5.9
117,  91, 29.60597220, 94.77706991,   5.9
118,  91, 29.60106025, 94.77476690,   5.9
119,  91, 29.59610685, 94.77245195,   5.9
120,  91, 29.59111097, 94.77012459,   5.9
121,  91, 29.58607157, 94.76778433,   5.9
122,  91, 29.58098760, 94.76543070,   5.9
123,  91, 29.57585800, 94.76306319,   5.9
124,  91, 29.57068171, 94.76068134,   5.9
125,  91, 29.56545764, 94.75828465,   5.8
126,  91, 29.56018471, 94.75587262,   5.8
127,  91, 29.55486182, 94.75344477,   5.8
128,  91, 29.54948786, 94.75100058,   5.8
129,  91, 29.54406171, 94.74853956,  99.9
130,  91, 29.53858224, 94.74606121,  99.9
131,  91, 29.53304832, 94.74356501,   6.5
132,  91, 29.52745877, 94.74105045,   6.5
133,  91, 29.52181245, 94.73851701,   6.5
134,  91, 29.51610818, 94.73596419,   6.5
135,  91, 29.51034477, 94.73339144,   6.4
136,  91, 29.50452101, 94.73079825,   6.4
137,  91, 29.49863570, 94.72818408,   6.4
138,  91, 29.49268760, 94.72554840,   6.4
139,  91, 29.48667548, 94.72289066,   6.4
140,  91, 29.48059809, 94.72021033,   6.4
141,  91, 29.47445416, 94.71750685,   6.4
142,  91, 29.46824241, 94.71477968,   6.4
143,  91, 29.46196154, 94.71202825,   6.4
144,  91, 29.45561025, 94.70925200,   6.4
145,  91, 29.44918721, 94.70645037,   6.4
146,  91, 29.44269109, 94.70362277,   6.4
147,  91, 29.43612052, 94.70076864,   6.6
148,  91, 29.42947415, 94.69788740,   7.2
149,  91, 29.42275059, 94.69497844,   8.1
150,  91, 29.41594843, 94.69204119,   8.7
151,  91, 29.40906626, 94.68907504,   8.7
152,  91, 29.40210264, 94.68607939,   8.7
153,  91, 29.39505613, 94.68305363,   8.6
154,  91, 29.38792525, 94.67999714,   8.5
155,  91, 29.38070851, 94.67690929,   8.4
156,  91, 29.37340442, 94.67378947,   8.3
157,  91, 29.36601145, 94.67063704,   8.2
158,  91, 29.35852806, 94.66745135,   8.0
159,  91, 29.35095269, 94.66423176,   7.9
160,  91, 29.34328376, 94.66097761,   7.8
161,  91, 29.33551967, 94.65768826,   7.7
162,  91, 29.32765881, 94.65436301,   7.6
163,  91, 29.31969952, 94.65100122,   7.5
164,  91, 29.31164017, 94.64760218,   7.5
165,  91, 29.30347906, 94.64416522,   7.4
166,  91, 29.29521449, 94.64068963,   7.3
167,  91, 29.28684475, 94.63717472,   7.3
168,  91, 29.27836807, 94.63361977,   7.2
169,  91, 29.26978271, 94.63002406,   7.1
170,  91, 29.26108686, 94.62638688,   7.0
171,  91, 29.25227872, 94.62270747,   7.0
172,  91, 29.24335645, 94.61898511,   6.9
173,  91, 29.23431818, 94.61521904,   6.8
174,  91, 29.22516204, 94.61140849,   6.8
175,  91, 29.21588611, 94.60755271,   6.7
176,  91, 29.20648845, 94.60365092,   6.6
177,  91, 29.19696712, 94.59970232,   6.5
178,  91, 29.18732012, 94.59570613,   6.5
179,  91, 29.17754544, 94.59166154,   6.4
180,  91, 29.16764104, 94.58756774,   6.3
181,  91, 29.15760485, 94.58342391,   6.2
182,  91, 29.14743479, 94.57922921,   6.2
183,  91, 29.13712873, 94.57498280,   6.1
184,  91, 29.12668453, 94.57068384,   6.0
185,  91, 29.11609999, 94.56633146,   5.9
186,  91, 29.10537292, 94.56192478,   5.9
187,  91, 29.09450107, 94.55746294,   5.8
188,  91, 29.08348219, 94.55294503,   5.7
189,  91, 29.07231396, 94.54837015,   5.6
190,  91, 29.06099406, 94.54373739,   5.5
191,  91, 29.04952013, 94.53904582,   5.4
192,  91, 29.03788978, 94.53429452,   5.4
193,  91, 29.02610057, 94.52948252,   5.3
194,  91, 29.01415004, 94.52460887,   5.2
195,  91, 29.00203571, 94.51967261,   5.1
196,  91, 28.98975505, 94.51467275,   5.1
197,  91, 28.97730548, 94.50960829,   5.0
198,  91, 28.96468442, 94.50447823,   4.9
199,  91, 28.95188923, 94.49928156,   4.8
200,  91, 28.93891724, 94.49401724,   4.7
201,  91, 28.92576574, 94.48868423,   4.7
202,  91, 28.91243199, 94.48328147,   4.6
203,  91, 28.89891320, 94.47780789,   4.5
204,  91, 28.88520655, 94.47226241,   4.5
205,  91, 28.87130918, 94.46664394,   4.4
206,  91, 28.85721819, 94.46095137,   4.3
207,  91, 28.84293064, 94.45518356,   4.2
208,  91, 28.82844354, 94.44933940,   4.1
209,  91, 28.81375388, 94.44341772,   4.0
210,  91, 28.79885857, 94.43741736,   3.9
211,  91, 28.78375452, 94.43133714,   3.8
212,  91, 28.76843857, 94.42517587,   3.7
213,  91, 28.75290753, 94.41893234,   3.6
214,  91, 28.73715814, 94.41260532,   3.5
215,  91, 28.72118712, 94.40619357,   3.4
216,  91, 28.70499113, 94.39969585,   3.3
217,  91, 28.68856680, 94.39311087,   3.2
218,  91, 28.67191069, 94.38643735,   3.1
219,  91, 28.65501932, 94.37967399,   3.0
220,  91, 28.63788917, 94.37281948,   2.9
221,  91, 28.62051665, 94.36587247,   2.8
222,  91, 28.60289815, 94.35883161,   2.7
223,  91, 28.58502997, 94.35169554,   2.6
224,  91, 28.56690839, 94.34446287,   2.5
225,  91, 28.54852962, 94.33713220,   2.4
226,  91, 28.52988982, 94.32970210,   2.3
227,  91, 28.51098510, 94.32217113,   2.2
228,  91, 28.49181151, 94.31453785,   2.1
229,  91, 28.47236505, 94.30680078,   2.1
230,  91, 28.45264164, 94.29895841,   2.0
231,  91, 28.43263717, 94.29100925,   2.0
232,  91, 28.41234746, 94.28295176,   2.0
233,  91, 28.39176826, 94.27478438,   2.0
234,  91, 28.37089529, 94.26650556,   2.0
235,  91, 28.34972417, 94.25811371,   2.0
236,  91, 28.32825049, 94.24960720,   2.0
237,  91, 28.30646976, 94.24098443,   2.0
238,  91, 28.28437741, 94.23224373,   2.0
239,  91, 28.26196885, 94.22338344,   2.0
240,  91, 28.23923938, 94.21440187,   2.0
241,  91, 28.21618425, 94.20529731,   2.0
  1,  92, 30.13986352, 95.08213225,  99.9
  2,  92, 30.13356560, 95.07794280,  99.9
  3,  92, 30.12733689, 95.07380493,  99.9
  4,  92, 30.12117612, 95.06971779,  99.9
  5,  92, 30.11508201, 95.06568049,  99.9
  6,  92, 30.10905328, 95.06169218,  99.9
  7,  92, 30.10308870, 95.05775201,  99.9
  8,  92, 30.09718703, 95.05385915,  99.9
  9,  92, 30.09134704, 95.05001278,  99.9
 10,  92, 30.08556752, 95.04621206,  99.9
 11,  92, 30.07984727, 95.04245621,  99.9
 12,  92, 30.07418511, 95.03874443,  99.9
 13,  92, 30.06857986, 95.03507592,  99.9
 14,  92, 30.06303037, 95.03144992,  99.9
 15,  92, 30.05753547, 95.02786565,  99.9
 16,  92, 30.05209403, 95.02432235,  99.9
 17,  92, 30.04670492, 95.02081928,  99.9
 18,  92, 30.04136702, 95.01735569,  99.9
 19,  92, 30.03607922, 95.01393086,  99.9
 20,  92, 30.03084043, 95.01054406,  99.9
 21,  92, 30.02564957, 95.00719457,  99.9
 22,  92, 30.02050554, 95.00388168,  99.9
 23,  92, 30.01540729, 95.00060470,  99.9
 24,  92, 30.01035376, 94.99736293,  99.9
 25,  92, 30.00534390, 94.99415570,  99.9
 26,  92, 30.00037666, 94.99098231,  99.9
 27,  92, 29.99545102, 94.98784212,  99.9
 28,  92, 29.99056596, 94.98473444,  99.9
 29,  92, 29.98572046, 94.98165863,  99.9
 30,  92, 29.98091351, 94.97861403,  99.9
 31,  92, 29.97614411, 94.97560001,  99.9
 32,  92, 29.97141129, 94.97261594,  99.9
 33,  92, 29.96671404, 94.96966118,  99.9
 34,  92, 29.96205141, 94.96673510,  99.9
 35,  92, 29.95742241, 94.96383711,  99.9
 36,  92, 29.95282610, 94.96096658,  99.9
 37,  92, 29.94826150, 94.95812291,  99.9
 38,  92, 29.94372769, 94.95530550,  99.9
 39,  92, 29.93922370, 94.95251377,  99.9
 40,  92, 29.93474862, 94.94974712,  99.9
 41,  92, 29.93030150, 94.94700497,  99.9
 42,  92, 29.92588143, 94.94428675,  99.9
 43,  92, 29.92148748, 94.94159188,  99.9
 44,  92, 29.91711875, 94.93891980,  99.9
 45,  92, 29.91277433, 94.93626996,  99.9
 46,  92, 29.90845330, 94.93364178,  99.9
 47,  92, 29.90415479, 94.93103473,  99.9
 48,  92, 29.89987788, 94.92844825,  99.9
 49,  92, 29.89562170, 94.92588180,  99.9
 50,  92, 29.89138536, 94.92333485,  99.9
 51,  92, 29.88716797, 94.92080685,  99.9
 52,  92, 29.88296867, 94.91829729,  99.9
 53,  92, 29.87878658, 94.91580563,  99.9
 54,  92, 29.87462082, 94.91333135,  99.9
 55,  92, 29.87047054, 94.91087393,  99.9
 56,  92, 29.86633488, 94.90843286,  99.9
 57,  92, 29.86221296, 94.90600764,  99.9
 58,  92, 29.85810394, 94.90359774,  99.9
 59,  92, 29.85400696, 94.90120267,  99.9
 60,  92, 29.84992117, 94.89882192,  99.9
 61,  92, 29.84584571, 94.89645500,  99.9
 62,  92, 29.84177975, 94.89410141,  99.9
 63,  92, 29.83772244, 94.89176066,  99.9
 64,  92, 29.83367293, 94.88943227,  99.9
 65,  92, 29.82963037, 94.88711574,  99.9
 66,  92, 29.82559394, 94.88481058,  99.9
 67,  92, 29.82156279, 94.88251633,  99.9
 68,  92, 29.81753609, 94.88023250,  99.9
 69,  92, 29.81351298, 94.87795861,  99.9
 70,  92, 29.80949265, 94.87569419,  99.9
 71,  92, 29.80547425, 94.87343877,  99.9
 72,  92, 29.80145694, 94.87119187,  99.9
 73,  92, 29.79743990, 94.86895303,  99.9
 74,  92, 29.79342228, 94.86672178,  99.9
 75,  92, 29.78940325, 94.86449765,  99.9
 76,  92, 29.78538197, 94.86228018,  99.9
 77,  92, 29.78135761, 94.86006892,  99.9
 78,  92, 29.77732933, 94.85786339,  99.9
 79,  92, 29.77329629, 94.85566314,  99.9
 80,  92, 29.76925766, 94.85346772,  99.9
 81,  92, 29.76521259, 94.85127666,  99.9
 82,  92, 29.76116024, 94.84908950,  99.9
 83,  92, 29.75709976, 94.84690580,  99.9
 84,  92, 29.75303032, 94.84472510,  99.9
 85,  92, 29.74895107, 94.84254694,  99.9
 86,  92, 29.74486115, 94.84037087,  99.9
 87,  92, 29.74075972, 94.83819645,  99.9
 88,  92, 29.73664592, 94.83602321,  99.9
 89,  92, 29.73251890, 94.83385071,   6.0
 90,  92, 29.72837780, 94.83167849,   6.0
 91,  92, 29.72422175, 94.82950611,   5.9
 92,  92, 29.72004990, 94.82733311,   5.9
 93,  92, 29.71586137, 94.82515904,   5.9
 94,  92, 29.71165528, 94.82298345,   5.9
 95,  92, 29.70743078, 94.82080589,   5.9
 96,  92, 29.70318697, 94.81862591,   5.9
 97,  92, 29.69892298, 94.81644306,   5.9
 98,  92, 29.69463791, 94.81425687,   5.9
 99,  92, 29.69033087, 94.81206691,   5.9
100,  92, 29.68600097, 94.80987271,   5.9
101,  92, 29.68164731, 94.80767383,   5.9
102,  92, 29.67726898, 94.80546980,   5.9
103,  92, 29.67286506, 94.80326017,   5.9
104,  92, 29.66843465, 94.80104448,   5.9
105,  92, 29.66397681, 94.79882227,   5.9
106,  92, 29.65949063, 94.79659309,   5.9
107,  92, 29.65497516, 94.79435647,   5.9
108,  92, 29.65042947, 94.79211196,   5.9
109,  92, 29.64585261, 94.78985908,   5.9
110,  92, 29.64124363, 94.78759737,   5.9
111,  92, 29.63660157, 94.78532636,   5.9
112,  92, 29.63192545, 94.78304559,   5.9
113,  92, 29.62721432, 94.78075458,   5.9
114,  92, 29.62246718, 94.77845286,   5.9
115,  92, 29.61768305, 94.77613996,   5.9
116,  92, 29.61286093, 94.77381539,   5.9
117,  92, 29.60799981, 94.77147869,   5.9
118,  92, 29.60309870, 94.76912936,   5.9
119,  92, 29.59815655, 94.76676692,   5.9
120,  92, 29.59317235, 94.76439089,   5.9
121,  92, 29.58814506, 94.76200078,   5.9
122,  92, 29.58307363, 94.75959609,   5.8
123,  92, 29.57795700, 94.75717634,   5.8
124,  92, 29.57279411, 94.75474101,   5.8
125,  92, 29.56758389, 94.75228961,   5.8
126,  92, 29.56232524, 94.74982164,   5.8
127,  92, 29.55701707, 94.74733659,   5.8
128,  92, 29.55165828, 94.74483394,   5.7
129,  92, 29.54624775, 94.74231319,  99.9
130,  92, 29.54078435, 94.73977381,  99.9
131,  92, 29.53526694, 94.73721529,   6.5
132,  92, 29.52969438, 94.73463710,   6.5
133,  92, 29.52406551, 94.73203871,   6.5
134,  92, 29.51837915, 94.72941958,   6.5
135,  92, 29.51263411, 94.72677919,   6.4
136,  92, 29.50682920, 94.72411698,   6.4
137,  92, 29.50096322, 94.72143242,   6.4
138,  92, 29.49503493, 94.71872495,   6.4
139,  92, 29.48904311, 94.71599401,   6.4
140,  92, 29.48298650, 94.71323906,   6.4
141,  92, 29.47686384, 94.71045952,   6.4
142,  92, 29.47067386, 94.70765484,   6.4
143,  92, 29.46441526, 94.70482442,   6.4
144,  92, 29.45808675, 94.70196770,   6.4
145,  92, 29.45168700, 94.69908409,   6.4
146,  92, 29.44521469, 94.69617301,   6.5
147,  92, 29.43866845, 94.69323385,   6.8
148,  92, 29.43204693, 94.69026602,   7.4
149,  92, 29.42534874, 94.68726891,   8.7
150,  92, 29.41857250, 94.68424192,   8.7
151,  92, 29.41171679, 94.68118442,   8.7
152,  92, 29.40478017, 94.67809579,   8.7
153,  92, 29.39776121, 94.67497541,   8.6
154,  92, 29.39065844, 94.67182263,   8.5
155,  92, 29.38347037, 94.66863682,   8.3
156,  92, 29.37619552, 94.66541733,   8.2
157,  92, 29.36883236, 94.66216350,   8.1
158,  92, 29.36137937, 94.65887468,   8.0
159,  92, 29.35383498, 94.65555019,   7.9
160,  92, 29.34619762, 94.65218936,   7.8
161,  92, 29.33846570, 94.64879150,   7.6
162,  92, 29.33063761, 94.64535593,   7.5
163,  92, 29.32271172, 94.64188196,   7.5
164,  92, 29.31468637, 94.63836887,   7.4
165,  92, 29.30655989, 94.63481596,   7.3
166,  92, 29.29833059, 94.63122250,   7.3
167,  92, 29.28999675, 94.62758777,   7.2
168,  92, 29.28155662, 94.62391104,   7.1
169,  92, 29.27300847, 94.62019156,   7.1
170,  92, 29.26435049, 94.61642858,   7.0
171,  92, 29.25558088, 94.61262133,   6.9
172,  92, 29.24669782, 94.60876906,   6.8
173,  92, 29.23769945, 94.60487098,   6.8
174,  92, 29.22858389, 94.60092630,   6.7
175,  92, 29.21934925, 94.59693424,   6.6
176,  92, 29.20999360, 94.59289399,   6.6
177,  92, 29.20051498, 94.58880473,   6.5
178,  92, 29.19091142, 94.58466565,   6.4
179,  92, 29.18118091, 94.58047590,   6.4
180,  92, 29.17132143, 94.57623466,   6.3
181,  92, 29.16133092, 94.57194106,   6.2
182,  92, 29.15120730, 94.56759424,   6.1
183,  92, 29.14094844, 94.56319334,   6.1
184,  92, 29.13055222, 94.55873746,   6.0
185,  92, 29.12001646, 94.55422572,   5.9
186,  92, 29.10933896, 94.54965722,   5.8
187,  92, 29.09851750, 94.54503103,   5.7
188,  92, 29.08754982, 94.54034624,   5.7
189,  92, 29.07643362, 94.53560191,   5.6
190,  92, 29.06516660, 94.53079709,   5.5
191,  92, 29.05374639, 94.52593081,   5.4
192,  92, 29.04217062, 94.52100212,   5.3
193,  92, 29.03043687, 94.51601003,   5.3
194,  92, 29.01854268, 94.51095354,   5.2
195,  92, 29.00648558, 94.50583164,   5.1
196,  92, 28.99426306, 94.50064333,   5.0
197,  92, 28.98187255, 94.49538756,   5.0
198,  92, 28.96931147, 94.49006329,   4.9
199,  92, 28.95657721, 94.48466947,   4.8
200,  92, 28.94366709, 94.47920502,   4.7
201,  92, 28.93057844, 94.47366887,   4.7
202,  92, 28.91730850, 94.46805991,   4.6
203,  92, 28.90385452, 94.46237704,   4.5
204,  92, 28.89021369, 94.45661913,   4.4
205,  92, 28.87638315, 94.45078505,   4.4
206,  92, 28.86236001, 94.44487364,   4.3
207,  92, 28.84814136, 94.43888374,   4.2
208,  92, 28.83372422, 94.43281416,   4.1
209,  92, 28.81910558, 94.42666371,   4.0
210,  92, 28.80428238, 94.42043119,   3.9
211,  92, 28.78925153, 94.41411536,   3.8
212,  92, 28.77400990, 94.40771498,   3.7
213,  92, 28.75855429, 94.40122880,   3.6
214,  92, 28.74288148, 94.39465555,   3.5
215,  92, 28.72698820, 94.38799393,   3.4
216,  92, 28.71087112, 94.38124265,   3.3
217,  92, 28.69452689, 94.37440038,   3.2
218,  92, 28.67795207, 94.36746579,   3.1
219,  92, 28.66114322, 94.36043752,   3.0
220,  92, 28.64409682, 94.35331420,   2.9
221,  92, 28.62680930, 94.34609445,   2.8
222,  92, 28.60927706, 94.33877686,   2.7
223,  92, 28.59149644, 94.33136001,   2.6
224,  92, 28.57346371, 94.32384245,   2.5
225,  92, 28.55517511, 94.31622272,   2.4
226,  92, 28.53662681, 94.30849936,   2.3
227,  92, 28.51781495, 94.30067086,   2.2
228,  92, 28.49873559, 94.29273571,   2.1
229,  92, 28.47938473, 94.28469238,   2.1
230,  92, 28.45975835, 94.27653931,   2.0
231,  92, 28.43985233, 94.26827493,   2.0
232,  92, 28.41966251, 94.25989765,   2.0
233,  92, 28.39918468, 94.25140586,   2.0
234,  92, 28.37841455, 94.24279793,   2.0
235,  92, 28.35734777, 94.23407220,   2.0
236,  92, 28.33597996, 94.22522700,   2.0
237,  92, 28.31430664, 94.21626064,   2.0
238,  92, 28.29232327, 94.20717141,   2.0
239,  92, 28.27002526, 94.19795756,   2.0
240,  92, 28.24740796, 94.18861734,   2.0
241,  92, 28.22446662, 94.17914897,   2.0
  1,  93, 30.14349213, 95.07482052,  99.9
  2,  93, 30.13714986, 95.07071236,  99.9
  3,  93, 30.13087757, 95.06665427,  99.9
  4,  93, 30.12467396, 95.06264541,  99.9
  5,  93, 30.11853774, 95.05868491,  99.9
  6,  93, 30.11246764, 95.05477193,  99.9
  7,  93, 30.10646239, 95.05090565,  99.9
  8,  93, 30.10052077, 95.04708525,  99.9
  9,  93, 30.09464152, 95.04330991,  99.9
 10,  93, 30.08882344, 95.03957883,  99.9
 11,  93, 30.08306531, 95.03589123,  99.9
 12,  93, 30.07736595, 95.03224632,  99.9
 13,  93, 30.07172416, 95.02864332,  99.9
 14,  93, 30.06613879, 95.02508148,  99.9
 15,  93, 30.06060867, 95.02156005,  99.9
 16,  93, 30.05513265, 95.01807827,  99.9
 17,  93, 30.04970959, 95.01463541,  99.9
 18,  93, 30.04433838, 95.01123074,  99.9
 19,  93, 30.03901790, 95.00786355,  99.9
 20,  93, 30.03374704, 95.00453311,  99.9
 21,  93, 30.02852471, 95.00123874,  99.9
 22,  93, 30.02334982, 94.99797972,  99.9
 23,  93, 30.01822130, 94.99475537,  99.9
 24,  93, 30.01313810, 94.99156502,  99.9
 25,  93, 30.00809914, 94.98840799,  99.9
 26,  93, 30.00310339, 94.98528360,  99.9
 27,  93, 29.99814980, 94.98219121,  99.9
 28,  93, 29.99323736, 94.97913017,  99.9
 29,  93, 29.98836504, 94.97609981,  99.9
 30,  93, 29.98353182, 94.97309952,  99.9
 31,  93, 29.97873671, 94.97012865,  99.9
 32,  93, 29.97397871, 94.96718658,  99.9
 33,  93, 29.96925683, 94.96427269,  99.9
 34,  93, 29.96457009, 94.96138636,  99.9
 35,  93, 29.95991751, 94.95852699,  99.9
 36,  93, 29.95529814, 94.95569399,  99.9
 37,  93, 29.95071100, 94.95288674,  99.9
 38,  93, 29.94615516, 94.95010466,  99.9
 39,  93, 29.94162965, 94.94734717,  99.9
 40,  93, 29.93713355, 94.94461368,  99.9
 41,  93, 29.93266591, 94.94190363,  99.9
 42,  93, 29.92822581, 94.93921644,  99.9
 43,  93, 29.92381233, 94.93655155,  99.9
 44,  93, 29.91942455, 94.93390839,  99.9
 45,  93, 29.91506156, 94.93128642,  99.9
 46,  93, 29.91072245, 94.92868508,  99.9
 47,  93, 29.90640631, 94.92610383,  99.9
 48,  93, 29.90211226, 94.92354213,  99.9
 49,  93, 29.89783940, 94.92099944,  99.9
 50,  93, 29.89358684, 94.91847522,  99.9
 51,  93, 29.88935370, 94.91596894,  99.9
 52,  93, 29.88513910, 94.91348009,  99.9
 53,  93, 29.88094216, 94.91100814,  99.9
 54,  93, 29.87676201, 94.90855257,  99.9
 55,  93, 29.87259778, 94.90611287,  99.9
 56,  93, 29.86844860, 94.90368853,  99.9
 57,  93, 29.86431362, 94.90127904,  99.9
 58,  93, 29.86019197, 94.89888389,  99.9
 59,  93, 29.85608280, 94.89650258,  99.9
 60,  93, 29.85198525, 94.89413462,  99.9
 61,  93, 29.84789846, 94.89177952,  99.9
 62,  93, 29.84382160, 94.88943677,  99.9
 63,  93, 29.83975381, 94.88710589,  99.9
 64,  93, 29.83569425, 94.88478639,  99.9
 65,  93, 29.83164207, 94.88247779,  99.9
 66,  93, 29.82759643, 94.88017961,  99.9
 67,  93, 29.82355648, 94.87789136,  99.9
 68,  93, 29.81952140, 94.87561257,  99.9
 69,  93, 29.81549033, 94.87334276,  99.9
 70,  93, 29.81146244, 94.87108145,  99.9
 71,  93, 29.80743690, 94.86882819,  99.9
 72,  93, 29.80341286, 94.86658249,  99.9
 73,  93, 29.79938949, 94.86434389,  99.9
 74,  93, 29.79536595, 94.86211192,  99.9
 75,  93, 29.79134140, 94.85988611,  99.9
 76,  93, 29.78731501, 94.85766601,  99.9
 77,  93, 29.78328594, 94.85545115,  99.9
 78,  93, 29.77925336, 94.85324107,  99.9
 79,  93, 29.77521641, 94.85103530,  99.9
 80,  93, 29.77117427, 94.84883340,  99.9
 81,  93, 29.76712608, 94.84663489,  99.9
 82,  93, 29.76307102, 94.84443933,  99.9
 83,  93, 29.75900823, 94.84224626,  99.9
 84,  93, 29.75493688, 94.84005521,  99.9
 85,  93, 29.75085610, 94.83786574,  99.9
 86,  93, 29.74676506, 94.83567739,  99.9
 87,  93, 29.74266290, 94.83348970,  99.9
 88,  93, 29.73854877, 94.83130223,   5.9
 89,  93, 29.73442181, 94.82911451,   5.9
 90,  93, 29.73028116, 94.82692609,   5.9
 91,  93, 29.72612597, 94.82473651,   5.9
 92,  93, 29.72195536, 94.82254533,   5.9
 93,  93, 29.71776848, 94.82035209,   5.9
 94,  93, 29.71356444, 94.81815633,   5.9
 95,  93, 29.70934237, 94.81595760,   5.9
 96,  93, 29.70510139, 94.81375544,   5.9
 97,  93, 29.70084063, 94.81154939,   5.9
 98,  93, 29.69655919, 94.80933900,   5.9
 99,  93, 29.69225618, 94.80712381,   5.9
100,  93, 29.68793071, 94.80490336,   5.9
101,  93, 29.68358188, 94.80267719,   5.9
102,  93, 29.67920878, 94.80044484,   5.9
103,  93, 29.67481050, 94.79820584,   5.9
104,  93, 29.67038612, 94.79595974,   5.9
105,  93, 29.66593473, 94.79370607,   5.9
106,  93, 29.66145539, 94.79144437,   5.9
107,  93, 29.65694718, 94.78917415,   5.9
108,  93, 29.65240915, 94.78689497,   5.9
109,  93, 29.64784037, 94.78460634,   5.9
110,  93, 29.64323987, 94.78230779,   5.9
111,  93, 29.63860671, 94.77999884,   5.9
112,  93, 29.63393991, 94.77767903,   5.9
113,  93, 29.62923851, 94.77534787,   5.9
114,  93, 29.62450152, 94.77300488,   5.9
115,  93, 29.61972796, 94.77064958,   5.9
116,  93, 29.61491684, 94.76828148,   5.9
117,  93, 29.61006715, 94.76590009,   5.9
118,  93, 29.60517788, 94.76350492,   5.8
119,  93, 29.60024802, 94.76109549,   5.8
120,  93, 29.59527654, 94.75867128,   5.8
121,  93, 29.59026240, 94.75623181,   5.8
122,  93, 29.58520455, 94.75377656,   5.8
123,  93, 29.58010196, 94.75130504,   5.8
124,  93, 29.57495354, 94.74881674,   5.8
125,  93, 29.56975823, 94.74631115,   5.8
126,  93, 29.56451495, 94.74378774,   5.8
127,  93, 29.55922261, 94.74124600,   5.7
128,  93, 29.55388010, 94.73868541,  99.9
129,  93, 29.54848630, 94.73610544,  99.9
130,  93, 29.54304010, 94.73350557,   6.9
131,  93, 29.53754037, 94.73088525,   6.6
132,  93, 29.53198594, 94.72824395,   6.5
133,  93, 29.52637568, 94.72558114,   6.5
134,  93, 29.52070840, 94.72289625,   6.5
135,  93, 29.51498294, 94.72018875,   6.4
136,  93, 29.50919808, 94.71745807,   6.4
137,  93, 29.50335264, 94.71470366,   6.4
138,  93, 29.49744539, 94.71192496,   6.4
139,  93, 29.49147510, 94.70912139,   6.4
140,  93, 29.48544052, 94.70629238,   6.4
141,  93, 29.47934041, 94.70343735,   6.4
142,  93, 29.47317348, 94.70055572,   6.4
143,  93, 29.46693845, 94.69764689,   6.4
144,  93, 29.46063403, 94.69471029,   6.4
145,  93, 29.45425889, 94.69174529,   6.4
146,  93, 29.44781172, 94.68875131,   6.6
147,  93, 29.44129116, 94.68572772,   6.8
148,  93, 29.43469586, 94.68267392,   7.5
149,  93, 29.42802444, 94.67958927,   8.7
150,  93, 29.42127551, 94.67647315,   8.7
151,  93, 29.41444767, 94.67332493,   8.7
152,  93, 29.40753948, 94.67014395,   8.6
153,  93, 29.40054952, 94.66692958,   8.5
154,  93, 29.39347633, 94.66368117,   8.4
155,  93, 29.38631842, 94.66039804,   8.3
156,  93, 29.37907431, 94.65707953,   8.2
157,  93, 29.37174249, 94.65372497,   8.1
158,  93, 29.36432142, 94.65033367,   7.9
159,  93, 29.35680957, 94.64690496,   7.8
160,  93, 29.34920536, 94.64343812,   7.7
161,  93, 29.34150721, 94.63993246,   7.6
162,  93, 29.33371351, 94.63638726,   7.5
163,  93, 29.32582264, 94.63280181,   7.4
164,  93, 29.31783296, 94.62917538,   7.4
165,  93, 29.30974278, 94.62550724,   7.3
166,  93, 29.30155044, 94.62179664,   7.2
167,  93, 29.29325422, 94.61804284,   7.2
168,  93, 29.28485239, 94.61424506,   7.1
169,  93, 29.27634320, 94.61040255,   7.0
170,  93, 29.26772487, 94.60651453,   6.9
171,  93, 29.25899561, 94.60258022,   6.9
172,  93, 29.25015359, 94.59859881,   6.8
173,  93, 29.24119697, 94.59456951,   6.7
174,  93, 29.23212388, 94.59049150,   6.7
175,  93, 29.22293243, 94.58636397,   6.6
176,  93, 29.21362070, 94.58218607,   6.5
177,  93, 29.20418675, 94.57795698,   6.5
178,  93, 29.19462860, 94.57367583,   6.4
179,  93, 29.18494428, 94.56934177,   6.3
180,  93, 29.17513175, 94.56495393,   6.2
181,  93, 29.16518897, 94.56051142,   6.2
182,  93, 29.15511386, 94.55601336,   6.1
183,  93, 29.14490432, 94.55145884,   6.0
184,  93, 29.13455822, 94.54684694,   5.9
185,  93, 29.12407340, 94.54217675,   5.9
186,  93, 29.11344767, 94.53744733,   5.8
187,  93, 29.10267881, 94.53265773,   5.7
188,  93, 29.09176459, 94.52780700,   5.6
189,  93, 29.08070271, 94.52289416,   5.5
190,  93, 29.06949087, 94.51791823,   5.5
191,  93, 29.05812673, 94.51287822,   5.4
192,  93, 29.04660792, 94.50777313,   5.3
193,  93, 29.03493203, 94.50260193,   5.2
194,  93, 29.02309663, 94.49736360,   5.2
195,  93, 29.01109924, 94.49205709,   5.1
196,  93, 28.99893736, 94.48668136,   5.0
197,  93, 28.98660845, 94.48123532,   4.9
198,  93, 28.97410993, 94.47571790,   4.9
199,  93, 28.96143920, 94.47012800,   4.8
200,  93, 28.94859361, 94.46446451,   4.7
201,  93, 28.93557048, 94.45872631,   4.6
202,  93, 28.92236708, 94.45291227,   4.6
203,  93, 28.90898067, 94.44702123,   4.5
204,  93, 28.89540844, 94.44105203,   4.4
205,  93, 28.88164755, 94.43500349,   4.3
206,  93, 28.86769515, 94.42887441,   4.3
207,  93, 28.85354830, 94.42266358,   4.2
208,  93, 28.83920406, 94.41636979,   4.1
209,  93, 28.82465943, 94.40999179,   4.0
210,  93, 28.80991137, 94.40352832,   3.9
211,  93, 28.79495680, 94.39697811,   3.8
212,  93, 28.77979259, 94.39033989,   3.7
213,  93, 28.76441558, 94.38361233,   3.6
214,  93, 28.74882256, 94.37679413,   3.5
215,  93, 28.73301026, 94.36988395,   3.4
216,  93, 28.71697538, 94.36288044,   3.3
217,  93, 28.70071457, 94.35578221,   3.2
218,  93, 28.68422444, 94.34858790,   3.1
219,  93, 28.66750153, 94.34129609,   3.0
220,  93, 28.65054235, 94.33390536,   2.9
221,  93, 28.63334336, 94.32641427,   2.8
222,  93, 28.61590096, 94.31882137,   2.7
223,  93, 28.59821150, 94.31112517,   2.6
224,  93, 28.58027129, 94.30332418,   2.5
225,  93, 28.56207658, 94.29541688,   2.4
226,  93, 28.54362357, 94.28740175,   2.3
227,  93, 28.52490839, 94.27927723,   2.2
228,  93, 28.50592713, 94.27104175,   2.1
229,  93, 28.48667582, 94.26269371,   2.1
230,  93, 28.46715045, 94.25423151,   2.0
231,  93, 28.44734692, 94.24565350,   2.0
232,  93, 28.42726110, 94.23695805,   2.0
233,  93, 28.40688878, 94.22814348,   2.0
234,  93, 28.38622570, 94.21920809,   1.9
235,  93, 28.36526755, 94.21015016,   2.0
236,  93, 28.34400993, 94.20096796,   2.0
237,  93, 28.32244841, 94.19165973,   2.0
238,  93, 28.30057848, 94.18222370,   2.0
239,  93, 28.27839555, 94.17265805,   2.0
240,  93, 28.25589498, 94.16296096,   2.0
241,  93, 28.23307208, 94.15313058,   2.0
  1,  94, 30.14704890, 95.06745783,  99.9
  2,  94, 30.14066362, 95.06343183,  99.9
  3,  94, 30.13434906, 95.05945439,  99.9
  4,  94, 30.12810390, 95.05552466,  99.9
  5,  94, 30.12192686, 95.05164180,  99.9
  6,  94, 30.11581664, 95.04780499,  99.9
  7,  94, 30.10977199, 95.04401342,  99.9
  8,  94, 30.10379165, 95.04026628,  99.9
  9,  94, 30.09787438, 95.03656278,  99.9
 10,  94, 30.09201895, 95.03290213,  99.9
 11,  94, 30.08622415, 95.02928355,  99.9
 12,  94, 30.08048878, 95.02570629,  99.9
 13,  94, 30.07481164, 95.02216957,  99.9
 14,  94, 30.06919155, 95.01867265,  99.9
 15,  94, 30.06362736, 95.01521480,  99.9
 16,  94, 30.05811790, 95.01179527,  99.9
 17,  94, 30.05266204, 95.00841335,  99.9
 18,  94, 30.04725864, 95.00506832,  99.9
 19,  94, 30.04190658, 95.00175948,  99.9
 20,  94, 30.03660475, 94.99848612,  99.9
 21,  94, 30.03135204, 94.99524755,  99.9
 22,  94, 30.02614737, 94.99204309,  99.9
 23,  94, 30.02098967, 94.98887206,  99.9
 24,  94, 30.01587784, 94.98573379,  99.9
 25,  94, 30.01081085, 94.98262762,  99.9
 26,  94, 30.00578762, 94.97955290,  99.9
 27,  94, 30.00080713, 94.97650897,  99.9
 28,  94, 29.99586833, 94.97349520,  99.9
 29,  94, 29.99097020, 94.97051095,  99.9
 30,  94, 29.98611173, 94.96755558,  99.9
 31,  94, 29.98129190, 94.96462848,  99.9
 32,  94, 29.97650972, 94.96172904,  99.9
 33,  94, 29.97176418, 94.95885663,  99.9
 34,  94, 29.96705431, 94.95601066,  99.9
 35,  94, 29.96237913, 94.95319052,  99.9
 36,  94, 29.95773766, 94.95039563,  99.9
 37,  94, 29.95312894, 94.94762540,  99.9
 38,  94, 29.94855202, 94.94487923,  99.9
 39,  94, 29.94400593, 94.94215656,  99.9
 40,  94, 29.93948975, 94.93945682,  99.9
 41,  94, 29.93500253, 94.93677943,  99.9
 42,  94, 29.93054333, 94.93412383,  99.9
 43,  94, 29.92611123, 94.93148947,  99.9
 44,  94, 29.92170532, 94.92887580,  99.9
 45,  94, 29.91732467, 94.92628225,  99.9
 46,  94, 29.91296837, 94.92370830,  99.9
 47,  94, 29.90863552, 94.92115339,  99.9
 48,  94, 29.90432522, 94.91861700,  99.9
 49,  94, 29.90003657, 94.91609859,  99.9
 50,  94, 29.89576868, 94.91359764,  99.9
 51,  94, 29.89152066, 94.91111362,  99.9
 52,  94, 29.88729164, 94.90864600,  99.9
 53,  94, 29.88308072, 94.90619428,  99.9
 54,  94, 29.87888705, 94.90375793,  99.9
 55,  94, 29.87470973, 94.90133646,  99.9
 56,  94, 29.87054792, 94.89892934,  99.9
 57,  94, 29.86640073, 94.89653609,  99.9
 58,  94, 29.86226731, 94.89415619,  99.9
 59,  94, 29.85814680, 94.89178915,  99.9
 60,  94, 29.85403834, 94.88943448,  99.9
 61,  94, 29.84994108, 94.88709168,  99.9
 62,  94, 29.84585417, 94.88476026,  99.9
 63,  94, 29.84177675, 94.88243973,  99.9
 64,  94, 29.83770798, 94.88012962,  99.9
 65,  94, 29.83364702, 94.87782944,  99.9
 66,  94, 29.82959301, 94.87553870,  99.9
 67,  94, 29.82554511, 94.87325693,  99.9
 68,  94, 29.82150248, 94.87098365,  99.9
 69,  94, 29.81746429, 94.86871839,  99.9
 70,  94, 29.81342969, 94.86646068,  99.9
 71,  94, 29.80939784, 94.86421004,  99.9
 72,  94, 29.80536791, 94.86196601,  99.9
 73,  94, 29.80133905, 94.85972812,  99.9
 74,  94, 29.79731042, 94.85749589,  99.9
 75,  94, 29.79328120, 94.85526888,  99.9
 76,  94, 29.78925053, 94.85304660,  99.9
 77,  94, 29.78521759, 94.85082861,  99.9
 78,  94, 29.78118154, 94.84861443,  99.9
 79,  94, 29.77714152, 94.84640360,  99.9
 80,  94, 29.77309671, 94.84419568,  99.9
 81,  94, 29.76904626, 94.84199019,  99.9
 82,  94, 29.76498933, 94.83978668,  99.9
 83,  94, 29.76092507, 94.83758468,  99.9
 84,  94, 29.75685264, 94.83538375,  99.9
 85,  94, 29.75277119, 94.83318342,  99.9
 86,  94, 29.74867988, 94.83098324,  99.9
 87,  94, 29.74457784, 94.82878275,  99.9
 88,  94, 29.74046423, 94.82658149,   5.9
 89,  94, 29.73633819, 94.82437900,   5.9
 90,  94, 29.73219886, 94.82217484,   5.9
 91,  94, 29.72804539, 94.81996853,   5.9
 92,  94, 29.72387690, 94.81775962,   5.9
 93,  94, 29.71969252, 94.81554766,   5.9
 94,  94, 29.71549140, 94.81333219,   5.9
 95,  94, 29.71127264, 94.81111274,   5.9
 96,  94, 29.70703539, 94.80888885,   5.9
 97,  94, 29.70277874, 94.80666007,   5.9
 98,  94, 29.69850182, 94.80442593,   5.9
 99,  94, 29.69420373, 94.80218597,   5.9
100,  94, 29.68988359, 94.79993973,   5.9
101,  94, 29.68554049, 94.79768673,   5.9
102,  94, 29.68117353, 94.79542652,   5.9
103,  94, 29.67678179, 94.79315863,   5.9
104,  94, 29.67236437, 94.79088258,   5.9
105,  94, 29.66792034, 94.78859791,   5.9
106,  94, 29.66344878, 94.78630414,   5.9
107,  94, 29.65894876, 94.78400081,   5.9
108,  94, 29.65441934, 94.78168742,   5.9
109,  94, 29.64985958, 94.77936351,   5.9
110,  94, 29.64526852, 94.77702860,   5.9
111,  94, 29.64064522, 94.77468220,   5.9
112,  94, 29.63598871, 94.77232383,   5.9
113,  94, 29.63129801, 94.76995300,   5.8
114,  94, 29.62657216, 94.76756922,   5.8
115,  94, 29.62181017, 94.76517200,   5.8
116,  94, 29.61701104, 94.76276085,   5.8
117,  94, 29.61217378, 94.76033527,   5.8
118,  94, 29.60729738, 94.75789476,   5.8
119,  94, 29.60238082, 94.75543882,   5.8
120,  94, 29.59742308, 94.75296693,   5.8
121,  94, 29.59242313, 94.75047860,   5.8
122,  94, 29.58737993, 94.74797331,   5.8
123,  94, 29.58229242, 94.74545054,   5.8
124,  94, 29.57715954, 94.74290977,   5.8
125,  94, 29.57198023, 94.74035049,   5.7
126,  94, 29.56675341, 94.73777216,   5.7
127,  94, 29.56147798, 94.73517426,   5.7
128,  94, 29.55615285, 94.73255625,  99.9
129,  94, 29.55077691, 94.72991760,  99.9
130,  94, 29.54534905, 94.72725776,   6.7
131,  94, 29.53986811, 94.72457618,   6.7
132,  94, 29.53433298, 94.72187233,   6.6
133,  94, 29.52874249, 94.71914563,   6.5
134,  94, 29.52309547, 94.71639553,   6.5
135,  94, 29.51739076, 94.71362148,   6.4
136,  94, 29.51162715, 94.71082289,   6.4
137,  94, 29.50580346, 94.70799920,   6.4
138,  94, 29.49991847, 94.70514983,   6.4
139,  94, 29.49397095, 94.70227420,   6.4
140,  94, 29.48795966, 94.69937171,   6.4
141,  94, 29.48188334, 94.69644177,   6.4
142,  94, 29.47574074, 94.69348379,   6.4
143,  94, 29.46953057, 94.69049715,   6.4
144,  94, 29.46325154, 94.68748126,   6.4
145,  94, 29.45690234, 94.68443549,   6.5
146,  94, 29.45048164, 94.68135922,   6.6
147,  94, 29.44398811, 94.67825182,   6.9
148,  94, 29.43742039, 94.67511266,   8.0
149,  94, 29.43077711, 94.67194110,   8.7
150,  94, 29.42405689, 94.66873649,   8.7
151,  94, 29.41725833, 94.66549818,   8.6
152,  94, 29.41038001, 94.66222550,   8.6
153,  94, 29.40342050, 94.65891781,   8.5
154,  94, 29.39637834, 94.65557441,   8.4
155,  94, 29.38925207, 94.65219463,   8.3
156,  94, 29.38204020, 94.64877778,   8.1
157,  94, 29.37474122, 94.64532317,   8.0
158,  94, 29.36735362, 94.64183009,   7.9
159,  94, 29.35987586, 94.63829784,   7.8
160,  94, 29.35230637, 94.63472570,   7.7
161,  94, 29.34464357, 94.63111295,   7.5
162,  94, 29.33688587, 94.62745884,   7.4
163,  94, 29.32903166, 94.62376265,   7.4
164,  94, 29.32107928, 94.62002361,   7.3
165,  94, 29.31302709, 94.61624098,   7.2
166,  94, 29.30487340, 94.61241399,   7.2
167,  94, 29.29661651, 94.60854186,   7.1
168,  94, 29.28825470, 94.60462381,   7.0
169,  94, 29.27978623, 94.60065906,   7.0
170,  94, 29.27120933, 94.59664678,   6.9
171,  94, 29.26252220, 94.59258619,   6.8
172,  94, 29.25372305, 94.58847645,   6.8
173,  94, 29.24481002, 94.58431674,   6.7
174,  94, 29.23578127, 94.58010622,   6.6
175,  94, 29.22663490, 94.57584404,   6.6
176,  94, 29.21736902, 94.57152935,   6.5
177,  94, 29.20798167, 94.56716127,   6.4
178,  94, 29.19847092, 94.56273892,   6.4
179,  94, 29.18883477, 94.55826142,   6.3
180,  94, 29.17907120, 94.55372786,   6.2
181,  94, 29.16917819, 94.54913734,   6.1
182,  94, 29.15915367, 94.54448893,   6.1
183,  94, 29.14899555, 94.53978171,   6.0
184,  94, 29.13870170, 94.53501472,   5.9
185,  94, 29.12826997, 94.53018701,   5.8
186,  94, 29.11769820, 94.52529762,   5.7
187,  94, 29.10698417, 94.52034556,   5.7
188,  94, 29.09612564, 94.51532985,   5.6
189,  94, 29.08512035, 94.51024949,   5.5
190,  94, 29.07396600, 94.50510345,   5.4
191,  94, 29.06266027, 94.49989071,   5.3
192,  94, 29.05120078, 94.49461023,   5.3
193,  94, 29.03958515, 94.48926097,   5.2
194,  94, 29.02781096, 94.48384184,   5.1
195,  94, 29.01587574, 94.47835178,   5.1
196,  94, 29.00377700, 94.47278969,   5.0
197,  94, 28.99151221, 94.46715446,   4.9
198,  94, 28.97907882, 94.46144498,   4.8
199,  94, 28.96647422, 94.45566011,   4.8
200,  94, 28.95369579, 94.44979870,   4.7
201,  94, 28.94074085, 94.44385960,   4.6
202,  94, 28.92760669, 94.43784162,   4.5
203,  94, 28.91429059, 94.43174358,   4.5
204,  94, 28.90078974, 94.42556427,   4.4
205,  94, 28.88710133, 94.41930246,   4.3
206,  94, 28.87322251, 94.41295692,   4.2
207,  94, 28.85915036, 94.40652640,   4.1
208,  94, 28.84488196, 94.40000963,   4.0
209,  94, 28.83041431, 94.39340532,   4.0
210,  94, 28.81574440, 94.38671218,   3.9
211,  94, 28.80086916, 94.37992889,   3.8
212,  94, 28.78578549, 94.37305412,   3.7
213,  94, 28.77049022, 94.36608651,   3.6
214,  94, 28.75498016, 94.35902470,   3.5
215,  94, 28.73925207, 94.35186730,   3.4
216,  94, 28.72330266, 94.34461292,   3.3
217,  94, 28.70712860, 94.33726014,   3.2
218,  94, 28.69072651, 94.32980751,   3.1
219,  94, 28.67409296, 94.32225358,   3.0
220,  94, 28.65722446, 94.31459688,   2.9
221,  94, 28.64011750, 94.30683591,   2.8
222,  94, 28.62276849, 94.29896917,   2.7
223,  94, 28.60517381, 94.29099512,   2.6
224,  94, 28.58732977, 94.28291221,   2.5
225,  94, 28.56923266, 94.27471888,   2.4
226,  94, 28.55087867, 94.26641353,   2.3
227,  94, 28.53226398, 94.25799456,   2.2
228,  94, 28.51338469, 94.24946033,   2.1
229,  94, 28.49423685, 94.24080920,   2.1
230,  94, 28.47481645, 94.23203950,   2.0
231,  94, 28.45511944, 94.22314953,   2.0
232,  94, 28.43514169, 94.21413758,   2.0
233,  94, 28.41487902, 94.20500191,   1.9
234,  94, 28.39432719, 94.19574077,   1.9
235,  94, 28.37348191, 94.18635238,   1.9
236,  94, 28.35233881, 94.17683495,   2.0
237,  94, 28.33089346, 94.16718663,   2.0
238,  94, 28.30914138, 94.15740560,   2.0
239,  94, 28.28707802, 94.14748997,   2.0
240,  94, 28.26469876, 94.13743786,   2.0
241,  94, 28.24199892, 94.12724735,   2.0
  1,  95, 30.15053309, 95.06004574,  99.9
  2,  95, 30.14410613, 95.05610276,  99.9
  3,  95, 30.13775061, 95.05220680,  99.9
  4,  95, 30.13146522, 95.04835704,  99.9
  5,  95, 30.12524865, 95.04455265,  99.9
  6,  95, 30.11909960, 95.04079282,  99.9
  7,  95, 30.11301681, 95.03707676,  99.9
  8,  95, 30.10699900, 95.03340368,  99.9
  9,  95, 30.10104495, 95.02977280,  99.9
 10,  95, 30.09515340, 95.02618335,  99.9
 11,  95, 30.08932313, 95.02263457,  99.9
 12,  95, 30.08355294, 95.01912571,  99.9
 13,  95, 30.07784163, 95.01565601,  99.9
 14,  95, 30.07218801, 95.01222476,  99.9
 15,  95, 30.06659091, 95.00883122,  99.9
 16,  95, 30.06104918, 95.00547467,  99.9
 17,  95, 30.05556164, 95.00215440,  99.9
 18,  95, 30.05012718, 94.99886972,  99.9
 19,  95, 30.04474466, 94.99561992,  99.9
 20,  95, 30.03941296, 94.99240433,  99.9
 21,  95, 30.03413098, 94.98922225,  99.9
 22,  95, 30.02889762, 94.98607302,  99.9
 23,  95, 30.02371180, 94.98295598,  99.9
 24,  95, 30.01857243, 94.97987046,  99.9
 25,  95, 30.01347845, 94.97681582,  99.9
 26,  95, 30.00842880, 94.97379140,  99.9
 27,  95, 30.00342244, 94.97079658,  99.9
 28,  95, 29.99845832, 94.96783072,  99.9
 29,  95, 29.99353541, 94.96489319,  99.9
 30,  95, 29.98865269, 94.96198338,  99.9
 31,  95, 29.98380915, 94.95910067,  99.9
 32,  95, 29.97900378, 94.95624446,  99.9
 33,  95, 29.97423558, 94.95341414,  99.9
 34,  95, 29.96950357, 94.95060912,  99.9
 35,  95, 29.96480675, 94.94782881,  99.9
 36,  95, 29.96014416, 94.94507263,  99.9
 37,  95, 29.95551482, 94.94233998,  99.9
 38,  95, 29.95091777, 94.93963031,  99.9
 39,  95, 29.94635206, 94.93694304,  99.9
 40,  95, 29.94181673, 94.93427760,  99.9
 41,  95, 29.93731086, 94.93163344,  99.9
 42,  95, 29.93283349, 94.92900999,  99.9
 43,  95, 29.92838370, 94.92640672,  99.9
 44,  95, 29.92396057, 94.92382307,  99.9
 45,  95, 29.91956317, 94.92125849,  99.9
 46,  95, 29.91519060, 94.91871246,  99.9
 47,  95, 29.91084194, 94.91618444,  99.9
 48,  95, 29.90651628, 94.91367389,  99.9
 49,  95, 29.90221274, 94.91118030,  99.9
 50,  95, 29.89793041, 94.90870313,  99.9
 51,  95, 29.89366840, 94.90624188,  99.9
 52,  95, 29.88942584, 94.90379601,  99.9
 53,  95, 29.88520183, 94.90136503,  99.9
 54,  95, 29.88099550, 94.89894842,  99.9
 55,  95, 29.87680597, 94.89654568,  99.9
 56,  95, 29.87263238, 94.89415630,  99.9
 57,  95, 29.86847385, 94.89177979,  99.9
 58,  95, 29.86432953, 94.88941564,  99.9
 59,  95, 29.86019854, 94.88706336,  99.9
 60,  95, 29.85608003, 94.88472246,  99.9
 61,  95, 29.85197315, 94.88239246,  99.9
 62,  95, 29.84787703, 94.88007285,  99.9
 63,  95, 29.84379084, 94.87776317,  99.9
 64,  95, 29.83971371, 94.87546292,  99.9
 65,  95, 29.83564480, 94.87317163,  99.9
 66,  95, 29.83158326, 94.87088882,  99.9
 67,  95, 29.82752826, 94.86861400,  99.9
 68,  95, 29.82347894, 94.86634672,  99.9
 69,  95, 29.81943446, 94.86408648,  99.9
 70,  95, 29.81539398, 94.86183283,  99.9
 71,  95, 29.81135667, 94.85958529,  99.9
 72,  95, 29.80732168, 94.85734340,  99.9
 73,  95, 29.80328816, 94.85510668,  99.9
 74,  95, 29.79925530, 94.85287466,  99.9
 75,  95, 29.79522223, 94.85064690,  99.9
 76,  95, 29.79118813, 94.84842291,  99.9
 77,  95, 29.78715216, 94.84620224,  99.9
 78,  95, 29.78311347, 94.84398443,  99.9
 79,  95, 29.77907123, 94.84176901,  99.9
 80,  95, 29.77502459, 94.83955552,  99.9
 81,  95, 29.77097271, 94.83734351,  99.9
 82,  95, 29.76691476, 94.83513250,  99.9
 83,  95, 29.76284987, 94.83292205,   5.9
 84,  95, 29.75877722, 94.83071169,   5.9
 85,  95, 29.75469595, 94.82850096,   5.9
 86,  95, 29.75060521, 94.82628940,  99.9
 87,  95, 29.74650415, 94.82407656,   5.9
 88,  95, 29.74239192, 94.82186198,   5.9
 89,  95, 29.73826765, 94.81964518,   5.9
 90,  95, 29.73413051, 94.81742573,   5.9
 91,  95, 29.72997961, 94.81520314,   5.9
 92,  95, 29.72581410, 94.81297697,   5.9
 93,  95, 29.72163311, 94.81074675,   5.9
 94,  95, 29.71743577, 94.80851201,   5.9
 95,  95, 29.71322121, 94.80627231,   5.9
 96,  95, 29.70898854, 94.80402716,   5.9
 97,  95, 29.70473690, 94.80177610,   5.9
 98,  95, 29.70046539, 94.79951868,   5.9
 99,  95, 29.69617312, 94.79725441,   5.9
100,  95, 29.69185920, 94.79498284,   5.9
101,  95, 29.68752273, 94.79270349,   5.9
102,  95, 29.68316281, 94.79041589,   5.8
103,  95, 29.67877853, 94.78811957,   5.8
104,  95, 29.67436899, 94.78581404,   5.8
105,  95, 29.66993325, 94.78349884,   5.8
106,  95, 29.66547039, 94.78117349,   5.8
107,  95, 29.66097950, 94.77883751,   5.8
108,  95, 29.65645962, 94.77649040,   5.8
109,  95, 29.65190983, 94.77413170,   5.8
110,  95, 29.64732917, 94.77176090,   5.8
111,  95, 29.64271669, 94.76937753,   5.8
112,  95, 29.63807142, 94.76698108,   5.8
113,  95, 29.63339241, 94.76457107,   5.8
114,  95, 29.62867867, 94.76214700,   5.8
115,  95, 29.62392923, 94.75970836,   5.8
116,  95, 29.61914310, 94.75725466,   5.8
117,  95, 29.61431927, 94.75478539,   5.8
118,  95, 29.60945674, 94.75230003,   5.8
119,  95, 29.60455451, 94.74979809,   5.8
120,  95, 29.59961155, 94.74727903,   5.8
121,  95, 29.59462682, 94.74474235,   5.8
122,  95, 29.58959930, 94.74218753,   5.8
123,  95, 29.58452793, 94.73961402,   5.7
124,  95, 29.57941166, 94.73702132,   5.7
125,  95, 29.57424942, 94.73440888,   5.7
126,  95, 29.56904013, 94.73177616,   5.7
127,  95, 29.56378272, 94.72912263,  99.9
128,  95, 29.55847608, 94.72644775,  99.9
129,  95, 29.55311911, 94.72375095,  99.9
130,  95, 29.54771070, 94.72103169,   6.7
131,  95, 29.54224971, 94.71828940,   6.7
132,  95, 29.53673500, 94.71552354,   6.6
133,  95, 29.53116544, 94.71273352,   6.6
134,  95, 29.52553986, 94.70991878,   6.5
135,  95, 29.51985708, 94.70707874,   6.5
136,  95, 29.51411592, 94.70421282,   6.5
137,  95, 29.50831518, 94.70132042,   6.4
138,  95, 29.50245367, 94.69840097,   6.4
139,  95, 29.49653014, 94.69545386,   6.4
140,  95, 29.49054338, 94.69247848,   6.4
141,  95, 29.48449213, 94.68947424,   6.4
142,  95, 29.47837513, 94.68644051,   6.4
143,  95, 29.47219110, 94.68337667,   6.4
144,  95, 29.46593876, 94.68028211,   6.5
145,  95, 29.45961680, 94.67715618,   6.6
146,  95, 29.45322390, 94.67399825,   6.8
147,  95, 29.44675874, 94.67080767,   7.0
148,  95, 29.44021996, 94.66758380,   8.4
149,  95, 29.43360620, 94.66432597,   8.7
150,  95, 29.42691609, 94.66103352,   8.6
151,  95, 29.42014821, 94.65770579,   8.6
152,  95, 29.41330118, 94.65434208,   8.5
153,  95, 29.40637355, 94.65094173,   8.4
154,  95, 29.39936388, 94.64750403,   8.3
155,  95, 29.39227072, 94.64402828,   8.2
156,  95, 29.38509257, 94.64051379,   8.1
157,  95, 29.37782796, 94.63695983,   8.0
158,  95, 29.37047535, 94.63336568,   7.9
159,  95, 29.36303321, 94.62973062,   7.7
160,  95, 29.35550000, 94.62605390,   7.6
161,  95, 29.34787414, 94.62233478,   7.5
162,  95, 29.34015405, 94.61857251,   7.4
163,  95, 29.33233810, 94.61476632,   7.3
164,  95, 29.32442468, 94.61091543,   7.3
165,  95, 29.31641212, 94.60701908,   7.2
166,  95, 29.30829876, 94.60307647,   7.1
167,  95, 29.30008291, 94.59908681,   7.1
168,  95, 29.29176285, 94.59504928,   7.0
169,  95, 29.28333685, 94.59096307,   6.9
170,  95, 29.27480314, 94.58682736,   6.9
171,  95, 29.26615995, 94.58264130,   6.8
172,  95, 29.25740547, 94.57840406,   6.7
173,  95, 29.24853787, 94.57411479,   6.7
174,  95, 29.23955532, 94.56977260,   6.6
175,  95, 29.23045592, 94.56537664,   6.5
176,  95, 29.22123778, 94.56092601,   6.5
177,  95, 29.21189898, 94.55641982,   6.4
178,  95, 29.20243757, 94.55185716,   6.3
179,  95, 29.19285158, 94.54723712,   6.2
180,  95, 29.18313899, 94.54255876,   6.2
181,  95, 29.17329779, 94.53782115,   6.1
182,  95, 29.16332592, 94.53302333,   6.0
183,  95, 29.15322130, 94.52816434,   6.0
184,  95, 29.14298182, 94.52324321,   5.9
185,  95, 29.13260534, 94.51825895,   5.8
186,  95, 29.12208969, 94.51321057,   5.7
187,  95, 29.11143268, 94.50809705,   5.6
188,  95, 29.10063208, 94.50291737,   5.6
189,  95, 29.08968565, 94.49767049,   5.5
190,  95, 29.07859108, 94.49235537,   5.4
191,  95, 29.06734607, 94.48697094,   5.3
192,  95, 29.05594826, 94.48151613,   5.3
193,  95, 29.04439528, 94.47598986,   5.2
194,  95, 29.03268471, 94.47039101,   5.1
195,  95, 29.02081411, 94.46471849,   5.0
196,  95, 29.00878099, 94.45897115,   5.0
197,  95, 28.99658285, 94.45314785,   4.9
198,  95, 28.98421713, 94.44724745,   4.8
199,  95, 28.97168125, 94.44126876,   4.7
200,  95, 28.95897259, 94.43521059,   4.7
201,  95, 28.94608850, 94.42907176,   4.6
202,  95, 28.93302628, 94.42285104,   4.5
203,  95, 28.91978320, 94.41654720,   4.5
204,  95, 28.90635650, 94.41015899,   4.4
205,  95, 28.89274337, 94.40368515,   4.3
206,  95, 28.87894097, 94.39712441,   4.2
207,  95, 28.86494641, 94.39047546,   4.1
208,  95, 28.85075676, 94.38373699,   4.0
209,  95, 28.83636906, 94.37690769,   3.9
210,  95, 28.82178030, 94.36998619,   3.8
211,  95, 28.80698744, 94.36297115,   3.8
212,  95, 28.79198737, 94.35586118,   3.7
213,  95, 28.77677697, 94.34865488,   3.6
214,  95, 28.76135304, 94.34135085,   3.5
215,  95, 28.74571238, 94.33394764,   3.4
216,  95, 28.72985170, 94.32644382,   3.3
217,  95, 28.71376769, 94.31883790,   3.2
218,  95, 28.69745699, 94.31112841,   3.1
219,  95, 28.68091618, 94.30331384,   3.0
220,  95, 28.66414180, 94.29539265,   2.9
221,  95, 28.64713035, 94.28736332,   2.8
222,  95, 28.62987827, 94.27922427,   2.6
223,  95, 28.61238195, 94.27097392,   2.5
224,  95, 28.59463773, 94.26261067,   2.4
225,  95, 28.57664189, 94.25413289,   2.3
226,  95, 28.55839068, 94.24553893,   2.2
227,  95, 28.53988027, 94.23682714,   2.2
228,  95, 28.52110678, 94.22799582,   2.1
229,  95, 28.50206630, 94.21904327,   2.1
230,  95, 28.48275483, 94.20996776,   2.0
231,  95, 28.46316833, 94.20076753,   2.0
232,  95, 28.44330271, 94.19144081,   2.0
233,  95, 28.42315381, 94.18198581,   1.9
234,  95, 28.40271740, 94.17240071,   1.9
235,  95, 28.38198922, 94.16268366,   1.9
236,  95, 28.36096491, 94.15283280,   2.0
237,  95, 28.33964009, 94.14284625,   2.0
238,  95, 28.31801028, 94.13272208,   2.0
239,  95, 28.29607096, 94.12245837,   2.0
240,  95, 28.27381753, 94.11205316,   2.0
241,  95, 28.25124534, 94.10150445,   2.0
  1,  96, 30.15394395, 95.05258578,  99.9
  2,  96, 30.14747666, 95.04872667,  99.9
  3,  96, 30.14108153, 95.04491303,  99.9
  4,  96, 30.13475721, 95.04114405,  99.9
  5,  96, 30.12850241, 95.03741893,  99.9
  6,  96, 30.12231581, 95.03373688,  99.9
  7,  96, 30.11619615, 95.03009713,  99.9
  8,  96, 30.11014215, 95.02649889,  99.9
  9,  96, 30.10415255, 95.02294140,  99.9
 10,  96, 30.09822610, 95.01942391,  99.9
 11,  96, 30.09236160, 95.01594567,  99.9
 12,  96, 30.08655780, 95.01250595,  99.9
 13,  96, 30.08081351, 95.00910402,  99.9
 14,  96, 30.07512754, 95.00573916,  99.9
 15,  96, 30.06949871, 95.00241064,  99.9
 16,  96, 30.06392584, 94.99911778,  99.9
 17,  96, 30.05840779, 94.99585988,  99.9
 18,  96, 30.05294340, 94.99263623,  99.9
 19,  96, 30.04753155, 94.98944617,  99.9
 20,  96, 30.04217110, 94.98628902,  99.9
 21,  96, 30.03686095, 94.98316411,  99.9
 22,  96, 30.03159999, 94.98007078,  99.9
 23,  96, 30.02638713, 94.97700838,  99.9
 24,  96, 30.02122128, 94.97397626,  99.9
 25,  96, 30.01610139, 94.97097378,  99.9
 26,  96, 30.01102637, 94.96800031,  99.9
 27,  96, 30.00599518, 94.96505523,  99.9
 28,  96, 30.00100677, 94.96213790,  99.9
 29,  96, 29.99606011, 94.95924772,  99.9
 30,  96, 29.99115417, 94.95638407,  99.9
 31,  96, 29.98628793, 94.95354636,  99.9
 32,  96, 29.98146038, 94.95073399,  99.9
 33,  96, 29.97667051, 94.94794635,  99.9
 34,  96, 29.97191734, 94.94518288,  99.9
 35,  96, 29.96719987, 94.94244298,  99.9
 36,  96, 29.96251712, 94.93972608,  99.9
 37,  96, 29.95786812, 94.93703160,  99.9
 38,  96, 29.95325191, 94.93435899,  99.9
 39,  96, 29.94866752, 94.93170768,  99.9
 40,  96, 29.94411401, 94.92907711,  99.9
 41,  96, 29.93959042, 94.92646673,  99.9
 42,  96, 29.93509582, 94.92387599,  99.9
 43,  96, 29.93062927, 94.92130434,  99.9
 44,  96, 29.92618984, 94.91875126,  99.9
 45,  96, 29.92177662, 94.91621619,  99.9
 46,  96, 29.91738868, 94.91369862,  99.9
 47,  96, 29.91302511, 94.91119801,  99.9
 48,  96, 29.90868500, 94.90871383,  99.9
 49,  96, 29.90436746, 94.90624558,  99.9
 50,  96, 29.90007158, 94.90379272,  99.9
 51,  96, 29.89579648, 94.90135475,  99.9
 52,  96, 29.89154126, 94.89893115,  99.9
 53,  96, 29.88730503, 94.89652142,  99.9
 54,  96, 29.88308693, 94.89412505,  99.9
 55,  96, 29.87888606, 94.89174154,  99.9
 56,  96, 29.87470156, 94.88937040,  99.9
 57,  96, 29.87053256, 94.88701112,  99.9
 58,  96, 29.86637819, 94.88466321,  99.9
 59,  96, 29.86223758, 94.88232619,  99.9
 60,  96, 29.85810988, 94.87999956,  99.9
 61,  96, 29.85399423, 94.87768283,  99.9
 62,  96, 29.84988977, 94.87537553,  99.9
 63,  96, 29.84579565, 94.87307717,  99.9
 64,  96, 29.84171101, 94.87078727,  99.9
 65,  96, 29.83763500, 94.86850535,  99.9
 66,  96, 29.83356679, 94.86623094,  99.9
 67,  96, 29.82950552, 94.86396355,  99.9
 68,  96, 29.82545034, 94.86170273,  99.9
 69,  96, 29.82140042, 94.85944799,  99.9
 70,  96, 29.81735491, 94.85719887,  99.9
 71,  96, 29.81331297, 94.85495490,  99.9
 72,  96, 29.80927376, 94.85271561,  99.9
 73,  96, 29.80523644, 94.85048053,  99.9
 74,  96, 29.80120016, 94.84824919,  99.9
 75,  96, 29.79716410, 94.84602114,  99.9
 76,  96, 29.79312740, 94.84379591,  99.9
 77,  96, 29.78908923, 94.84157303,  99.9
 78,  96, 29.78504876, 94.83935204,  99.9
 79,  96, 29.78100513, 94.83713248,  99.9
 80,  96, 29.77695750, 94.83491389,  99.9
 81,  96, 29.77290504, 94.83269581,   5.8
 82,  96, 29.76884690, 94.83047777,   5.8
 83,  96, 29.76478224, 94.82825932,   5.8
 84,  96, 29.76071021, 94.82603999,   5.8
 85,  96, 29.75662996, 94.82381932,   5.9
 86,  96, 29.75254065, 94.82159685,   5.9
 87,  96, 29.74844142, 94.81937212,   5.9
 88,  96, 29.74433142, 94.81714467,   5.9
 89,  96, 29.74020979, 94.81491403,   5.9
 90,  96, 29.73607568, 94.81267974,   5.9
 91,  96, 29.73192823, 94.81044134,   5.9
 92,  96, 29.72776657, 94.80819837,   5.8
 93,  96, 29.72358983, 94.80595035,   5.8
 94,  96, 29.71939715, 94.80369682,   5.8
 95,  96, 29.71518765, 94.80143732,   5.8
 96,  96, 29.71096047, 94.79917137,   5.8
 97,  96, 29.70671470, 94.79689851,   5.8
 98,  96, 29.70244949, 94.79461827,   5.8
 99,  96, 29.69816392, 94.79233016,   5.8
100,  96, 29.69385713, 94.79003373,   5.8
101,  96, 29.68952819, 94.78772850,   5.8
102,  96, 29.68517622, 94.78541398,   5.8
103,  96, 29.68080032, 94.78308970,   5.8
104,  96, 29.67639955, 94.78075518,   5.8
105,  96, 29.67197302, 94.77840993,   5.8
106,  96, 29.66751980, 94.77605348,   5.8
107,  96, 29.66303896, 94.77368532,   5.8
108,  96, 29.65852957, 94.77130498,   5.8
109,  96, 29.65399069, 94.76891197,   5.8
110,  96, 29.64942138, 94.76650578,   5.8
111,  96, 29.64482067, 94.76408592,   5.8
112,  96, 29.64018762, 94.76165190,   5.8
113,  96, 29.63552126, 94.75920320,   5.8
114,  96, 29.63082062, 94.75673933,   5.8
115,  96, 29.62608472, 94.75425978,   5.8
116,  96, 29.62131256, 94.75176403,   5.8
117,  96, 29.61650317, 94.74925158,   5.8
118,  96, 29.61165553, 94.74672189,   5.8
119,  96, 29.60676864, 94.74417446,   5.8
120,  96, 29.60184147, 94.74160876,   5.8
121,  96, 29.59687301, 94.73902426,   5.7
122,  96, 29.59186221, 94.73642042,   5.7
123,  96, 29.58680803, 94.73379672,   5.7
124,  96, 29.58170943, 94.73115260,   5.7
125,  96, 29.57656533, 94.72848754,   5.7
126,  96, 29.57137466, 94.72580098,   5.7
127,  96, 29.56613635, 94.72309236,  99.9
128,  96, 29.56084930, 94.72036114,  99.9
129,  96, 29.55551241, 94.71760675,   6.8
130,  96, 29.55012457, 94.71482863,   6.8
131,  96, 29.54468465, 94.71202620,   6.7
132,  96, 29.53919152, 94.70919890,   6.6
133,  96, 29.53364404, 94.70634613,   6.6
134,  96, 29.52804105, 94.70346732,   6.6
135,  96, 29.52238138, 94.70056188,   6.5
136,  96, 29.51666386, 94.69762921,   6.5
137,  96, 29.51088728, 94.69466871,   6.5
138,  96, 29.50505046, 94.69167977,   6.4
139,  96, 29.49915216, 94.68866178,   6.4
140,  96, 29.49319116, 94.68561413,   6.4
141,  96, 29.48716622, 94.68253619,   6.4
142,  96, 29.48107609, 94.67942733,   6.4
143,  96, 29.47491948, 94.67628692,   6.4
144,  96, 29.46869512, 94.67311432,   6.5
145,  96, 29.46240172, 94.66990887,   6.7
146,  96, 29.45603795, 94.66666992,   7.0
147,  96, 29.44960249, 94.66339682,   7.4
148,  96, 29.44309400, 94.66008889,   8.5
149,  96, 29.43651113, 94.65674546,   8.6
150,  96, 29.42985250, 94.65336585,   8.6
151,  96, 29.42311671, 94.64994936,   8.6
152,  96, 29.41630237, 94.64649531,   8.5
153,  96, 29.40940806, 94.64300299,   8.4
154,  96, 29.40243234, 94.63947169,   8.3
155,  96, 29.39537374, 94.63590069,   8.2
156,  96, 29.38823081, 94.63228926,   8.1
157,  96, 29.38100205, 94.62863668,   7.9
158,  96, 29.37368595, 94.62494219,   7.8
159,  96, 29.36628098, 94.62120505,   7.7
160,  96, 29.35878561, 94.61742450,   7.6
161,  96, 29.35119826, 94.61359977,   7.4
162,  96, 29.34351736, 94.60973009,   7.3
163,  96, 29.33574130, 94.60581467,   7.3
164,  96, 29.32786846, 94.60185272,   7.2
165,  96, 29.31989719, 94.59784344,   7.2
166,  96, 29.31182584, 94.59378601,   7.1
167,  96, 29.30365272, 94.58967961,   7.0
168,  96, 29.29537612, 94.58552342,   7.0
169,  96, 29.28699432, 94.58131659,   6.9
170,  96, 29.27850557, 94.57705827,   6.8
171,  96, 29.26990809, 94.57274760,   6.8
172,  96, 29.26120009, 94.56838372,   6.7
173,  96, 29.25237976, 94.56396573,   6.6
174,  96, 29.24344525, 94.55949276,   6.6
175,  96, 29.23439469, 94.55496390,   6.5
176,  96, 29.22522621, 94.55037823,   6.4
177,  96, 29.21593788, 94.54573484,   6.4
178,  96, 29.20652776, 94.54103279,   6.3
179,  96, 29.19699389, 94.53627113,   6.2
180,  96, 29.18733428, 94.53144891,   6.1
181,  96, 29.17754692, 94.52656515,   6.1
182,  96, 29.16762975, 94.52161889,   6.0
183,  96, 29.15758071, 94.51660911,   5.9
184,  96, 29.14739770, 94.51153483,   5.8
185,  96, 29.13707860, 94.50639502,   5.8
186,  96, 29.12662124, 94.50118866,   5.7
187,  96, 29.11602344, 94.49591469,   5.6
188,  96, 29.10528300, 94.49057207,   5.5
189,  96, 29.09439766, 94.48515973,   5.4
190,  96, 29.08336515, 94.47967659,   5.4
191,  96, 29.07218318, 94.47412154,   5.3
192,  96, 29.06084939, 94.46849349,   5.2
193,  96, 29.04936143, 94.46279131,   5.2
194,  96, 29.03771689, 94.45701387,   5.1
195,  96, 29.02591334, 94.45116001,   5.0
196,  96, 29.01394832, 94.44522856,   4.9
197,  96, 29.00181932, 94.43921836,   4.9
198,  96, 28.98952381, 94.43312820,   4.8
199,  96, 28.97705921, 94.42695687,   4.7
200,  96, 28.96442294, 94.42070315,   4.6
201,  96, 28.95161233, 94.41436581,   4.6
202,  96, 28.93862472, 94.40794357,   4.5
203,  96, 28.92545740, 94.40143518,   4.5
204,  96, 28.91210760, 94.39483935,   4.4
205,  96, 28.89857254, 94.38815476,   4.3
206,  96, 28.88484938, 94.38138010,   4.2
207,  96, 28.87093526, 94.37451403,   4.1
208,  96, 28.85682728, 94.36755520,   4.0
209,  96, 28.84252247, 94.36050224,   3.9
210,  96, 28.82801784, 94.35335375,   3.8
211,  96, 28.81331038, 94.34610833,   3.7
212,  96, 28.79839699, 94.33876456,   3.6
213,  96, 28.78327456, 94.33132099,   3.6
214,  96, 28.76793992, 94.32377616,   3.5
215,  96, 28.75238987, 94.31612860,   3.4
216,  96, 28.73662116, 94.30837679,   3.3
217,  96, 28.72063049, 94.30051924,   3.2
218,  96, 28.70441450, 94.29255439,   3.1
219,  96, 28.68796981, 94.28448070,   3.0
220,  96, 28.67129298, 94.27629658,   2.9
221,  96, 28.65438052, 94.26800044,   2.8
222,  96, 28.63722889, 94.25959067,   2.6
223,  96, 28.61983449, 94.25106563,   2.5
224,  96, 28.60219369, 94.24242365,   2.4
225,  96, 28.58430280, 94.23366306,   2.3
226,  96, 28.56615807, 94.22478217,   2.2
227,  96, 28.54775570, 94.21577924,   2.2
228,  96, 28.52909184, 94.20665254,   2.1
229,  96, 28.51016259, 94.19740030,   2.0
230,  96, 28.49096397, 94.18802072,   2.0
231,  96, 28.47149198, 94.17851201,   2.0
232,  96, 28.45174252, 94.16887233,   2.0
233,  96, 28.43171148, 94.15909981,   1.9
234,  96, 28.41139464, 94.14919258,   1.9
235,  96, 28.39078776, 94.13914874,   1.9
236,  96, 28.36988653, 94.12896635,   1.9
237,  96, 28.34868655, 94.11864346,   2.0
238,  96, 28.32718340, 94.10817811,   2.0
239,  96, 28.30537257, 94.09756828,   2.0
240,  96, 28.28324948, 94.08681194,   2.0
241,  96, 28.26080951, 94.07590705,   2.0
  1,  97, 30.15728077, 95.04507954,  99.9
  2,  97, 30.15077451, 95.04130511,  99.9
  3,  97, 30.14434109, 95.03757459,  99.9
  4,  97, 30.13797918, 95.03388720,  99.9
  5,  97, 30.13168745, 95.03024215,  99.9
  6,  97, 30.12546461, 95.02663866,  99.9
  7,  97, 30.11930936, 95.02307598,  99.9
  8,  97, 30.11322042, 95.01955334,  99.9
  9,  97, 30.10719653, 95.01607000,  99.9
 10,  97, 30.10123644, 95.01262521,  99.9
 11,  97, 30.09533891, 95.00921826,  99.9
 12,  97, 30.08950272, 95.00584842,  99.9
 13,  97, 30.08372666, 95.00251496,  99.9
 14,  97, 30.07800952, 94.99921720,  99.9
 15,  97, 30.07235013, 94.99595442,  99.9
 16,  97, 30.06674731, 94.99272595,  99.9
 17,  97, 30.06119988, 94.98953108,  99.9
 18,  97, 30.05570671, 94.98636916,  99.9
 19,  97, 30.05026665, 94.98323951,  99.9
 20,  97, 30.04487858, 94.98014147,  99.9
 21,  97, 30.03954136, 94.97707439,  99.9
 22,  97, 30.03425390, 94.97403761,  99.9
 23,  97, 30.02901509, 94.97103050,  99.9
 24,  97, 30.02382386, 94.96805242,  99.9
 25,  97, 30.01867911, 94.96510274,  99.9
 26,  97, 30.01357978, 94.96218085,  99.9
 27,  97, 30.00852482, 94.95928611,  99.9
 28,  97, 30.00351317, 94.95641794,  99.9
 29,  97, 29.99854379, 94.95357571,  99.9
 30,  97, 29.99361565, 94.95075884,  99.9
 31,  97, 29.98872772, 94.94796672,  99.9
 32,  97, 29.98387900, 94.94519877,  99.9
 33,  97, 29.97906846, 94.94245441,  99.9
 34,  97, 29.97429512, 94.93973306,  99.9
 35,  97, 29.96955798, 94.93703415,  99.9
 36,  97, 29.96485606, 94.93435710,  99.9
 37,  97, 29.96018838, 94.93170136,  99.9
 38,  97, 29.95555396, 94.92906637,  99.9
 39,  97, 29.95095186, 94.92645158,  99.9
 40,  97, 29.94638110, 94.92385642,  99.9
 41,  97, 29.94184074, 94.92128037,  99.9
 42,  97, 29.93732984, 94.91872288,  99.9
 43,  97, 29.93284746, 94.91618341,  99.9
 44,  97, 29.92839267, 94.91366143,  99.9
 45,  97, 29.92396453, 94.91115640,  99.9
 46,  97, 29.91956214, 94.90866782,  99.9
 47,  97, 29.91518457, 94.90619514,  99.9
 48,  97, 29.91083092, 94.90373786,  99.9
 49,  97, 29.90650028, 94.90129545,  99.9
 50,  97, 29.90219175, 94.89886742,  99.9
 51,  97, 29.89790444, 94.89645324,  99.9
 52,  97, 29.89363745, 94.89405241,  99.9
 53,  97, 29.88938989, 94.89166444,  99.9
 54,  97, 29.88516089, 94.88928881,  99.9
 55,  97, 29.88094956, 94.88692504,  99.9
 56,  97, 29.87675503, 94.88457263,  99.9
 57,  97, 29.87257642, 94.88223108,  99.9
 58,  97, 29.86841287, 94.87989991,  99.9
 59,  97, 29.86426351, 94.87757862,  99.9
 60,  97, 29.86012748, 94.87526674,  99.9
 61,  97, 29.85600391, 94.87296378,  99.9
 62,  97, 29.85189196, 94.87066927,  99.9
 63,  97, 29.84779076, 94.86838271,  99.9
 64,  97, 29.84369946, 94.86610363,  99.9
 65,  97, 29.83961721, 94.86383156,  99.9
 66,  97, 29.83554316, 94.86156602,  99.9
 67,  97, 29.83147647, 94.85930655,  99.9
 68,  97, 29.82741629, 94.85705266,  99.9
 69,  97, 29.82336177, 94.85480389,  99.9
 70,  97, 29.81931206, 94.85255977,  99.9
 71,  97, 29.81526634, 94.85031983,  99.9
 72,  97, 29.81122375, 94.84808360,  99.9
 73,  97, 29.80718346, 94.84585063,  99.9
 74,  97, 29.80314462, 94.84362044,  99.9
 75,  97, 29.79910639, 94.84139256,  99.9
 76,  97, 29.79506794, 94.83916654,  99.9
 77,  97, 29.79102842, 94.83694192,  99.9
 78,  97, 29.78698699, 94.83471822,  99.9
 79,  97, 29.78294281, 94.83249499,  99.9
 80,  97, 29.77889505, 94.83027176,  99.9
 81,  97, 29.77484285, 94.82804807,   5.8
 82,  97, 29.77078537, 94.82582346,   5.8
 83,  97, 29.76672178, 94.82359747,   5.8
 84,  97, 29.76265122, 94.82136963,   5.8
 85,  97, 29.75857284, 94.81913948,   5.8
 86,  97, 29.75448581, 94.81690656,   5.9
 87,  97, 29.75038926, 94.81467041,   5.9
 88,  97, 29.74628234, 94.81243055,   5.8
 89,  97, 29.74216421, 94.81018653,   5.8
 90,  97, 29.73803399, 94.80793787,   5.8
 91,  97, 29.73389084, 94.80568412,   5.8
 92,  97, 29.72973389, 94.80342480,   5.8
 93,  97, 29.72556228, 94.80115945,   5.8
 94,  97, 29.72137513, 94.79888760,   5.8
 95,  97, 29.71717157, 94.79660877,   5.8
 96,  97, 29.71295074, 94.79432249,   5.8
 97,  97, 29.70871174, 94.79202830,   5.8
 98,  97, 29.70445371, 94.78972571,   5.8
 99,  97, 29.70017574, 94.78741425,   5.8
100,  97, 29.69587696, 94.78509343,   5.8
101,  97, 29.69155646, 94.78276279,   5.8
102,  97, 29.68721335, 94.78042183,   5.8
103,  97, 29.68284671, 94.77807008,   5.8
104,  97, 29.67845565, 94.77570704,   5.8
105,  97, 29.67403925, 94.77333223,   5.8
106,  97, 29.66959659, 94.77094516,   5.8
107,  97, 29.66512673, 94.76854533,   5.8
108,  97, 29.66062876, 94.76613224,   5.8
109,  97, 29.65610174, 94.76370541,   5.8
110,  97, 29.65154472, 94.76126433,   5.8
111,  97, 29.64695674, 94.75880849,   5.8
112,  97, 29.64233687, 94.75633739,   5.8
113,  97, 29.63768413, 94.75385051,   5.8
114,  97, 29.63299756, 94.75134736,   5.8
115,  97, 29.62827617, 94.74882740,   5.8
116,  97, 29.62351899, 94.74629012,   5.8
117,  97, 29.61872503, 94.74373499,   5.8
118,  97, 29.61389328, 94.74116150,   5.7
119,  97, 29.60902274, 94.73856911,   5.7
120,  97, 29.60411240, 94.73595728,   5.7
121,  97, 29.59916122, 94.73332549,   5.7
122,  97, 29.59416819, 94.73067318,   5.7
123,  97, 29.58913225, 94.72799981,   5.7
124,  97, 29.58405237, 94.72530484,   5.7
125,  97, 29.57892748, 94.72258770,   5.6
126,  97, 29.57375651, 94.71984784,   5.6
127,  97, 29.56853838, 94.71708470,  99.9
128,  97, 29.56327201, 94.71429771,  99.9
129,  97, 29.55795631, 94.71148630,   6.8
130,  97, 29.55259016, 94.70864988,   6.8
131,  97, 29.54717244, 94.70578788,   6.7
132,  97, 29.54170203, 94.70289972,   6.7
133,  97, 29.53617778, 94.69998479,   6.6
134,  97, 29.53059854, 94.69704250,   6.6
135,  97, 29.52496316, 94.69407225,   6.6
136,  97, 29.51927045, 94.69107343,   6.5
137,  97, 29.51351923, 94.68804542,   6.5
138,  97, 29.50770830, 94.68498761,   6.5
139,  97, 29.50183645, 94.68189937,   6.4
140,  97, 29.49590245, 94.67878007,   6.5
141,  97, 29.48990507, 94.67562906,   6.5
142,  97, 29.48384306, 94.67244571,   6.4
143,  97, 29.47771515, 94.66922937,   6.5
144,  97, 29.47152007, 94.66597937,   6.6
145,  97, 29.46525651, 94.66269506,   6.8
146,  97, 29.45892319, 94.65937576,   7.0
147,  97, 29.45251877, 94.65602079,   7.5
148,  97, 29.44604192, 94.65262948,   8.4
149,  97, 29.43949129, 94.64920113,   8.6
150,  97, 29.43286552, 94.64573504,   8.6
151,  97, 29.42616321, 94.64223050,   8.5
152,  97, 29.41938298, 94.63868681,   8.4
153,  97, 29.41252341, 94.63510323,   8.3
154,  97, 29.40558307, 94.63147905,   8.2
155,  97, 29.39856051, 94.62781352,   8.1
156,  97, 29.39145426, 94.62410590,   8.0
157,  97, 29.38426284, 94.62035543,   7.9
158,  97, 29.37698476, 94.61656135,   7.8
159,  97, 29.36961850, 94.61272289,   7.7
160,  97, 29.36216251, 94.60883928,   7.5
161,  97, 29.35461524, 94.60490972,   7.4
162,  97, 29.34697512, 94.60093341,   7.3
163,  97, 29.33924055, 94.59690956,   7.2
164,  97, 29.33140992, 94.59283735,   7.2
165,  97, 29.32348159, 94.58871594,   7.1
166,  97, 29.31545391, 94.58454451,   7.1
167,  97, 29.30732521, 94.58032221,   7.0
168,  97, 29.29909378, 94.57604819,   6.9
169,  97, 29.29075791, 94.57172159,   6.9
170,  97, 29.28231586, 94.56734152,   6.8
171,  97, 29.27376587, 94.56290711,   6.7
172,  97, 29.26510615, 94.55841746,   6.7
173,  97, 29.25633489, 94.55387167,   6.6
174,  97, 29.24745027, 94.54926881,   6.5
175,  97, 29.23845042, 94.54460796,   6.5
176,  97, 29.22933347, 94.53988818,   6.4
177,  97, 29.22009752, 94.53510852,   6.3
178,  97, 29.21074063, 94.53026802,   6.3
179,  97, 29.20126086, 94.52536570,   6.2
180,  97, 29.19165622, 94.52040059,   6.1
181,  97, 29.18192470, 94.51537167,   6.0
182,  97, 29.17206428, 94.51027795,   6.0
183,  97, 29.16207289, 94.50511839,   5.9
184,  97, 29.15194845, 94.49989198,   5.8
185,  97, 29.14168884, 94.49459764,   5.7
186,  97, 29.13129192, 94.48923434,   5.6
187,  97, 29.12075552, 94.48380099,   5.6
188,  97, 29.11007744, 94.47829650,   5.5
189,  97, 29.09925543, 94.47271978,   5.4
190,  97, 29.08828726, 94.46706970,   5.3
191,  97, 29.07717061, 94.46134515,   5.3
192,  97, 29.06590317, 94.45554498,   5.2
193,  97, 29.05448259, 94.44966803,   5.1
194,  97, 29.04290647, 94.44371314,   5.1
195,  97, 29.03117240, 94.43767910,   5.0
196,  97, 29.01927792, 94.43156474,   4.9
197,  97, 29.00722056, 94.42536881,   4.8
198,  97, 28.99499778, 94.41909011,   4.8
199,  97, 28.98260703, 94.41272737,   4.7
200,  97, 28.97004573, 94.40627934,   4.6
201,  97, 28.95731124, 94.39974474,   4.6
202,  97, 28.94440090, 94.39312226,   4.5
203,  97, 28.93131202, 94.38641061,   4.5
204,  97, 28.91804186, 94.37960845,   4.4
205,  97, 28.90458763, 94.37271443,   4.3
206,  97, 28.89094654, 94.36572720,   4.2
207,  97, 28.87711572, 94.35864537,   4.1
208,  97, 28.86309228, 94.35146754,   4.0
209,  97, 28.84887328, 94.34419231,   3.9
210,  97, 28.83445576, 94.33681824,   3.8
211,  97, 28.81983670, 94.32934387,   3.7
212,  97, 28.80501304, 94.32176774,   3.6
213,  97, 28.78998167, 94.31408836,   3.5
214,  97, 28.77473946, 94.30630421,   3.4
215,  97, 28.75928321, 94.29841378,   3.3
216,  97, 28.74360968, 94.29041552,   3.3
217,  97, 28.72771561, 94.28230786,   3.2
218,  97, 28.71159765, 94.27408922,   3.1
219,  97, 28.69525244, 94.26575798,   3.0
220,  97, 28.67867656, 94.25731252,   2.9
221,  97, 28.66186653, 94.24875120,   2.7
222,  97, 28.64481884, 94.24007234,   2.6
223,  97, 28.62752991, 94.23127426,   2.5
224,  97, 28.60999614, 94.22235524,   2.4
225,  97, 28.59221383, 94.21331355,   2.3
226,  97, 28.57417928, 94.20414743,   2.2
227,  97, 28.55588871, 94.19485512,   2.2
228,  97, 28.53733827, 94.18543480,   2.1
229,  97, 28.51852410, 94.17588465,   2.0
230,  97, 28.49944224, 94.16620283,   2.0
231,  97, 28.48008871, 94.15638747,   2.0
232,  97, 28.46045943, 94.14643667,   1.9
233,  97, 28.44055032, 94.13634851,   1.9
234,  97, 28.42035718, 94.12612107,   1.9
235,  97, 28.39987579, 94.11575235,   1.9
236,  97, 28.37910187, 94.10524039,   1.9
237,  97, 28.35803104, 94.09458315,   2.0
238,  97, 28.33665891, 94.08377861,   2.0
239,  97, 28.31498098, 94.07282468,   2.0
240,  97, 28.29299272, 94.06171928,   2.0
241,  97, 28.27068952, 94.05046028,   2.0
  1,  98, 30.16054286, 95.03752858,  99.9
  2,  98, 30.15399898, 95.03383963,  99.9
  3,  98, 30.14752863, 95.03019303,  99.9
  4,  98, 30.14113045, 95.02658801,  99.9
  5,  98, 30.13480312, 95.02302379,  99.9
  6,  98, 30.12854533, 95.01949963,  99.9
  7,  98, 30.12235577, 95.01601478,  99.9
  8,  98, 30.11623317, 95.01256849,  99.9
  9,  98, 30.11017625, 95.00916004,  99.9
 10,  98, 30.10418376, 95.00578869,  99.9
 11,  98, 30.09825444, 95.00245374,  99.9
 12,  98, 30.09238708, 94.99915449,  99.9
 13,  98, 30.08658045, 94.99589022,  99.9
 14,  98, 30.08083335, 94.99266025,  99.9
 15,  98, 30.07514459, 94.98946390,  99.9
 16,  98, 30.06951297, 94.98630049,  99.9
 17,  98, 30.06393734, 94.98316935,  99.9
 18,  98, 30.05841653, 94.98006982,  99.9
 19,  98, 30.05294941, 94.97700124,  99.9
 20,  98, 30.04753482, 94.97396297,  99.9
 21,  98, 30.04217166, 94.97095436,  99.9
 22,  98, 30.03685880, 94.96797477,  99.9
 23,  98, 30.03159515, 94.96502358,  99.9
 24,  98, 30.02637960, 94.96210017,  99.9
 25,  98, 30.02121108, 94.95920392,  99.9
 26,  98, 30.01608851, 94.95633421,  99.9
 27,  98, 30.01101083, 94.95349045,  99.9
 28,  98, 30.00597698, 94.95067203,  99.9
 29,  98, 30.00098592, 94.94787836,  99.9
 30,  98, 29.99603661, 94.94510884,  99.9
 31,  98, 29.99112802, 94.94236291,  99.9
 32,  98, 29.98625913, 94.93963997,  99.9
 33,  98, 29.98142893, 94.93693946,  99.9
 34,  98, 29.97663642, 94.93426081,  99.9
 35,  98, 29.97188060, 94.93160345,  99.9
 36,  98, 29.96716048, 94.92896682,  99.9
 37,  98, 29.96247509, 94.92635037,  99.9
 38,  98, 29.95782344, 94.92375356,  99.9
 39,  98, 29.95320457, 94.92117583,  99.9
 40,  98, 29.94861753, 94.91861664,  99.9
 41,  98, 29.94406135, 94.91607546,  99.9
 42,  98, 29.93953509, 94.91355175,  99.9
 43,  98, 29.93503781, 94.91104499,  99.9
 44,  98, 29.93056858, 94.90855464,  99.9
 45,  98, 29.92612646, 94.90608018,  99.9
 46,  98, 29.92171054, 94.90362110,  99.9
 47,  98, 29.91731989, 94.90117688,  99.9
 48,  98, 29.91295360, 94.89874700,  99.9
 49,  98, 29.90861076, 94.89633097,  99.9
 50,  98, 29.90429048, 94.89392826,  99.9
 51,  98, 29.89999185, 94.89153838,  99.9
 52,  98, 29.89571398, 94.88916083,  99.9
 53,  98, 29.89145597, 94.88679511,  99.9
 54,  98, 29.88721695, 94.88444073,  99.9
 55,  98, 29.88299604, 94.88209718,  99.9
 56,  98, 29.87879235, 94.87976399,  99.9
 57,  98, 29.87460500, 94.87744066,  99.9
 58,  98, 29.87043314, 94.87512671,  99.9
 59,  98, 29.86627589, 94.87282165,  99.9
 60,  98, 29.86213239, 94.87052501,  99.9
 61,  98, 29.85800177, 94.86823630,  99.9
 62,  98, 29.85388318, 94.86595504,  99.9
 63,  98, 29.84977576, 94.86368076,  99.9
 64,  98, 29.84567865, 94.86141299,  99.9
 65,  98, 29.84159101, 94.85915124,  99.9
 66,  98, 29.83751198, 94.85689505,  99.9
 67,  98, 29.83344071, 94.85464395,  99.9
 68,  98, 29.82937636, 94.85239747,  99.9
 69,  98, 29.82531809, 94.85015513,  99.9
 70,  98, 29.82126504, 94.84791648,  99.9
 71,  98, 29.81721637, 94.84568104,  99.9
 72,  98, 29.81317125, 94.84344835,  99.9
 73,  98, 29.80912882, 94.84121795,  99.9
 74,  98, 29.80508826, 94.83898936,  99.9
 75,  98, 29.80104871, 94.83676213,  99.9
 76,  98, 29.79700934, 94.83453579,  99.9
 77,  98, 29.79296931, 94.83230988,  99.9
 78,  98, 29.78892777, 94.83008393,  99.9
 79,  98, 29.78488389, 94.82785749,  99.9
 80,  98, 29.78083682, 94.82563008,  99.9
 81,  98, 29.77678573, 94.82340125,   5.7
 82,  98, 29.77272976, 94.82117054,   5.7
 83,  98, 29.76866807, 94.81893747,   5.8
 84,  98, 29.76459983, 94.81670158,   5.8
 85,  98, 29.76052417, 94.81446242,   5.8
 86,  98, 29.75644026, 94.81221951,   5.8
 87,  98, 29.75234725, 94.80997239,   5.8
 88,  98, 29.74824427, 94.80772059,   5.8
 89,  98, 29.74413049, 94.80546365,   5.8
 90,  98, 29.74000503, 94.80320110,   5.8
 91,  98, 29.73586704, 94.80093246,   5.8
 92,  98, 29.73171567, 94.79865727,   5.8
 93,  98, 29.72755004, 94.79637506,   5.8
 94,  98, 29.72336929, 94.79408535,   5.8
 95,  98, 29.71917255, 94.79178767,   5.8
 96,  98, 29.71495895, 94.78948154,   5.8
 97,  98, 29.71072760, 94.78716648,   5.8
 98,  98, 29.70647763, 94.78484202,   5.8
 99,  98, 29.70220815, 94.78250768,   5.8
100,  98, 29.69791828, 94.78016296,   5.8
101,  98, 29.69360711, 94.77780739,   5.8
102,  98, 29.68927375, 94.77544048,   5.8
103,  98, 29.68491730, 94.77306174,   5.8
104,  98, 29.68053686, 94.77067067,   5.8
105,  98, 29.67613150, 94.76826679,   5.8
106,  98, 29.67170031, 94.76584959,   5.8
107,  98, 29.66724238, 94.76341858,   5.8
108,  98, 29.66275676, 94.76097325,   5.8
109,  98, 29.65824253, 94.75851311,   5.8
110,  98, 29.65369874, 94.75603763,   5.8
111,  98, 29.64912446, 94.75354631,   5.8
112,  98, 29.64451872, 94.75103865,   5.8
113,  98, 29.63988057, 94.74851411,   5.7
114,  98, 29.63520903, 94.74597218,   5.7
115,  98, 29.63050315, 94.74341233,   5.7
116,  98, 29.62576193, 94.74083404,   5.7
117,  98, 29.62098439, 94.73823678,   5.7
118,  98, 29.61616954, 94.73562001,   5.7
119,  98, 29.61131636, 94.73298319,   5.7
120,  98, 29.60642385, 94.73032578,   5.7
121,  98, 29.60149100, 94.72764723,   5.7
122,  98, 29.59651676, 94.72494700,   5.7
123,  98, 29.59150011, 94.72222452,   5.7
124,  98, 29.58644000, 94.71947923,   5.6
125,  98, 29.58133538, 94.71671058,   5.6
126,  98, 29.57618517, 94.71391799,   5.6
127,  98, 29.57098832, 94.71110089,  99.9
128,  98, 29.56574373, 94.70825870,  99.9
129,  98, 29.56045031, 94.70539084,   6.8
130,  98, 29.55510696, 94.70249671,   6.8
131,  98, 29.54971256, 94.69957573,   6.7
132,  98, 29.54426600, 94.69662730,   6.7
133,  98, 29.53876612, 94.69365080,   6.6
134,  98, 29.53321180, 94.69064564,   6.6
135,  98, 29.52760187, 94.68761119,   6.6
136,  98, 29.52193515, 94.68454683,   6.5
137,  98, 29.51621048, 94.68145194,   6.5
138,  98, 29.51042665, 94.67832589,   6.5
139,  98, 29.50458246, 94.67516802,   6.5
140,  98, 29.49867670, 94.67197770,   6.5
141,  98, 29.49270812, 94.66875427,   6.5
142,  98, 29.48667549, 94.66549708,   6.5
143,  98, 29.48057754, 94.66220546,   6.5
144,  98, 29.47441301, 94.65887874,   6.6
145,  98, 29.46818061, 94.65551623,   6.8
146,  98, 29.46187903, 94.65211726,   7.0
147,  98, 29.45550698, 94.64868112,   7.3
148,  98, 29.44906310, 94.64520711,   8.5
149,  98, 29.44254608, 94.64169454,   8.6
150,  98, 29.43595453, 94.63814268,   8.6
151,  98, 29.42928709, 94.63455080,   8.5
152,  98, 29.42254237, 94.63091819,   8.4
153,  98, 29.41571896, 94.62724409,   8.3
154,  98, 29.40881543, 94.62352776,   8.2
155,  98, 29.40183035, 94.61976844,   8.1
156,  98, 29.39476226, 94.61596537,   8.0
157,  98, 29.38760968, 94.61211778,   7.9
158,  98, 29.38037112, 94.60822488,   7.7
159,  98, 29.37304507, 94.60428589,   7.6
160,  98, 29.36563001, 94.60030000,   7.5
161,  98, 29.35812438, 94.59626640,   7.4
162,  98, 29.35052661, 94.59218428,   7.3
163,  98, 29.34283513, 94.58805281,   7.2
164,  98, 29.33504832, 94.58387116,   7.1
165,  98, 29.32716457, 94.57963846,   7.1
166,  98, 29.31918222, 94.57535388,   7.0
167,  98, 29.31109961, 94.57101654,   7.0
168,  98, 29.30291505, 94.56662556,   6.9
169,  98, 29.29462683, 94.56218005,   6.8
170,  98, 29.28623323, 94.55767913,   6.7
171,  98, 29.27773249, 94.55312187,   6.7
172,  98, 29.26912283, 94.54850736,   6.6
173,  98, 29.26040246, 94.54383466,   6.6
174,  98, 29.25156955, 94.53910284,   6.5
175,  98, 29.24262227, 94.53431095,   6.4
176,  98, 29.23355874, 94.52945800,   6.4
177,  98, 29.22437707, 94.52454304,   6.3
178,  98, 29.21507534, 94.51956506,   6.2
179,  98, 29.20565161, 94.51452308,   6.1
180,  98, 29.19610391, 94.50941606,   6.1
181,  98, 29.18643024, 94.50424300,   6.0
182,  98, 29.17662860, 94.49900284,   5.9
183,  98, 29.16669692, 94.49369454,   5.8
184,  98, 29.15663313, 94.48831703,   5.8
185,  98, 29.14643513, 94.48286924,   5.7
186,  98, 29.13610079, 94.47735007,   5.6
187,  98, 29.12562795, 94.47175841,   5.5
188,  98, 29.11501442, 94.46609316,   5.5
189,  98, 29.10425798, 94.46035317,   5.4
190,  98, 29.09335638, 94.45453730,   5.3
191,  98, 29.08230735, 94.44864438,   5.2
192,  98, 29.07110857, 94.44267325,   5.2
193,  98, 29.05975771, 94.43662270,   5.1
194,  98, 29.04825240, 94.43049154,   5.0
195,  98, 29.03659021, 94.42427854,   5.0
196,  98, 29.02476873, 94.41798246,   4.9
197,  98, 29.01278547, 94.41160205,   4.8
198,  98, 29.00063793, 94.40513605,   4.7
199,  98, 28.98832357, 94.39858317,   4.7
200,  98, 28.97583982, 94.39194210,   4.6
201,  98, 28.96318405, 94.38521153,   4.6
202,  98, 28.95035364, 94.37839013,   4.5
203,  98, 28.93734589, 94.37147654,   4.4
204,  98, 28.92415808, 94.36446940,   4.4
205,  98, 28.91078745, 94.35736731,   4.3
206,  98, 28.89723120, 94.35016888,   4.2
207,  98, 28.88348651, 94.34287269,   4.1
208,  98, 28.86955049, 94.33547729,   4.0
209,  98, 28.85542022, 94.32798122,   3.9
210,  98, 28.84109276, 94.32038301,   3.8
211,  98, 28.82656510, 94.31268116,   3.7
212,  98, 28.81183419, 94.30487416,   3.6
213,  98, 28.79689696, 94.29696048,   3.5
214,  98, 28.78175029, 94.28893855,   3.4
215,  98, 28.76639099, 94.28080680,   3.3
216,  98, 28.75081586, 94.27256365,   3.2
217,  98, 28.73502163, 94.26420747,   3.1
218,  98, 28.71900499, 94.25573663,   3.0
219,  98, 28.70276260, 94.24714947,   2.9
220,  98, 28.68629104, 94.23844432,   2.8
221,  98, 28.66958688, 94.22961948,   2.7
222,  98, 28.65264661, 94.22067323,   2.6
223,  98, 28.63546668, 94.21160382,   2.5
224,  98, 28.61804349, 94.20240949,   2.4
225,  98, 28.60037340, 94.19308845,   2.3
226,  98, 28.58245271, 94.18363890,   2.2
227,  98, 28.56427765, 94.17405899,   2.2
228,  98, 28.54584442, 94.16434687,   2.1
229,  98, 28.52714915, 94.15450067,   2.0
230,  98, 28.50818794, 94.14451847,   2.0
231,  98, 28.48895680, 94.13439835,   2.0
232,  98, 28.46945170, 94.12413836,   1.9
233,  98, 28.44966856, 94.11373651,   1.9
234,  98, 28.42960322, 94.10319081,   1.9
235,  98, 28.40925148, 94.09249922,   1.9
236,  98, 28.38860908, 94.08165970,   1.9
237,  98, 28.36767169, 94.07067015,   2.0
238,  98, 28.34643491, 94.05952848,   2.0
239,  98, 28.32489429, 94.04823255,   2.0
240,  98, 28.30304531, 94.03678020,   2.0
241,  98, 28.28088339, 94.02516924,   2.0
  1,  99, 30.16372952, 95.02993448,  99.9
  2,  99, 30.15714940, 95.02633180,  99.9
  3,  99, 30.15064346, 95.02276989,  99.9
  4,  99, 30.14421036, 95.01924801,  99.9
  5,  99, 30.13784875, 95.01576539,  99.9
  6,  99, 30.13155732, 95.01232131,  99.9
  7,  99, 30.12533475, 95.00891502,  99.9
  8,  99, 30.11917977, 95.00554581,  99.9
  9,  99, 30.11309109, 95.00221296,  99.9
 10,  99, 30.10706745, 94.99891577,  99.9
 11,  99, 30.10110759, 94.99565354,  99.9
 12,  99, 30.09521029, 94.99242557,  99.9
 13,  99, 30.08937430, 94.98923118,  99.9
 14,  99, 30.08359844, 94.98606970,  99.9
 15,  99, 30.07788148, 94.98294045,  99.9
 16,  99, 30.07222226, 94.97984277,  99.9
 17,  99, 30.06661958, 94.97677602,  99.9
 18,  99, 30.06107230, 94.97373953,  99.9
 19,  99, 30.05557924, 94.97073267,  99.9
 20,  99, 30.05013929, 94.96775480,  99.9
 21,  99, 30.04475130, 94.96480530,  99.9
 22,  99, 30.03941416, 94.96188354,  99.9
 23,  99, 30.03412675, 94.95898890,  99.9
 24,  99, 30.02888798, 94.95612077,  99.9
 25,  99, 30.02369677, 94.95327855,  99.9
 26,  99, 30.01855202, 94.95046164,  99.9
 27,  99, 30.01345268, 94.94766944,  99.9
 28,  99, 30.00839769, 94.94490137,  99.9
 29,  99, 30.00338599, 94.94215684,  99.9
 30,  99, 29.99841654, 94.93943527,  99.9
 31,  99, 29.99348831, 94.93673610,  99.9
 32,  99, 29.98860027, 94.93405875,  99.9
 33,  99, 29.98375142, 94.93140265,  99.9
 34,  99, 29.97894074, 94.92876726,  99.9
 35,  99, 29.97416723, 94.92615201,  99.9
 36,  99, 29.96942991, 94.92355636,  99.9
 37,  99, 29.96472778, 94.92097976,  99.9
 38,  99, 29.96005986, 94.91842166,  99.9
 39,  99, 29.95542520, 94.91588154,  99.9
 40,  99, 29.95082282, 94.91335886,  99.9
 41,  99, 29.94625177, 94.91085308,  99.9
 42,  99, 29.94171110, 94.90836369,  99.9
 43,  99, 29.93719987, 94.90589015,  99.9
 44,  99, 29.93271713, 94.90343196,  99.9
 45,  99, 29.92826195, 94.90098859,  99.9
 46,  99, 29.92383342, 94.89855953,  99.9
 47,  99, 29.91943060, 94.89614427,  99.9
 48,  99, 29.91505258, 94.89374231,  99.9
 49,  99, 29.91069846, 94.89135315,  99.9
 50,  99, 29.90636732, 94.88897627,  99.9
 51,  99, 29.90205827, 94.88661120,  99.9
 52,  99, 29.89777041, 94.88425742,  99.9
 53,  99, 29.89350285, 94.88191445,  99.9
 54,  99, 29.88925470, 94.87958180,  99.9
 55,  99, 29.88502507, 94.87725897,  99.9
 56,  99, 29.88081310, 94.87494549,  99.9
 57,  99, 29.87661789, 94.87264087,  99.9
 58,  99, 29.87243859, 94.87034462,  99.9
 59,  99, 29.86827431, 94.86805627,  99.9
 60,  99, 29.86412420, 94.86577534,  99.9
 61,  99, 29.85998739, 94.86350136,  99.9
 62,  99, 29.85586302, 94.86123384,  99.9
 63,  99, 29.85175024, 94.85897232,  99.9
 64,  99, 29.84764818, 94.85671631,  99.9
 65,  99, 29.84355599, 94.85446536,  99.9
 66,  99, 29.83947282, 94.85221899,  99.9
 67,  99, 29.83539783, 94.84997674,  99.9
 68,  99, 29.83133017, 94.84773813,  99.9
 69,  99, 29.82726898, 94.84550270,  99.9
 70,  99, 29.82321342, 94.84326998,  99.9
 71,  99, 29.81916266, 94.84103951,  99.9
 72,  99, 29.81511584, 94.83881082,  99.9
 73,  99, 29.81107212, 94.83658345,  99.9
 74,  99, 29.80703067, 94.83435693,  99.9
 75,  99, 29.80299065, 94.83213081,  99.9
 76,  99, 29.79895120, 94.82990461,  99.9
 77,  99, 29.79491150, 94.82767788,  99.9
 78,  99, 29.79087069, 94.82545014,  99.9
 79,  99, 29.78682795, 94.82322095,  99.9
 80,  99, 29.78278242, 94.82098983,   5.7
 81,  99, 29.77873327, 94.81875632,   5.7
 82,  99, 29.77467965, 94.81651996,   5.7
 83,  99, 29.77062072, 94.81428028,   5.7
 84,  99, 29.76655564, 94.81203681,   5.8
 85,  99, 29.76248356, 94.80978910,   5.8
 86,  99, 29.75840362, 94.80753667,   5.8
 87,  99, 29.75431499, 94.80527905,   5.8
 88,  99, 29.75021681, 94.80301578,   5.8
 89,  99, 29.74610822, 94.80074639,   5.8
 90,  99, 29.74198838, 94.79847041,   5.8
 91,  99, 29.73785642, 94.79618736,   5.8
 92,  99, 29.73371149, 94.79389677,   5.8
 93,  99, 29.72955271, 94.79159817,   5.8
 94,  99, 29.72537923, 94.78929108,   5.8
 95,  99, 29.72119018, 94.78697502,   5.8
 96,  99, 29.71698468, 94.78464951,   5.8
 97,  99, 29.71276186, 94.78231407,   5.8
 98,  99, 29.70852084, 94.77996823,   5.8
 99,  99, 29.70426073, 94.77761148,   5.8
100,  99, 29.69998065, 94.77524335,   5.8
101,  99, 29.69567971, 94.77286334,   5.8
102,  99, 29.69135701, 94.77047096,   5.8
103,  99, 29.68701165, 94.76806572,   5.8
104,  99, 29.68264273, 94.76564712,   5.8
105,  99, 29.67824933, 94.76321466,   5.7
106,  99, 29.67383055, 94.76076784,   5.7
107,  99, 29.66938545, 94.75830615,   5.7
108,  99, 29.66491312, 94.75582908,   5.7
109,  99, 29.66041262, 94.75333613,   5.7
110,  99, 29.65588302, 94.75082677,   5.7
111,  99, 29.65132337, 94.74830049,   5.7
112,  99, 29.64673272, 94.74575678,   5.7
113,  99, 29.64211011, 94.74319509,   5.7
114,  99, 29.63745459, 94.74061491,   5.7
115,  99, 29.63276518, 94.73801571,   5.7
116,  99, 29.62804091, 94.73539694,   5.7
117,  99, 29.62328079, 94.73275808,   5.7
118,  99, 29.61848382, 94.73009856,   5.7
119,  99, 29.61364902, 94.72741786,   5.7
120,  99, 29.60877536, 94.72471541,   5.7
121,  99, 29.60386185, 94.72199067,   5.7
122,  99, 29.59890744, 94.71924306,   5.6
123,  99, 29.59391112, 94.71647202,   5.6
124,  99, 29.58887183, 94.71367699,   5.6
125,  99, 29.58378854, 94.71085740,   5.6
126,  99, 29.57866017, 94.70801265,   5.5
127,  99, 29.57348566, 94.70514216,  99.9
128,  99, 29.56826393, 94.70224536,   6.8
129,  99, 29.56299389, 94.69932164,   6.8
130,  99, 29.55767445, 94.69637040,   6.8
131,  99, 29.55230450, 94.69339103,   6.7
132,  99, 29.54688290, 94.69038293,   6.7
133,  99, 29.54140855, 94.68734548,   6.6
134,  99, 29.53588029, 94.68427806,   6.6
135,  99, 29.53029697, 94.68118003,   6.6
136,  99, 29.52465742, 94.67805077,   6.6
137,  99, 29.51896048, 94.67488963,   6.5
138,  99, 29.51320495, 94.67169597,   6.5
139,  99, 29.50738963, 94.66846912,   6.5
140,  99, 29.50151332, 94.66520844,   6.5
141,  99, 29.49557478, 94.66191325,   6.5
142,  99, 29.48957277, 94.65858289,   6.5
143,  99, 29.48350605, 94.65521666,   6.5
144,  99, 29.47737335, 94.65181389,   6.6
145,  99, 29.47117339, 94.64837387,   6.8
146,  99, 29.46490487, 94.64489591,   7.0
147,  99, 29.45856649, 94.64137930,   7.2
148,  99, 29.45215693, 94.63782332,   8.4
149,  99, 29.44567485, 94.63422724,   8.5
150,  99, 29.43911890, 94.63059033,   8.5
151,  99, 29.43248770, 94.62691185,   8.5
152,  99, 29.42577988, 94.62319105,   8.4
153,  99, 29.41899404, 94.61942717,   8.3
154,  99, 29.41212876, 94.61561945,   8.2
155,  99, 29.40518260, 94.61176711,   8.1
156,  99, 29.39815413, 94.60786937,   7.9
157,  99, 29.39104186, 94.60392544,   7.8
158,  99, 29.38384432, 94.59993451,   7.7
159,  99, 29.37656001, 94.59589578,   7.6
160,  99, 29.36918740, 94.59180842,   7.5
161,  99, 29.36172495, 94.58767161,   7.3
162,  99, 29.35417111, 94.58348450,   7.2
163,  99, 29.34652431, 94.57924625,   7.2
164,  99, 29.33878293, 94.57495600,   7.1
165,  99, 29.33094538, 94.57061288,   7.0
166,  99, 29.32301001, 94.56621600,   7.0
167,  99, 29.31497516, 94.56176449,   6.9
168,  99, 29.30683915, 94.55725744,   6.9
169,  99, 29.29860030, 94.55269393,   6.8
170,  99, 29.29025687, 94.54807306,   6.7
171,  99, 29.28180713, 94.54339387,   6.6
172,  99, 29.27324931, 94.53865543,   6.6
173,  99, 29.26458162, 94.53385678,   6.5
174,  99, 29.25580226, 94.52899696,   6.5
175,  99, 29.24690938, 94.52407498,   6.4
176,  99, 29.23790113, 94.51908985,   6.3
177,  99, 29.22877564, 94.51404057,   6.3
178,  99, 29.21953098, 94.50892612,   6.2
179,  99, 29.21016524, 94.50374547,   6.1
180,  99, 29.20067645, 94.49849759,   6.0
181,  99, 29.19106263, 94.49318141,   6.0
182,  99, 29.18132177, 94.48779587,   5.9
183,  99, 29.17145185, 94.48233989,   5.8
184,  99, 29.16145078, 94.47681237,   5.7
185,  99, 29.15131649, 94.47121221,   5.7
186,  99, 29.14104685, 94.46553827,   5.6
187,  99, 29.13063972, 94.45978944,   5.5
188,  99, 29.12009293, 94.45396455,   5.4
189,  99, 29.10940426, 94.44806244,   5.4
190,  99, 29.09857149, 94.44208193,   5.3
191,  99, 29.08759235, 94.43602183,   5.2
192,  99, 29.07646454, 94.42988092,   5.2
193,  99, 29.06518573, 94.42365798,   5.1
194,  99, 29.05375358, 94.41735178,   5.0
195,  99, 29.04216568, 94.41096104,   4.9
196,  99, 29.03041961, 94.40448451,   4.9
197,  99, 29.01851292, 94.39792089,   4.8
198,  99, 29.00644311, 94.39126887,   4.7
199,  99, 28.99420767, 94.38452714,   4.7
200,  99, 28.98180402, 94.37769436,   4.6
201,  99, 28.96922959, 94.37076916,   4.6
202,  99, 28.95648172, 94.36375018,   4.5
203,  99, 28.94355777, 94.35663603,   4.4
204,  99, 28.93045501, 94.34942529,   4.4
205,  99, 28.91717072, 94.34211654,   4.3
206,  99, 28.90370211, 94.33470834,   4.2
207,  99, 28.89004636, 94.32719922,   4.1
208,  99, 28.87620061, 94.31958769,   4.0
209,  99, 28.86216196, 94.31187227,   3.9
210,  99, 28.84792748, 94.30405142,   3.8
211,  99, 28.83349419, 94.29612361,   3.7
212,  99, 28.81885906, 94.28808727,   3.6
213,  99, 28.80401903, 94.27994084,   3.5
214,  99, 28.78897098, 94.27168269,   3.4
215,  99, 28.77371178, 94.26331123,   3.3
216,  99, 28.75823822, 94.25482479,   3.2
217,  99, 28.74254706, 94.24622173,   3.1
218,  99, 28.72663502, 94.23750035,   3.0
219,  99, 28.71049876, 94.22865896,   2.9
220,  99, 28.69413489, 94.21969582,   2.8
221,  99, 28.67754000, 94.21060918,   2.7
222,  99, 28.66071061, 94.20139727,   2.6
223,  99, 28.64364318, 94.19205830,   2.5
224,  99, 28.62633414, 94.18259045,   2.4
225,  99, 28.60877987, 94.17299187,   2.3
226,  99, 28.59097668, 94.16326071,   2.2
227,  99, 28.57292084, 94.15339507,   2.1
228,  99, 28.55460856, 94.14339304,   2.1
229,  99, 28.53603602, 94.13325268,   2.0
230,  99, 28.51719930, 94.12297203,   2.0
231,  99, 28.49809447, 94.11254911,   2.0
232,  99, 28.47871751, 94.10198190,   1.9
233,  99, 28.45906436, 94.09126836,   1.9
234,  99, 28.43913091, 94.08040643,   1.9
235,  99, 28.41891296, 94.06939402,   1.9
236,  99, 28.39840628, 94.05822902,   1.9
237,  99, 28.37760656, 94.04690927,   1.9
238,  99, 28.35650944, 94.03543261,   2.0
239,  99, 28.33511050, 94.02379683,   2.0
240,  99, 28.31340524, 94.01199973,   2.0
241,  99, 28.29138910, 94.00003903,   2.0
  1, 100, 30.16684009, 95.02229885,  99.9
  2, 100, 30.16022510, 95.01878320,  99.9
  3, 100, 30.15368494, 95.01530674,  99.9
  4, 100, 30.14721826, 95.01186874,  99.9
  5, 100, 30.14082370, 95.00846846,  99.9
  6, 100, 30.13449995, 95.00510518,  99.9
  7, 100, 30.12824568, 95.00177819,  99.9
  8, 100, 30.12205961, 94.99848677,  99.9
  9, 100, 30.11594044, 94.99523024,  99.9
 10, 100, 30.10988690, 94.99200790,  99.9
 11, 100, 30.10389775, 94.98881907,  99.9
 12, 100, 30.09797173, 94.98566307,  99.9
 13, 100, 30.09210762, 94.98253923,  99.9
 14, 100, 30.08630419, 94.97944690,  99.9
 15, 100, 30.08056025, 94.97638542,  99.9
 16, 100, 30.07487460, 94.97335413,  99.9
 17, 100, 30.06924605, 94.97035241,  99.9
 18, 100, 30.06367344, 94.96737961,  99.9
 19, 100, 30.05815561, 94.96443511,  99.9
 20, 100, 30.05269142, 94.96151828,  99.9
 21, 100, 30.04727973, 94.95862850,  99.9
 22, 100, 30.04191942, 94.95576518,  99.9
 23, 100, 30.03660937, 94.95292770,  99.9
 24, 100, 30.03134847, 94.95011546,  99.9
 25, 100, 30.02613565, 94.94732788,  99.9
 26, 100, 30.02096981, 94.94456435,  99.9
 27, 100, 30.01584987, 94.94182431,  99.9
 28, 100, 30.01077479, 94.93910717,  99.9
 29, 100, 30.00574349, 94.93641236,  99.9
 30, 100, 30.00075494, 94.93373931,  99.9
 31, 100, 29.99580810, 94.93108747,  99.9
 32, 100, 29.99090195, 94.92845626,  99.9
 33, 100, 29.98603545, 94.92584514,  99.9
 34, 100, 29.98120760, 94.92325357,  99.9
 35, 100, 29.97641741, 94.92068098,  99.9
 36, 100, 29.97166386, 94.91812685,  99.9
 37, 100, 29.96694597, 94.91559063,  99.9
 38, 100, 29.96226277, 94.91307180,  99.9
 39, 100, 29.95761328, 94.91056982,  99.9
 40, 100, 29.95299653, 94.90808416,  99.9
 41, 100, 29.94841157, 94.90561432,  99.9
 42, 100, 29.94385743, 94.90315976,  99.9
 43, 100, 29.93933318, 94.90071997,  99.9
 44, 100, 29.93483786, 94.89829445,  99.9
 45, 100, 29.93037056, 94.89588268,  99.9
 46, 100, 29.92593034, 94.89348415,  99.9
 47, 100, 29.92151627, 94.89109837,  99.9
 48, 100, 29.91712744, 94.88872483,  99.9
 49, 100, 29.91276293, 94.88636304,  99.9
 50, 100, 29.90842184, 94.88401249,  99.9
 51, 100, 29.90410327, 94.88167271,  99.9
 52, 100, 29.89980632, 94.87934320,  99.9
 53, 100, 29.89553008, 94.87702347,  99.9
 54, 100, 29.89127369, 94.87471304,  99.9
 55, 100, 29.88703624, 94.87241142,  99.9
 56, 100, 29.88281685, 94.87011813,  99.9
 57, 100, 29.87861466, 94.86783270,  99.9
 58, 100, 29.87442879, 94.86555464,  99.9
 59, 100, 29.87025835, 94.86328347,  99.9
 60, 100, 29.86610250, 94.86101874,  99.9
 61, 100, 29.86196036, 94.85875995,  99.9
 62, 100, 29.85783107, 94.85650664,  99.9
 63, 100, 29.85371378, 94.85425835,  99.9
 64, 100, 29.84960762, 94.85201459,  99.9
 65, 100, 29.84551174, 94.84977490,  99.9
 66, 100, 29.84142529, 94.84753882,  99.9
 67, 100, 29.83734742, 94.84530588,  99.9
 68, 100, 29.83327728, 94.84307561,  99.9
 69, 100, 29.82921403, 94.84084755,  99.9
 70, 100, 29.82515681, 94.83862123,  99.9
 71, 100, 29.82110479, 94.83639619,  99.9
 72, 100, 29.81705712, 94.83417196,  99.9
 73, 100, 29.81301296, 94.83194809,  99.9
 74, 100, 29.80897147, 94.82972411,  99.9
 75, 100, 29.80493180, 94.82749955,  99.9
 76, 100, 29.80089312, 94.82527396,  99.9
 77, 100, 29.79685458, 94.82304687,  99.9
 78, 100, 29.79281535, 94.82081782,  99.9
 79, 100, 29.78877458, 94.81858634,  99.9
 80, 100, 29.78473144, 94.81635197,   5.5
 81, 100, 29.78068508, 94.81411425,   5.6
 82, 100, 29.77663465, 94.81187270,   5.6
 83, 100, 29.77257933, 94.80962687,   5.7
 84, 100, 29.76851825, 94.80737629,   5.7
 85, 100, 29.76445058, 94.80512049,   5.8
 86, 100, 29.76037547, 94.80285901,   5.8
 87, 100, 29.75629207, 94.80059136,   5.8
 88, 100, 29.75219954, 94.79831709,   5.8
 89, 100, 29.74809701, 94.79603572,   5.8
 90, 100, 29.74398364, 94.79374678,   5.8
 91, 100, 29.73985856, 94.79144979,   5.8
 92, 100, 29.73572093, 94.78914428,   5.7
 93, 100, 29.73156987, 94.78682976,   5.7
 94, 100, 29.72740453, 94.78450577,   5.7
 95, 100, 29.72322404, 94.78217181,   5.7
 96, 100, 29.71902752, 94.77982741,   5.7
 97, 100, 29.71481410, 94.77747208,   5.7
 98, 100, 29.71058291, 94.77510532,   5.7
 99, 100, 29.70633306, 94.77272666,   5.7
100, 100, 29.70206367, 94.77033560,   5.7
101, 100, 29.69777385, 94.76793165,   5.7
102, 100, 29.69346270, 94.76551430,   5.7
103, 100, 29.68912933, 94.76308306,   5.7
104, 100, 29.68477284, 94.76063743,   5.7
105, 100, 29.68039232, 94.75817690,   5.7
106, 100, 29.67598685, 94.75570095,   5.7
107, 100, 29.67155551, 94.75320909,   5.7
108, 100, 29.66709740, 94.75070080,   5.7
109, 100, 29.66261156, 94.74817555,   5.7
110, 100, 29.65809708, 94.74563283,   5.7
111, 100, 29.65355301, 94.74307211,   5.7
112, 100, 29.64897841, 94.74049287,   5.7
113, 100, 29.64437231, 94.73789457,   5.7
114, 100, 29.63973377, 94.73527667,   5.7
115, 100, 29.63506181, 94.73263865,   5.7
116, 100, 29.63035546, 94.72997994,   5.7
117, 100, 29.62561374, 94.72730001,   5.7
118, 100, 29.62083566, 94.72459831,   5.7
119, 100, 29.61602023, 94.72187427,   5.7
120, 100, 29.61116644, 94.71912735,   5.7
121, 100, 29.60627328, 94.71635696,   5.6
122, 100, 29.60133974, 94.71356254,   5.6
123, 100, 29.59636477, 94.71074353,   5.6
124, 100, 29.59134736, 94.70789933,   5.6
125, 100, 29.58628644, 94.70502936,   5.6
126, 100, 29.58118097, 94.70213304,  99.9
127, 100, 29.57602988, 94.69920976,  99.9
128, 100, 29.57083210, 94.69625894,   6.8
129, 100, 29.56558654, 94.69327995,   6.8
130, 100, 29.56029211, 94.69027220,   6.7
131, 100, 29.55494770, 94.68723507,   6.7
132, 100, 29.54955221, 94.68416792,   6.7
133, 100, 29.54410450, 94.68107014,   6.6
134, 100, 29.53860345, 94.67794108,   6.6
135, 100, 29.53304790, 94.67478012,   6.6
136, 100, 29.52743669, 94.67158659,   6.6
137, 100, 29.52176866, 94.66835984,   6.5
138, 100, 29.51604262, 94.66509922,   6.5
139, 100, 29.51025738, 94.66180406,   6.5
140, 100, 29.50441173, 94.65847368,   6.5
141, 100, 29.49850446, 94.65510741,   6.5
142, 100, 29.49253432, 94.65170455,   6.5
143, 100, 29.48650008, 94.64826440,   6.5
144, 100, 29.48040048, 94.64478628,   6.6
145, 100, 29.47423424, 94.64126946,   6.7
146, 100, 29.46800008, 94.63771322,   7.0
147, 100, 29.46169669, 94.63411685,   7.4
148, 100, 29.45532277, 94.63047961,   7.9
149, 100, 29.44887697, 94.62680076,   8.5
150, 100, 29.44235797, 94.62307954,   8.5
151, 100, 29.43576439, 94.61931520,   8.4
152, 100, 29.42909486, 94.61550698,   8.3
153, 100, 29.42234799, 94.61165409,   8.2
154, 100, 29.41552237, 94.60775576,   8.1
155, 100, 29.40861658, 94.60381118,   8.0
156, 100, 29.40162917, 94.59981956,   7.9
157, 100, 29.39455869, 94.59578009,   7.8
158, 100, 29.38740365, 94.59169194,   7.7
159, 100, 29.38016258, 94.58755429,   7.6
160, 100, 29.37283394, 94.58336630,   7.4
161, 100, 29.36541623, 94.57912711,   7.3
162, 100, 29.35790788, 94.57483586,   7.2
163, 100, 29.35030732, 94.57049169,   7.1
164, 100, 29.34261298, 94.56609371,   7.1
165, 100, 29.33482324, 94.56164104,   7.0
166, 100, 29.32693648, 94.55713277,   7.0
167, 100, 29.31895105, 94.55256799,   6.9
168, 100, 29.31086529, 94.54794577,   6.8
169, 100, 29.30267750, 94.54326519,   6.8
170, 100, 29.29438597, 94.53852529,   6.7
171, 100, 29.28598897, 94.53372512,   6.6
172, 100, 29.27748475, 94.52886371,   6.5
173, 100, 29.26887153, 94.52394008,   6.5
174, 100, 29.26014752, 94.51895323,   6.4
175, 100, 29.25131088, 94.51390215,   6.4
176, 100, 29.24235978, 94.50878584,   6.3
177, 100, 29.23329233, 94.50360326,   6.2
178, 100, 29.22410666, 94.49835337,   6.2
179, 100, 29.21480083, 94.49303511,   6.1
180, 100, 29.20537290, 94.48764741,   6.0
181, 100, 29.19582091, 94.48218918,   5.9
182, 100, 29.18614285, 94.47665934,   5.9
183, 100, 29.17633671, 94.47105677,   5.8
184, 100, 29.16640042, 94.46538035,   5.7
185, 100, 29.15633192, 94.45962894,   5.6
186, 100, 29.14612910, 94.45380138,   5.6
187, 100, 29.13578983, 94.44789652,   5.5
188, 100, 29.12531194, 94.44191316,   5.4
189, 100, 29.11469325, 94.43585011,   5.3
190, 100, 29.10393153, 94.42970616,   5.3
191, 100, 29.09302453, 94.42348007,   5.2
192, 100, 29.08196997, 94.41717062,   5.1
193, 100, 29.07076554, 94.41077653,   5.1
194, 100, 29.05940890, 94.40429654,   5.0
195, 100, 29.04789766, 94.39772934,   4.9
196, 100, 29.03622942, 94.39107364,   4.9
197, 100, 29.02440174, 94.38432811,   4.8
198, 100, 29.01241215, 94.37749141,   4.7
199, 100, 29.00025813, 94.37056217,   4.7
200, 100, 28.98793714, 94.36353902,   4.6
201, 100, 28.97544660, 94.35642057,   4.6
202, 100, 28.96278391, 94.34920540,   4.5
203, 100, 28.94994640, 94.34189209,   4.4
204, 100, 28.93693139, 94.33447918,   4.4
205, 100, 28.92373615, 94.32696522,   4.3
206, 100, 28.91035793, 94.31934871,   4.1
207, 100, 28.89679392, 94.31162814,   4.0
208, 100, 28.88304128, 94.30380200,   3.9
209, 100, 28.86909713, 94.29586874,   3.9
210, 100, 28.85495855, 94.28782679,   3.8
211, 100, 28.84062258, 94.27967457,   3.7
212, 100, 28.82608622, 94.27141048,   3.6
213, 100, 28.81134642, 94.26303289,   3.5
214, 100, 28.79640009, 94.25454016,   3.4
215, 100, 28.78124410, 94.24593061,   3.3
216, 100, 28.76587528, 94.23720256,   3.2
217, 100, 28.75029040, 94.22835430,   3.1
218, 100, 28.73448620, 94.21938410,   3.0
219, 100, 28.71845936, 94.21029019,   2.9
220, 100, 28.70220653, 94.20107080,   2.8
221, 100, 28.68572430, 94.19172414,   2.7
222, 100, 28.66900922, 94.18224837,   2.6
223, 100, 28.65205778, 94.17264166,   2.5
224, 100, 28.63486642, 94.16290212,   2.4
225, 100, 28.61743154, 94.15302787,   2.3
226, 100, 28.59974948, 94.14301699,   2.2
227, 100, 28.58181654, 94.13286753,   2.1
228, 100, 28.56362895, 94.12257752,   2.1
229, 100, 28.54518290, 94.11214497,   2.0
230, 100, 28.52647452, 94.10156787,   2.0
231, 100, 28.50749989, 94.09084415,   1.9
232, 100, 28.48825501, 94.07997176,   1.9
233, 100, 28.46873586, 94.06894860,   1.9
234, 100, 28.44893834, 94.05777253,   1.9
235, 100, 28.42885828, 94.04644142,   1.9
236, 100, 28.40849149, 94.03495307,   1.9
237, 100, 28.38783367, 94.02330529,   1.9
238, 100, 28.36688050, 94.01149584,   2.0
239, 100, 28.34562758, 93.99952245,   2.0
240, 100, 28.32407044, 93.98738284,   2.0
241, 100, 28.30220455, 93.97507468,   2.0
  1, 101, 30.16987391, 95.01462327,  99.9
  2, 101, 30.16322544, 95.01119541,  99.9
  3, 101, 30.15665243, 95.00780514,  99.9
  4, 101, 30.15015352, 95.00445175,  99.9
  5, 101, 30.14372735, 95.00113453,  99.9
  6, 101, 30.13737260, 94.99785277,  99.9
  7, 101, 30.13108794, 94.99460577,  99.9
  8, 101, 30.12487206, 94.99139285,  99.9
  9, 101, 30.11872369, 94.98821333,  99.9
 10, 101, 30.11264153, 94.98506652,  99.9
 11, 101, 30.10662434, 94.98195177,  99.9
 12, 101, 30.10067085, 94.97886841,  99.9
 13, 101, 30.09477983, 94.97581579,  99.9
 14, 101, 30.08895006, 94.97279326,  99.9
 15, 101, 30.08318033, 94.96980019,  99.9
 16, 101, 30.07746943, 94.96683594,  99.9
 17, 101, 30.07181619, 94.96389988,  99.9
 18, 101, 30.06621943, 94.96099140,  99.9
 19, 101, 30.06067798, 94.95810987,  99.9
 20, 101, 30.05519069, 94.95525469,  99.9
 21, 101, 30.04975643, 94.95242526,  99.9
 22, 101, 30.04437407, 94.94962098,  99.9
 23, 101, 30.03904248, 94.94684126,  99.9
 24, 101, 30.03376056, 94.94408550,  99.9
 25, 101, 30.02852721, 94.94135314,  99.9
 26, 101, 30.02334135, 94.93864359,  99.9
 27, 101, 30.01820190, 94.93595627,  99.9
 28, 101, 30.01310778, 94.93329064,  99.9
 29, 101, 30.00805794, 94.93064612,  99.9
 30, 101, 30.00305134, 94.92802215,  99.9
 31, 101, 29.99808692, 94.92541819,  99.9
 32, 101, 29.99316366, 94.92283369,  99.9
 33, 101, 29.98828054, 94.92026810,  99.9
 34, 101, 29.98343653, 94.91772088,  99.9
 35, 101, 29.97863065, 94.91519150,  99.9
 36, 101, 29.97386187, 94.91267942,  99.9
 37, 101, 29.96912922, 94.91018412,  99.9
 38, 101, 29.96443170, 94.90770508,  99.9
 39, 101, 29.95976835, 94.90524176,  99.9
 40, 101, 29.95513820, 94.90279367,  99.9
 41, 101, 29.95054027, 94.90036027,  99.9
 42, 101, 29.94597362, 94.89794106,  99.9
 43, 101, 29.94143729, 94.89553554,  99.9
 44, 101, 29.93693035, 94.89314319,  99.9
 45, 101, 29.93245185, 94.89076352,  99.9
 46, 101, 29.92800086, 94.88839603,  99.9
 47, 101, 29.92357646, 94.88604022,  99.9
 48, 101, 29.91917773, 94.88369560,  99.9
 49, 101, 29.91480375, 94.88136167,  99.9
 50, 101, 29.91045362, 94.87903796,  99.9
 51, 101, 29.90612643, 94.87672396,  99.9
 52, 101, 29.90182127, 94.87441920,  99.9
 53, 101, 29.89753726, 94.87212320,  99.9
 54, 101, 29.89327350, 94.86983547,  99.9
 55, 101, 29.88902911, 94.86755553,  99.9
 56, 101, 29.88480320, 94.86528292,  99.9
 57, 101, 29.88059490, 94.86301715,  99.9
 58, 101, 29.87640332, 94.86075775,  99.9
 59, 101, 29.87222760, 94.85850425,  99.9
 60, 101, 29.86806687, 94.85625618,  99.9
 61, 101, 29.86392027, 94.85401306,  99.9
 62, 101, 29.85978692, 94.85177444,  99.9
 63, 101, 29.85566597, 94.84953984,  99.9
 64, 101, 29.85155657, 94.84730879,  99.9
 65, 101, 29.84745785, 94.84508084,  99.9
 66, 101, 29.84336897, 94.84285551,  99.9
 67, 101, 29.83928907, 94.84063235,  99.9
 68, 101, 29.83521731, 94.83841088,  99.9
 69, 101, 29.83115284, 94.83619065,  99.9
 70, 101, 29.82709480, 94.83397120,  99.9
 71, 101, 29.82304237, 94.83175205,  99.9
 72, 101, 29.81899469, 94.82953276,  99.9
 73, 101, 29.81495093, 94.82731285,  99.9
 74, 101, 29.81091023, 94.82509186,  99.9
 75, 101, 29.80687177, 94.82286934,  99.9
 76, 101, 29.80283469, 94.82064482,  99.9
 77, 101, 29.79879816, 94.81841783,  99.9
 78, 101, 29.79476134, 94.81618792,   5.4
 79, 101, 29.79072340, 94.81395462,   5.4
 80, 101, 29.78668348, 94.81171746,   5.4
 81, 101, 29.78264074, 94.80947599,   5.5
 82, 101, 29.77859435, 94.80722973,   5.6
 83, 101, 29.77454347, 94.80497822,   5.6
 84, 101, 29.77048725, 94.80272099,   5.7
 85, 101, 29.76642484, 94.80045758,   5.7
 86, 101, 29.76235540, 94.79818750,   5.7
 87, 101, 29.75827809, 94.79591030,   5.7
 88, 101, 29.75419205, 94.79362550,   5.7
 89, 101, 29.75009643, 94.79133262,   5.7
 90, 101, 29.74599038, 94.78903120,   5.7
 91, 101, 29.74187305, 94.78672074,   5.7
 92, 101, 29.73774358, 94.78440078,   5.7
 93, 101, 29.73360110, 94.78207084,   5.7
 94, 101, 29.72944476, 94.77973042,   5.7
 95, 101, 29.72527370, 94.77737905,   5.7
 96, 101, 29.72108703, 94.77501624,   5.7
 97, 101, 29.71688389, 94.77264150,   5.7
 98, 101, 29.71266341, 94.77025433,   5.7
 99, 101, 29.70842470, 94.76785425,   5.7
100, 101, 29.70416688, 94.76544076,   5.7
101, 101, 29.69988907, 94.76301335,   5.7
102, 101, 29.69559038, 94.76057154,   5.7
103, 101, 29.69126990, 94.75811480,   5.7
104, 101, 29.68692674, 94.75564264,   5.7
105, 101, 29.68256000, 94.75315454,   5.7
106, 101, 29.67816876, 94.75064999,   5.7
107, 101, 29.67375212, 94.74812847,   5.7
108, 101, 29.66930914, 94.74558947,   5.7
109, 101, 29.66483890, 94.74303245,   5.7
110, 101, 29.66034048, 94.74045689,   5.7
111, 101, 29.65581294, 94.73786226,   5.7
112, 101, 29.65125532, 94.73524802,   5.7
113, 101, 29.64666669, 94.73261364,   5.7
114, 101, 29.64204608, 94.72995857,   5.7
115, 101, 29.63739254, 94.72728226,   5.7
116, 101, 29.63270509, 94.72458417,   5.7
117, 101, 29.62798276, 94.72186373,   5.6
118, 101, 29.62322456, 94.71912039,   5.6
119, 101, 29.61842950, 94.71635358,   5.6
120, 101, 29.61359659, 94.71356273,   5.6
121, 101, 29.60872480, 94.71074728,   5.6
122, 101, 29.60381314, 94.70790663,   5.6
123, 101, 29.59886057, 94.70504021,   5.6
124, 101, 29.59386606, 94.70214742,   5.6
125, 101, 29.58882858, 94.69922768,   5.6
126, 101, 29.58374706, 94.69628038,  99.9
127, 101, 29.57862046, 94.69330491,  99.9
128, 101, 29.57344770, 94.69030067,   6.7
129, 101, 29.56822770, 94.68726704,   6.7
130, 101, 29.56295938, 94.68420340,   6.7
131, 101, 29.55764163, 94.68110911,   6.7
132, 101, 29.55227336, 94.67798355,   6.6
133, 101, 29.54685343, 94.67482607,   6.6
134, 101, 29.54138072, 94.67163602,   6.6
135, 101, 29.53585409, 94.66841276,   6.6
136, 101, 29.53027238, 94.66515561,   6.6
137, 101, 29.52463444, 94.66186393,   6.6
138, 101, 29.51893908, 94.65853702,   6.5
139, 101, 29.51318511, 94.65517422,   6.5
140, 101, 29.50737134, 94.65177482,   6.5
141, 101, 29.50149655, 94.64833815,   6.5
142, 101, 29.49555952, 94.64486349,   6.5
143, 101, 29.48955902, 94.64135013,   6.6
144, 101, 29.48349377, 94.63779736,   6.6
145, 101, 29.47736253, 94.63420445,   6.7
146, 101, 29.47116401, 94.63057067,   6.9
147, 101, 29.46489692, 94.62689528,   7.4
148, 101, 29.45855996, 94.62317752,   8.0
149, 101, 29.45215179, 94.61941664,   8.5
150, 101, 29.44567108, 94.61561188,   8.5
151, 101, 29.43911648, 94.61176245,   8.4
152, 101, 29.43248662, 94.60786758,   8.3
153, 101, 29.42578012, 94.60392646,   8.2
154, 101, 29.41899557, 94.59993830,   8.1
155, 101, 29.41213157, 94.59590229,   8.0
156, 101, 29.40518667, 94.59181761,   7.9
157, 101, 29.39815943, 94.58768342,   7.8
158, 101, 29.39104838, 94.58349888,   7.7
159, 101, 29.38385204, 94.57926315,   7.5
160, 101, 29.37656890, 94.57497537,   7.4
161, 101, 29.36919744, 94.57063466,   7.3
162, 101, 29.36173613, 94.56624014,   7.2
163, 101, 29.35418340, 94.56179093,   7.1
164, 101, 29.34653768, 94.55728612,   7.0
165, 101, 29.33879736, 94.55272480,   7.0
166, 101, 29.33096085, 94.54810604,   6.9
167, 101, 29.32302649, 94.54342892,   6.9
168, 101, 29.31499262, 94.53869247,   6.8
169, 101, 29.30685758, 94.53389576,   6.7
170, 101, 29.29861966, 94.52903780,   6.7
171, 101, 29.29027714, 94.52411761,   6.6
172, 101, 29.28182828, 94.51913421,   6.5
173, 101, 29.27327131, 94.51408658,   6.5
174, 101, 29.26460444, 94.50897371,   6.4
175, 101, 29.25582587, 94.50379457,   6.3
176, 101, 29.24693375, 94.49854811,   6.3
177, 101, 29.23792623, 94.49323327,   6.2
178, 101, 29.22880143, 94.48784899,   6.1
179, 101, 29.21955743, 94.48239418,   6.0
180, 101, 29.21019231, 94.47686774,   6.0
181, 101, 29.20070411, 94.47126857,   5.9
182, 101, 29.19109084, 94.46559554,   5.8
183, 101, 29.18135050, 94.45984751,   5.8
184, 101, 29.17148104, 94.45402332,   5.7
185, 101, 29.16148041, 94.44812181,   5.6
186, 101, 29.15134651, 94.44214180,   5.5
187, 101, 29.14107722, 94.43608208,   5.5
188, 101, 29.13067039, 94.42994145,   5.4
189, 101, 29.12012385, 94.42371867,   5.3
190, 101, 29.10943540, 94.41741251,   5.2
191, 101, 29.09860278, 94.41102169,   5.2
192, 101, 29.08762375, 94.40454495,   5.1
193, 101, 29.07649600, 94.39798099,   5.0
194, 101, 29.06521720, 94.39132850,   5.0
195, 101, 29.05378499, 94.38458615,   4.9
196, 101, 29.04219698, 94.37775261,   4.8
197, 101, 29.03045074, 94.37082651,   4.8
198, 101, 29.01854382, 94.36380647,   4.7
199, 101, 29.00647372, 94.35669110,   4.7
200, 101, 28.99423792, 94.34947898,   4.6
201, 101, 28.98183385, 94.34216869,   4.5
202, 101, 28.96925891, 94.33475877,   4.5
203, 101, 28.95651048, 94.32724775,   4.4
204, 101, 28.94358589, 94.31963414,   4.3
205, 101, 28.93048242, 94.31191644,   4.2
206, 101, 28.91719733, 94.30409312,   4.1
207, 101, 28.90372784, 94.29616264,   4.0
208, 101, 28.89007112, 94.28812342,   3.9
209, 101, 28.87622433, 94.27997389,   3.9
210, 101, 28.86218455, 94.27171243,   3.8
211, 101, 28.84794884, 94.26333741,   3.7
212, 101, 28.83351422, 94.25484719,   3.6
213, 101, 28.81887766, 94.24624010,   3.5
214, 101, 28.80403610, 94.23751444,   3.4
215, 101, 28.78898642, 94.22866850,   3.3
216, 101, 28.77372548, 94.21970054,   3.2
217, 101, 28.75825007, 94.21060882,   3.1
218, 101, 28.74255694, 94.20139153,   3.0
219, 101, 28.72664281, 94.19204689,   2.9
220, 101, 28.71050433, 94.18257306,   2.8
221, 101, 28.69413813, 94.17296820,   2.7
222, 101, 28.67754077, 94.16323042,   2.6
223, 101, 28.66070877, 94.15335783,   2.5
224, 101, 28.64363859, 94.14334851,   2.4
225, 101, 28.62632666, 94.13320051,   2.3
226, 101, 28.60876935, 94.12291185,   2.2
227, 101, 28.59096296, 94.11248054,   2.1
228, 101, 28.57290377, 94.10190454,   2.1
229, 101, 28.55458798, 94.09118182,   2.0
230, 101, 28.53601174, 94.08031030,   2.0
231, 101, 28.51717117, 94.06928787,   1.9
232, 101, 28.49806229, 94.05811239,   1.9
233, 101, 28.47868110, 94.04678173,   1.9
234, 101, 28.45902354, 94.03529368,   1.9
235, 101, 28.43908547, 94.02364604,   1.9
236, 101, 28.41886270, 94.01183656,   1.9
237, 101, 28.39835098, 93.99986299,   1.9
238, 101, 28.37754601, 93.98772301,   2.0
239, 101, 28.35644342, 93.97541429,   2.0
240, 101, 28.33503878, 93.96293449,   2.0
241, 101, 28.31332757, 93.95028122,   2.0
  1, 102, 30.17283033, 95.00690937,  99.9
  2, 102, 30.16614978, 95.00357002,  99.9
  3, 102, 30.15954530, 95.00026666,  99.9
  4, 102, 30.15301552, 94.99699860,  99.9
  5, 102, 30.14655909, 94.99376514,  99.9
  6, 102, 30.14017467, 94.99056559,  99.9
  7, 102, 30.13386093, 94.98739928,  99.9
  8, 102, 30.12761656, 94.98426554,  99.9
  9, 102, 30.12144026, 94.98116369,  99.9
 10, 102, 30.11533076, 94.97809309,  99.9
 11, 102, 30.10928678, 94.97505307,  99.9
 12, 102, 30.10330706, 94.97204301,  99.9
 13, 102, 30.09739037, 94.96906225,  99.9
 14, 102, 30.09153547, 94.96611017,  99.9
 15, 102, 30.08574116, 94.96318614,  99.9
 16, 102, 30.08000622, 94.96028955,  99.9
 17, 102, 30.07432947, 94.95741978,  99.9
 18, 102, 30.06870972, 94.95457623,  99.9
 19, 102, 30.06314580, 94.95175829,  99.9
 20, 102, 30.05763657, 94.94896537,  99.9
 21, 102, 30.05218088, 94.94619687,  99.9
 22, 102, 30.04677759, 94.94345223,  99.9
 23, 102, 30.04142558, 94.94073085,  99.9
 24, 102, 30.03612374, 94.93803216,  99.9
 25, 102, 30.03087096, 94.93535559,  99.9
 26, 102, 30.02566617, 94.93270058,  99.9
 27, 102, 30.02050826, 94.93006657,  99.9
 28, 102, 30.01539618, 94.92745300,  99.9
 29, 102, 30.01032885, 94.92485932,  99.9
 30, 102, 30.00530523, 94.92228499,  99.9
 31, 102, 30.00032428, 94.91972947,  99.9
 32, 102, 29.99538495, 94.91719221,  99.9
 33, 102, 29.99048622, 94.91467268,  99.9
 34, 102, 29.98562707, 94.91217036,  99.9
 35, 102, 29.98080649, 94.90968471,  99.9
 36, 102, 29.97602348, 94.90721522,  99.9
 37, 102, 29.97127705, 94.90476136,  99.9
 38, 102, 29.96656620, 94.90232263,  99.9
 39, 102, 29.96188997, 94.89989850,  99.9
 40, 102, 29.95724737, 94.89748847,  99.9
 41, 102, 29.95263744, 94.89509203,  99.9
 42, 102, 29.94805923, 94.89270868,  99.9
 43, 102, 29.94351177, 94.89033792,  99.9
 44, 102, 29.93899413, 94.88797926,  99.9
 45, 102, 29.93450537, 94.88563219,  99.9
 46, 102, 29.93004455, 94.88329623,  99.9
 47, 102, 29.92561075, 94.88097089,  99.9
 48, 102, 29.92120303, 94.87865567,  99.9
 49, 102, 29.91682050, 94.87635010,  99.9
 50, 102, 29.91246223, 94.87405370,  99.9
 51, 102, 29.90812731, 94.87176597,  99.9
 52, 102, 29.90381486, 94.86948645,  99.9
 53, 102, 29.89952396, 94.86721465,  99.9
 54, 102, 29.89525373, 94.86495010,  99.9
 55, 102, 29.89100328, 94.86269233,  99.9
 56, 102, 29.88677173, 94.86044086,  99.9
 57, 102, 29.88255819, 94.85819523,   5.0
 58, 102, 29.87836179, 94.85595497,   5.1
 59, 102, 29.87418165, 94.85371960,   5.1
 60, 102, 29.87001691, 94.85148866,  99.9
 61, 102, 29.86586670, 94.84926169,  99.9
 62, 102, 29.86173015, 94.84703821,  99.9
 63, 102, 29.85760641, 94.84481777,  99.9
 64, 102, 29.85349462, 94.84259991,  99.9
 65, 102, 29.84939392, 94.84038415,  99.9
 66, 102, 29.84530346, 94.83817004,  99.9
 67, 102, 29.84122238, 94.83595712,  99.9
 68, 102, 29.83714984, 94.83374492,  99.9
 69, 102, 29.83308500, 94.83153299,  99.9
 70, 102, 29.82902699, 94.82932086,  99.9
 71, 102, 29.82497499, 94.82710807,  99.9
 72, 102, 29.82092815, 94.82489416,  99.9
 73, 102, 29.81688562, 94.82267868,  99.9
 74, 102, 29.81284656, 94.82046115,  99.9
 75, 102, 29.80881014, 94.81824112,  99.9
 76, 102, 29.80477551, 94.81601813,  99.9
 77, 102, 29.80074183, 94.81379171,   5.4
 78, 102, 29.79670827, 94.81156141,   5.4
 79, 102, 29.79267398, 94.80932675,   5.4
 80, 102, 29.78863812, 94.80708727,   5.4
 81, 102, 29.78459986, 94.80484251,   5.4
 82, 102, 29.78055835, 94.80259201,   5.5
 83, 102, 29.77651275, 94.80033529,   5.6
 84, 102, 29.77246222, 94.79807188,   5.7
 85, 102, 29.76840592, 94.79580132,   5.7
 86, 102, 29.76434300, 94.79352313,   5.7
 87, 102, 29.76027262, 94.79123684,   5.7
 88, 102, 29.75619392, 94.78894198,   5.7
 89, 102, 29.75210607, 94.78663808,   5.7
 90, 102, 29.74800820, 94.78432464,   5.7
 91, 102, 29.74389947, 94.78200121,   5.7
 92, 102, 29.73977901, 94.77966728,   5.7
 93, 102, 29.73564598, 94.77732238,   5.7
 94, 102, 29.73149951, 94.77496603,   5.7
 95, 102, 29.72733873, 94.77259773,   5.7
 96, 102, 29.72316279, 94.77021700,   5.7
 97, 102, 29.71897080, 94.76782334,   5.7
 98, 102, 29.71476191, 94.76541625,   5.7
 99, 102, 29.71053522, 94.76299525,   5.7
100, 102, 29.70628986, 94.76055982,   5.7
101, 102, 29.70202495, 94.75810947,   5.7
102, 102, 29.69773960, 94.75564369,   5.7
103, 102, 29.69343291, 94.75316196,   5.7
104, 102, 29.68910399, 94.75066378,   5.7
105, 102, 29.68475194, 94.74814863,   5.7
106, 102, 29.68037585, 94.74561599,   5.7
107, 102, 29.67597480, 94.74306534,   5.7
108, 102, 29.67154788, 94.74049615,   5.7
109, 102, 29.66709417, 94.73790788,   5.7
110, 102, 29.66261275, 94.73530002,   5.7
111, 102, 29.65810267, 94.73267201,   5.7
112, 102, 29.65356299, 94.73002332,   5.7
113, 102, 29.64899277, 94.72735340,   5.6
114, 102, 29.64439107, 94.72466170,   5.6
115, 102, 29.63975691, 94.72194766,   5.6
116, 102, 29.63508934, 94.71921073,   5.6
117, 102, 29.63038737, 94.71645035,   5.6
118, 102, 29.62565004, 94.71366593,   5.6
119, 102, 29.62087635, 94.71085692,   5.6
120, 102, 29.61606530, 94.70802274,   5.6
121, 102, 29.61121591, 94.70516279,   5.6
122, 102, 29.60632714, 94.70227649,   5.6
123, 102, 29.60139799, 94.69936326,   5.6
124, 102, 29.59642743, 94.69642248,   5.6
125, 102, 29.59141442, 94.69345356,   5.6
126, 102, 29.58635791, 94.69045588,  99.9
127, 102, 29.58125686, 94.68742883,   6.9
128, 102, 29.57611019, 94.68437180,   6.7
129, 102, 29.57091684, 94.68128414,   6.7
130, 102, 29.56567572, 94.67816523,   6.6
131, 102, 29.56038574, 94.67501443,   6.6
132, 102, 29.55504579, 94.67183109,   6.6
133, 102, 29.54965477, 94.66861455,   6.6
134, 102, 29.54421154, 94.66536417,   6.6
135, 102, 29.53871497, 94.66207927,   6.6
136, 102, 29.53316392, 94.65875919,   6.6
137, 102, 29.52755723, 94.65540323,   6.6
138, 102, 29.52189372, 94.65201072,   6.5
139, 102, 29.51617222, 94.64858096,   6.5
140, 102, 29.51039153, 94.64511324,   6.5
141, 102, 29.50455045, 94.64160687,   6.5
142, 102, 29.49864776, 94.63806112,   6.5
143, 102, 29.49268222, 94.63447527,   6.6
144, 102, 29.48665260, 94.63084858,   6.6
145, 102, 29.48055762, 94.62718032,   6.7
146, 102, 29.47439603, 94.62346973,   6.9
147, 102, 29.46816653, 94.61971606,   7.2
148, 102, 29.46186783, 94.61591855,   8.3
149, 102, 29.45549861, 94.61207642,   8.5
150, 102, 29.44905754, 94.60818888,   8.5
151, 102, 29.44254327, 94.60425514,   8.4
152, 102, 29.43595446, 94.60027441,   8.3
153, 102, 29.42928971, 94.59624587,   8.2
154, 102, 29.42254764, 94.59216870,   8.1
155, 102, 29.41572684, 94.58804208,   8.0
156, 102, 29.40882589, 94.58386515,   7.9
157, 102, 29.40184335, 94.57963708,   7.7
158, 102, 29.39477776, 94.57535701,   7.6
159, 102, 29.38762763, 94.57102406,   7.5
160, 102, 29.38039149, 94.56663736,   7.4
161, 102, 29.37306782, 94.56219601,   7.3
162, 102, 29.36565508, 94.55769912,   7.2
163, 102, 29.35815174, 94.55314577,   7.1
164, 102, 29.35055621, 94.54853504,   7.0
165, 102, 29.34286693, 94.54386599,   7.0
166, 102, 29.33508227, 94.53913768,   6.9
167, 102, 29.32720061, 94.53434916,   6.8
168, 102, 29.31922032, 94.52949945,   6.8
169, 102, 29.31113971, 94.52458757,   6.7
170, 102, 29.30295710, 94.51961253,   6.6
171, 102, 29.29467077, 94.51457332,   6.6
172, 102, 29.28627901, 94.50946893,   6.5
173, 102, 29.27778005, 94.50429833,   6.4
174, 102, 29.26917212, 94.49906047,   6.4
175, 102, 29.26045342, 94.49375430,   6.3
176, 102, 29.25162212, 94.48837874,   6.2
177, 102, 29.24267638, 94.48293272,   6.2
178, 102, 29.23361433, 94.47741513,   6.1
179, 102, 29.22443407, 94.47182487,   6.0
180, 102, 29.21513369, 94.46616081,   5.9
181, 102, 29.20571123, 94.46042182,   5.9
182, 102, 29.19616473, 94.45460673,   5.8
183, 102, 29.18649220, 94.44871439,   5.7
184, 102, 29.17669160, 94.44274361,   5.7
185, 102, 29.16676089, 94.43669319,   5.6
186, 102, 29.15669800, 94.43056192,   5.5
187, 102, 29.14650080, 94.42434857,   5.4
188, 102, 29.13616718, 94.41805189,   5.4
189, 102, 29.12569497, 94.41167063,   5.3
190, 102, 29.11508197, 94.40520351,   5.2
191, 102, 29.10432598, 94.39864923,   5.2
192, 102, 29.09342472, 94.39200649,   5.1
193, 102, 29.08237593, 94.38527397,   5.0
194, 102, 29.07117730, 94.37845031,   5.0
195, 102, 29.05982646, 94.37153415,   4.9
196, 102, 29.04832106, 94.36452413,   4.8
197, 102, 29.03665868, 94.35741884,   4.8
198, 102, 29.02483688, 94.35021686,   4.7
199, 102, 29.01285318, 94.34291677,   4.7
200, 102, 29.00070507, 94.33551712,   4.6
201, 102, 28.98839002, 94.32801643,   4.5
202, 102, 28.97590543, 94.32041322,   4.5
203, 102, 28.96324869, 94.31270598,   4.4
204, 102, 28.95041716, 94.30489318,   4.3
205, 102, 28.93740814, 94.29697328,   4.2
206, 102, 28.92421891, 94.28894470,   4.1
207, 102, 28.91084670, 94.28080587,   4.0
208, 102, 28.89728871, 94.27255516,   3.9
209, 102, 28.88354210, 94.26419096,   3.8
210, 102, 28.86960399, 94.25571161,   3.8
211, 102, 28.85547146, 94.24711545,   3.7
212, 102, 28.84114154, 94.23840077,   3.6
213, 102, 28.82661122, 94.22956586,   3.5
214, 102, 28.81187747, 94.22060899,   3.4
215, 102, 28.79693719, 94.21152839,   3.3
216, 102, 28.78178725, 94.20232229,   3.2
217, 102, 28.76642446, 94.19298888,   3.1
218, 102, 28.75084562, 94.18352633,   3.0
219, 102, 28.73504744, 94.17393278,   2.9
220, 102, 28.71902661, 94.16420636,   2.8
221, 102, 28.70277978, 94.15434516,   2.7
222, 102, 28.68630354, 94.14434728,   2.6
223, 102, 28.66959441, 94.13421074,   2.5
224, 102, 28.65264891, 94.12393358,   2.4
225, 102, 28.63546346, 94.11351379,   2.3
226, 102, 28.61803447, 94.10294936,   2.2
227, 102, 28.60035827, 94.09223821,   2.1
228, 102, 28.58243115, 94.08137829,   2.1
229, 102, 28.56424935, 94.07036747,   2.0
230, 102, 28.54580904, 94.05920364,   2.0
231, 102, 28.52710636, 94.04788461,   1.9
232, 102, 28.50813738, 94.03640822,   1.9
233, 102, 28.48889810, 94.02477223,   1.9
234, 102, 28.46938450, 94.01297442,   1.9
235, 102, 28.44959246, 94.00101249,   1.9
236, 102, 28.42951782, 93.98888415,   1.9
237, 102, 28.40915638, 93.97658708,   1.9
238, 102, 28.38850384, 93.96411889,   2.0
239, 102, 28.36755587, 93.95147722,   2.0
240, 102, 28.34630807, 93.93865962,   2.0
241, 102, 28.32475595, 93.92566365,   2.0
  1, 103, 30.17570875, 94.99915877,  99.9
  2, 103, 30.16899751, 94.99590863,  99.9
  3, 103, 30.16236294, 94.99269288,  99.9
  4, 103, 30.15580366, 94.98951084,  99.9
  5, 103, 30.14931832, 94.98636183,  99.9
  6, 103, 30.14290557, 94.98324518,  99.9
  7, 103, 30.13656407, 94.98016023,  99.9
  8, 103, 30.13029251, 94.97710633,  99.9
  9, 103, 30.12408959, 94.97408282,  99.9
 10, 103, 30.11795401, 94.97108906,  99.9
 11, 103, 30.11188451, 94.96812443,  99.9
 12, 103, 30.10587982, 94.96518830,  99.9
 13, 103, 30.09993869, 94.96228003,  99.9
 14, 103, 30.09405990, 94.95939902,  99.9
 15, 103, 30.08824221, 94.95654466,  99.9
 16, 103, 30.08248443, 94.95371634,  99.9
 17, 103, 30.07678535, 94.95091346,  99.9
 18, 103, 30.07114379, 94.94813544,  99.9
 19, 103, 30.06555858, 94.94538168,  99.9
 20, 103, 30.06002855, 94.94265161,  99.9
 21, 103, 30.05455256, 94.93994464,  99.9
 22, 103, 30.04912948, 94.93726021,  99.9
 23, 103, 30.04375817, 94.93459774,  99.9
 24, 103, 30.03843751, 94.93195669,  99.9
 25, 103, 30.03316641, 94.92933648,  99.9
 26, 103, 30.02794376, 94.92673657,  99.9
 27, 103, 30.02276848, 94.92415641,  99.9
 28, 103, 30.01763950, 94.92159546,  99.9
 29, 103, 30.01255575, 94.91905318,  99.9
 30, 103, 30.00751617, 94.91652902,  99.9
 31, 103, 30.00251971, 94.91402247,  99.9
 32, 103, 29.99756534, 94.91153299,  99.9
 33, 103, 29.99265202, 94.90906006,  99.9
 34, 103, 29.98777874, 94.90660316,  99.9
 35, 103, 29.98294448, 94.90416177,  99.9
 36, 103, 29.97814824, 94.90173538,  99.9
 37, 103, 29.97338902, 94.89932348,  99.9
 38, 103, 29.96866583, 94.89692557,  99.9
 39, 103, 29.96397768, 94.89454113,  99.9
 40, 103, 29.95932361, 94.89216967,  99.9
 41, 103, 29.95470264, 94.88981070,  99.9
 42, 103, 29.95011382, 94.88746371,  99.9
 43, 103, 29.94555619, 94.88512822,  99.9
 44, 103, 29.94102880, 94.88280373,  99.9
 45, 103, 29.93653071, 94.88048975,  99.9
 46, 103, 29.93206099, 94.87818581,  99.9
 47, 103, 29.92761870, 94.87589142,  99.9
 48, 103, 29.92320292, 94.87360610,  99.9
 49, 103, 29.91881274, 94.87132937,  99.9
 50, 103, 29.91444724, 94.86906075,  99.9
 51, 103, 29.91010552, 94.86679978,  99.9
 52, 103, 29.90578666, 94.86454597,  99.9
 53, 103, 29.90148977, 94.86229885,  99.9
 54, 103, 29.89721396, 94.86005796,  99.9
 55, 103, 29.89295834, 94.85782282,  99.9
 56, 103, 29.88872202, 94.85559298,  99.9
 57, 103, 29.88450412, 94.85336795,  99.9
 58, 103, 29.88030377, 94.85114729,  99.9
 59, 103, 29.87612009, 94.84893052,   5.1
 60, 103, 29.87195221, 94.84671718,  99.9
 61, 103, 29.86779926, 94.84450681,  99.9
 62, 103, 29.86366037, 94.84229895,  99.9
 63, 103, 29.85953470, 94.84009314,  99.9
 64, 103, 29.85542137, 94.83788891,  99.9
 65, 103, 29.85131954, 94.83568581,  99.9
 66, 103, 29.84722835, 94.83348338,  99.9
 67, 103, 29.84314695, 94.83128116,  99.9
 68, 103, 29.83907448, 94.82907870,  99.9
 69, 103, 29.83501011, 94.82687552,  99.9
 70, 103, 29.83095298, 94.82467118,  99.9
 71, 103, 29.82690225, 94.82246520,  99.9
 72, 103, 29.82285709, 94.82025715,  99.9
 73, 103, 29.81881663, 94.81804655,  99.9
 74, 103, 29.81478006, 94.81583294,  99.9
 75, 103, 29.81074652, 94.81361587,  99.9
 76, 103, 29.80671517, 94.81139487,  99.9
 77, 103, 29.80268518, 94.80916949,   5.3
 78, 103, 29.79865571, 94.80693925,   5.3
 79, 103, 29.79462592, 94.80470370,   5.3
 80, 103, 29.79059497, 94.80246237,   5.3
 81, 103, 29.78656201, 94.80021479,   5.3
 82, 103, 29.78252622, 94.79796050,   5.4
 83, 103, 29.77848676, 94.79569904,   5.5
 84, 103, 29.77444277, 94.79342992,   5.6
 85, 103, 29.77039342, 94.79115268,   5.6
 86, 103, 29.76633786, 94.78886685,   5.7
 87, 103, 29.76227525, 94.78657196,   5.7
 88, 103, 29.75820475, 94.78426752,   5.7
 89, 103, 29.75412551, 94.78195306,   5.7
 90, 103, 29.75003667, 94.77962810,   5.7
 91, 103, 29.74593739, 94.77729215,   5.7
 92, 103, 29.74182682, 94.77494475,   5.7
 93, 103, 29.73770408, 94.77258538,   5.7
 94, 103, 29.73356834, 94.77021358,   5.7
 95, 103, 29.72941872, 94.76782885,   5.7
 96, 103, 29.72525437, 94.76543069,   5.7
 97, 103, 29.72107441, 94.76301860,   5.7
 98, 103, 29.71687797, 94.76059210,   5.7
 99, 103, 29.71266418, 94.75815067,   5.7
100, 103, 29.70843217, 94.75569381,   5.7
101, 103, 29.70418105, 94.75322102,   5.7
102, 103, 29.69990993, 94.75073178,   5.7
103, 103, 29.69561792, 94.74822558,   5.7
104, 103, 29.69130414, 94.74570190,   5.7
105, 103, 29.68696768, 94.74316021,   5.7
106, 103, 29.68260764, 94.74060001,   5.7
107, 103, 29.67822311, 94.73802074,   5.6
108, 103, 29.67381317, 94.73542189,   5.6
109, 103, 29.66937691, 94.73280292,   5.6
110, 103, 29.66491341, 94.73016329,   5.6
111, 103, 29.66042173, 94.72750244,   5.6
112, 103, 29.65590093, 94.72481984,   5.6
113, 103, 29.65135008, 94.72211493,   5.6
114, 103, 29.64676823, 94.71938716,   5.6
115, 103, 29.64215442, 94.71663595,   5.6
116, 103, 29.63750769, 94.71386075,   5.6
117, 103, 29.63282707, 94.71106099,   5.6
118, 103, 29.62811158, 94.70823608,   5.6
119, 103, 29.62336025, 94.70538544,   5.6
120, 103, 29.61857208, 94.70250849,   5.6
121, 103, 29.61374607, 94.69960464,   5.6
122, 103, 29.60888122, 94.69667329,   5.6
123, 103, 29.60397651, 94.69371384,   5.6
124, 103, 29.59903093, 94.69072568,   5.6
125, 103, 29.59404343, 94.68770819,  99.9
126, 103, 29.58901298, 94.68466075,  99.9
127, 103, 29.58393854, 94.68158275,   6.7
128, 103, 29.57881903, 94.67847354,   6.7
129, 103, 29.57365340, 94.67533249,   6.6
130, 103, 29.56844057, 94.67215895,   6.6
131, 103, 29.56317944, 94.66895228,   6.6
132, 103, 29.55786893, 94.66571182,   6.6
133, 103, 29.55250793, 94.66243689,   6.6
134, 103, 29.54709531, 94.65912684,   6.6
135, 103, 29.54162995, 94.65578098,   6.6
136, 103, 29.53611070, 94.65239863,   6.6
137, 103, 29.53053642, 94.64897909,   6.6
138, 103, 29.52490594, 94.64552166,   6.6
139, 103, 29.51921810, 94.64202565,   6.5
140, 103, 29.51347169, 94.63849032,   6.5
141, 103, 29.50766552, 94.63491497,   6.5
142, 103, 29.50179839, 94.63129885,   6.5
143, 103, 29.49586906, 94.62764124,   6.6
144, 103, 29.48987630, 94.62394137,   6.6
145, 103, 29.48381885, 94.62019850,   6.7
146, 103, 29.47769546, 94.61641187,   6.8
147, 103, 29.47150485, 94.61258069,   7.1
148, 103, 29.46524572, 94.60870420,   8.1
149, 103, 29.45891676, 94.60478159,   8.4
150, 103, 29.45251666, 94.60081207,   8.4
151, 103, 29.44604408, 94.59679483,   8.3
152, 103, 29.43949766, 94.59272905,   8.2
153, 103, 29.43287605, 94.58861391,   8.1
154, 103, 29.42617785, 94.58444856,   8.0
155, 103, 29.41940167, 94.58023215,   7.9
156, 103, 29.41254610, 94.57596384,   7.8
157, 103, 29.40560969, 94.57164276,   7.7
158, 103, 29.39859101, 94.56726801,   7.6
159, 103, 29.39148859, 94.56283872,   7.5
160, 103, 29.38430094, 94.55835399,   7.4
161, 103, 29.37702656, 94.55381291,   7.3
162, 103, 29.36966394, 94.54921455,   7.2
163, 103, 29.36221153, 94.54455798,   7.1
164, 103, 29.35466777, 94.53984226,   7.0
165, 103, 29.34703110, 94.53506644,   6.9
166, 103, 29.33929991, 94.53022954,   6.9
167, 103, 29.33147258, 94.52533058,   6.8
168, 103, 29.32354750, 94.52036858,   6.7
169, 103, 29.31552298, 94.51534253,   6.7
170, 103, 29.30739737, 94.51025142,   6.6
171, 103, 29.29916896, 94.50509421,   6.5
172, 103, 29.29083603, 94.49986987,   6.5
173, 103, 29.28239683, 94.49457733,   6.4
174, 103, 29.27384961, 94.48921554,   6.3
175, 103, 29.26519258, 94.48378341,   6.3
176, 103, 29.25642392, 94.47827984,   6.2
177, 103, 29.24754181, 94.47270372,   6.1
178, 103, 29.23854438, 94.46705394,   6.1
179, 103, 29.22942975, 94.46132936,   6.0
180, 103, 29.22019602, 94.45552882,   5.9
181, 103, 29.21084125, 94.44965115,   5.9
182, 103, 29.20136349, 94.44369519,   5.8
183, 103, 29.19176076, 94.43765972,   5.7
184, 103, 29.18203104, 94.43154354,   5.6
185, 103, 29.17217230, 94.42534542,   5.6
186, 103, 29.16218247, 94.41906411,   5.5
187, 103, 29.15205948, 94.41269837,   5.4
188, 103, 29.14180119, 94.40624691,   5.3
189, 103, 29.13140545, 94.39970844,   5.3
190, 103, 29.12087011, 94.39308166,   5.2
191, 103, 29.11019294, 94.38636523,   5.1
192, 103, 29.09937171, 94.37955783,   5.1
193, 103, 29.08840415, 94.37265808,   5.0
194, 103, 29.07728798, 94.36566461,   5.0
195, 103, 29.06602086, 94.35857602,   4.9
196, 103, 29.05460043, 94.35139091,   4.8
197, 103, 29.04302430, 94.34410784,   4.8
198, 103, 29.03129005, 94.33672536,   4.7
199, 103, 29.01939521, 94.32924201,   4.7
200, 103, 29.00733729, 94.32165629,   4.6
201, 103, 28.99511377, 94.31396670,   4.5
202, 103, 28.98272209, 94.30617171,   4.5
203, 103, 28.97015965, 94.29826977,   4.4
204, 103, 28.95742382, 94.29025933,   4.3
205, 103, 28.94451192, 94.28213879,   4.2
206, 103, 28.93142125, 94.27390654,   4.1
207, 103, 28.91814906, 94.26556096,   4.0
208, 103, 28.90469258, 94.25710040,   3.9
209, 103, 28.89104898, 94.24852318,   3.8
210, 103, 28.87721539, 94.23982761,   3.7
211, 103, 28.86318893, 94.23101199,   3.7
212, 103, 28.84896664, 94.22207456,   3.6
213, 103, 28.83454555, 94.21301358,   3.5
214, 103, 28.81992262, 94.20382726,   3.4
215, 103, 28.80509479, 94.19451379,   3.3
216, 103, 28.79005894, 94.18507135,   3.2
217, 103, 28.77481193, 94.17549808,   3.1
218, 103, 28.75935055, 94.16579211,   3.0
219, 103, 28.74367156, 94.15595153,   2.9
220, 103, 28.72777166, 94.14597442,   2.8
221, 103, 28.71164752, 94.13585882,   2.7
222, 103, 28.69529575, 94.12560277,   2.6
223, 103, 28.67871292, 94.11520426,   2.5
224, 103, 28.66189554, 94.10466126,   2.4
225, 103, 28.64484009, 94.09397172,   2.3
226, 103, 28.62754297, 94.08313356,   2.2
227, 103, 28.61000057, 94.07214467,   2.1
228, 103, 28.59220918, 94.06100292,   2.1
229, 103, 28.57416507, 94.04970614,   2.0
230, 103, 28.55586445, 94.03825215,   2.0
231, 103, 28.53730348, 94.02663873,   1.9
232, 103, 28.51847825, 94.01486363,   1.9
233, 103, 28.49938480, 94.00292457,   1.9
234, 103, 28.48001913, 93.99081925,   1.9
235, 103, 28.46037715, 93.97854535,   1.9
236, 103, 28.44045474, 93.96610048,   1.9
237, 103, 28.42024770, 93.95348227,   1.9
238, 103, 28.39975180, 93.94068827,   2.0
239, 103, 28.37896270, 93.92771605,   2.0
240, 103, 28.35787605, 93.91456311,   2.0
241, 103, 28.33648741, 93.90122693,   2.0
  1, 104, 30.17850855, 94.99137308,  99.9
  2, 104, 30.17176803, 94.98821286,  99.9
  3, 104, 30.16510476, 94.98508540,  99.9
  4, 104, 30.15851736, 94.98199006,  99.9
  5, 104, 30.15200446, 94.97892617,  99.9
  6, 104, 30.14556472, 94.97589307,  99.9
  7, 104, 30.13919680, 94.97289014,  99.9
  8, 104, 30.13289936, 94.96991672,  99.9
  9, 104, 30.12667111, 94.96697219,  99.9
 10, 104, 30.12051075, 94.96405592,  99.9
 11, 104, 30.11441699, 94.96116730,  99.9
 12, 104, 30.10838859, 94.95830572,  99.9
 13, 104, 30.10242427, 94.95547056,  99.9
 14, 104, 30.09652280, 94.95266123,  99.9
 15, 104, 30.09068297, 94.94987714,  99.9
 16, 104, 30.08490354, 94.94711769,  99.9
 17, 104, 30.07918333, 94.94438230,  99.9
 18, 104, 30.07352113, 94.94167039,  99.9
 19, 104, 30.06791579, 94.93898140,  99.9
 20, 104, 30.06236613, 94.93631474,  99.9
 21, 104, 30.05687099, 94.93366987,  99.9
 22, 104, 30.05142924, 94.93104622,  99.9
 23, 104, 30.04603975, 94.92844324,  99.9
 24, 104, 30.04070139, 94.92586037,  99.9
 25, 104, 30.03541306, 94.92329708,  99.9
 26, 104, 30.03017366, 94.92075282,  99.9
 27, 104, 30.02498209, 94.91822706,  99.9
 28, 104, 30.01983728, 94.91571926,  99.9
 29, 104, 30.01473816, 94.91322890,  99.9
 30, 104, 30.00968367, 94.91075546,  99.9
 31, 104, 30.00467276, 94.90829840,  99.9
 32, 104, 29.99970438, 94.90585723,  99.9
 33, 104, 29.99477751, 94.90343141,  99.9
 34, 104, 29.98989111, 94.90102045,  99.9
 35, 104, 29.98504418, 94.89862383,  99.9
 36, 104, 29.98023571, 94.89624106,  99.9
 37, 104, 29.97546469, 94.89387162,  99.9
 38, 104, 29.97073013, 94.89151503,  99.9
 39, 104, 29.96603106, 94.88917079,  99.9
 40, 104, 29.96136648, 94.88683840,  99.9
 41, 104, 29.95673544, 94.88451738,  99.9
 42, 104, 29.95213697, 94.88220725,  99.9
 43, 104, 29.94757011, 94.87990750,  99.9
 44, 104, 29.94303391, 94.87761768,  99.9
 45, 104, 29.93852744, 94.87533728,  99.9
 46, 104, 29.93404974, 94.87306585,  99.9
 47, 104, 29.92959990, 94.87080289,  99.9
 48, 104, 29.92517699, 94.86854794,  99.9
 49, 104, 29.92078007, 94.86630053,  99.9
 50, 104, 29.91640826, 94.86406017,  99.9
 51, 104, 29.91206062, 94.86182642,  99.9
 52, 104, 29.90773626, 94.85959879,  99.9
 53, 104, 29.90343428, 94.85737683,  99.9
 54, 104, 29.89915378, 94.85516006,  99.9
 55, 104, 29.89489387, 94.85294802,  99.9
 56, 104, 29.89065367, 94.85074026,  99.9
 57, 104, 29.88643230, 94.84853631,  99.9
 58, 104, 29.88222887, 94.84633571,  99.9
 59, 104, 29.87804251, 94.84413800,   5.1
 60, 104, 29.87387236, 94.84194273,   5.1
 61, 104, 29.86971753, 94.83974942,  99.9
 62, 104, 29.86557718, 94.83755764,  99.9
 63, 104, 29.86145043, 94.83536691,  99.9
 64, 104, 29.85733643, 94.83317679,  99.9
 65, 104, 29.85323432, 94.83098681,  99.9
 66, 104, 29.84914325, 94.82879652,  99.9
 67, 104, 29.84506237, 94.82660546,  99.9
 68, 104, 29.84099082, 94.82441318,  99.9
 69, 104, 29.83692777, 94.82221922,  99.9
 70, 104, 29.83287236, 94.82002312,  99.9
 71, 104, 29.82882375, 94.81782443,  99.9
 72, 104, 29.82478110, 94.81562268,  99.9
 73, 104, 29.82074357, 94.81341742,  99.9
 74, 104, 29.81671032, 94.81120820,  99.9
 75, 104, 29.81268050, 94.80899455,  99.9
 76, 104, 29.80865327, 94.80677600,  99.9
 77, 104, 29.80462781, 94.80455211,   5.3
 78, 104, 29.80060327, 94.80232241,   5.3
 79, 104, 29.79657882, 94.80008643,   5.3
 80, 104, 29.79255361, 94.79784370,   5.3
 81, 104, 29.78852681, 94.79559378,   5.3
 82, 104, 29.78449758, 94.79333618,   5.4
 83, 104, 29.78046508, 94.79107043,   5.5
 84, 104, 29.77642847, 94.78879608,   5.5
 85, 104, 29.77238691, 94.78651264,   5.6
 86, 104, 29.76833956, 94.78421964,   5.6
 87, 104, 29.76428558, 94.78191661,   5.6
 88, 104, 29.76022412, 94.77960307,   5.6
 89, 104, 29.75615433, 94.77727854,   5.6
 90, 104, 29.75207538, 94.77494253,   5.6
 91, 104, 29.74798640, 94.77259457,   5.6
 92, 104, 29.74388656, 94.77023416,   5.6
 93, 104, 29.73977498, 94.76786083,   5.6
 94, 104, 29.73565083, 94.76547407,   5.6
 95, 104, 29.73151323, 94.76307339,   5.6
 96, 104, 29.72736133, 94.76065829,   5.6
 97, 104, 29.72319427, 94.75822829,   5.6
 98, 104, 29.71901116, 94.75578286,   5.6
 99, 104, 29.71481115, 94.75332152,   5.6
100, 104, 29.71059336, 94.75084374,   5.6
101, 104, 29.70635690, 94.74834902,   5.6
102, 104, 29.70210091, 94.74583683,   5.6
103, 104, 29.69782448, 94.74330667,   5.6
104, 104, 29.69352673, 94.74075801,   5.6
105, 104, 29.68920676, 94.73819032,   5.6
106, 104, 29.68486368, 94.73560307,   5.6
107, 104, 29.68049657, 94.73299573,   5.6
108, 104, 29.67610453, 94.73036776,   5.6
109, 104, 29.67168665, 94.72771862,   5.6
110, 104, 29.66724199, 94.72504776,   5.6
111, 104, 29.66276965, 94.72235463,   5.6
112, 104, 29.65826867, 94.71963868,   5.6
113, 104, 29.65373813, 94.71689934,   5.6
114, 104, 29.64917708, 94.71413605,   5.6
115, 104, 29.64458458, 94.71134824,   5.6
116, 104, 29.63995965, 94.70853534,   5.6
117, 104, 29.63530134, 94.70569677,   5.6
118, 104, 29.63060869, 94.70283194,   5.6
119, 104, 29.62588070, 94.69994027,   5.6
120, 104, 29.62111639, 94.69702116,   5.7
121, 104, 29.61631478, 94.69407400,   5.6
122, 104, 29.61147485, 94.69109820,   5.6
123, 104, 29.60659560, 94.68809314,   5.7
124, 104, 29.60167602, 94.68505820,   5.7
125, 104, 29.59671507, 94.68199276,  99.9
126, 104, 29.59171173, 94.67889619,  99.9
127, 104, 29.58666494, 94.67576786,   6.6
128, 104, 29.58157366, 94.67260712,   6.6
129, 104, 29.57643682, 94.66941332,   6.6
130, 104, 29.57125335, 94.66618581,   6.5
131, 104, 29.56602218, 94.66292393,   6.5
132, 104, 29.56074220, 94.65962701,   6.5
133, 104, 29.55541233, 94.65629436,   6.6
134, 104, 29.55003144, 94.65292532,   6.6
135, 104, 29.54459841, 94.64951918,   6.6
136, 104, 29.53911212, 94.64607525,   6.6
137, 104, 29.53357141, 94.64259283,   6.6
138, 104, 29.52797513, 94.63907120,   6.6
139, 104, 29.52232211, 94.63550965,   6.5
140, 104, 29.51661117, 94.63190743,   6.5
141, 104, 29.51084112, 94.62826383,   6.5
142, 104, 29.50501076, 94.62457809,   6.5
143, 104, 29.49911886, 94.62084945,   6.5
144, 104, 29.49316421, 94.61707717,   6.6
145, 104, 29.48714555, 94.61326046,   6.6
146, 104, 29.48106163, 94.60939855,   6.7
147, 104, 29.47491118, 94.60549064,   7.0
148, 104, 29.46869291, 94.60153596,   8.1
149, 104, 29.46240553, 94.59753367,   8.4
150, 104, 29.45604772, 94.59348298,   8.4
151, 104, 29.44961816, 94.58938305,   8.3
152, 104, 29.44311550, 94.58523306,   8.2
153, 104, 29.43653839, 94.58103214,   8.1
154, 104, 29.42988545, 94.57677946,   8.0
155, 104, 29.42315529, 94.57247414,   7.9
156, 104, 29.41634651, 94.56811531,   7.8
157, 104, 29.40945768, 94.56370208,   7.7
158, 104, 29.40248737, 94.55923356,   7.6
159, 104, 29.39543411, 94.55470883,   7.5
160, 104, 29.38829644, 94.55012698,   7.4
161, 104, 29.38107286, 94.54548708,   7.3
162, 104, 29.37376187, 94.54078819,   7.2
163, 104, 29.36636193, 94.53602935,   7.1
164, 104, 29.35887150, 94.53120960,   7.0
165, 104, 29.35128902, 94.52632796,   6.9
166, 104, 29.34361289, 94.52138345,   6.8
167, 104, 29.33584152, 94.51637505,   6.8
168, 104, 29.32797328, 94.51130177,   6.7
169, 104, 29.32000652, 94.50616257,   6.6
170, 104, 29.31193958, 94.50095640,   6.6
171, 104, 29.30377078, 94.49568224,   6.5
172, 104, 29.29549839, 94.49033899,   6.4
173, 104, 29.28712071, 94.48492559,   6.4
174, 104, 29.27863596, 94.47944095,   6.3
175, 104, 29.27004238, 94.47388395,   6.2
176, 104, 29.26133817, 94.46825348,   6.2
177, 104, 29.25252152, 94.46254840,   6.1
178, 104, 29.24359056, 94.45676756,   6.0
179, 104, 29.23454344, 94.45090980,   6.0
180, 104, 29.22537827, 94.44497394,   5.9
181, 104, 29.21609312, 94.43895879,   5.8
182, 104, 29.20668605, 94.43286313,   5.8
183, 104, 29.19715509, 94.42668575,   5.7
184, 104, 29.18749826, 94.42042540,   5.6
185, 104, 29.17771352, 94.41408082,   5.5
186, 104, 29.16779883, 94.40765075,   5.5
187, 104, 29.15775211, 94.40113389,   5.4
188, 104, 29.14757126, 94.39452893,   5.3
189, 104, 29.13725415, 94.38783457,   5.3
190, 104, 29.12679861, 94.38104945,   5.2
191, 104, 29.11620247, 94.37417222,   5.1
192, 104, 29.10546349, 94.36720150,   5.1
193, 104, 29.09457943, 94.36013590,   5.0
194, 104, 29.08354801, 94.35297402,   4.9
195, 104, 29.07236691, 94.34571442,   4.9
196, 104, 29.06103380, 94.33835565,   4.8
197, 104, 29.04954630, 94.33089625,   4.8
198, 104, 29.03790201, 94.32333474,   4.7
199, 104, 29.02609847, 94.31566961,   4.7
200, 104, 29.01413323, 94.30789933,   4.6
201, 104, 29.00200376, 94.30002236,   4.5
202, 104, 28.98970753, 94.29203714,   4.4
203, 104, 28.97724196, 94.28394207,   4.4
204, 104, 28.96460443, 94.27573557,   4.3
205, 104, 28.95179230, 94.26741600,   4.2
206, 104, 28.93880288, 94.25898171,   4.1
207, 104, 28.92563344, 94.25043103,   4.0
208, 104, 28.91228122, 94.24176228,   3.9
209, 104, 28.89874342, 94.23297374,   3.8
210, 104, 28.88501721, 94.22406367,   3.7
211, 104, 28.87109969, 94.21503033,   3.7
212, 104, 28.85698794, 94.20587192,   3.6
213, 104, 28.84267902, 94.19658664,   3.5
214, 104, 28.82816991, 94.18717268,   3.4
215, 104, 28.81345756, 94.17762816,   3.3
216, 104, 28.79853890, 94.16795123,   3.2
217, 104, 28.78341078, 94.15813998,   3.1
218, 104, 28.76807003, 94.14819249,   3.0
219, 104, 28.75251343, 94.13810681,   2.9
220, 104, 28.73673771, 94.12788096,   2.8
221, 104, 28.72073955, 94.11751294,   2.7
222, 104, 28.70451560, 94.10700073,   2.6
223, 104, 28.68806245, 94.09634227,   2.5
224, 104, 28.67137664, 94.08553549,   2.4
225, 104, 28.65445466, 94.07457827,   2.3
226, 104, 28.63729295, 94.06346849,   2.2
227, 104, 28.61988791, 94.05220399,   2.1
228, 104, 28.60223589, 94.04078257,   2.1
229, 104, 28.58433316, 94.02920202,   2.0
230, 104, 28.56617596, 94.01746010,   2.0
231, 104, 28.54776048, 94.00555452,   1.9
232, 104, 28.52908283, 93.99348298,   1.9
233, 104, 28.51013910, 93.98124316,   1.9
234, 104, 28.49092530, 93.96883268,   1.9
235, 104, 28.47143738, 93.95624915,   1.9
236, 104, 28.45167125, 93.94349015,   1.9
237, 104, 28.43162273, 93.93055323,   1.9
238, 104, 28.41128762, 93.91743588,   1.9
239, 104, 28.39066163, 93.90413560,   2.0
240, 104, 28.36974042, 93.89064984,   2.0
241, 104, 28.34851959, 93.87697600,   2.0
  1, 105, 30.18122916, 94.98355395,  99.9
  2, 105, 30.17446076, 94.98048431,  99.9
  3, 105, 30.16777018, 94.97744582,  99.9
  4, 105, 30.16115604, 94.97443783,  99.9
  5, 105, 30.15461696, 94.97145970,  99.9
  6, 105, 30.14815158, 94.96851081,  99.9
  7, 105, 30.14175855, 94.96559052,  99.9
  8, 105, 30.13543656, 94.96269822,  99.9
  9, 105, 30.12918428, 94.95983330,  99.9
 10, 105, 30.12300043, 94.95699513,  99.9
 11, 105, 30.11688370, 94.95418314,  99.9
 12, 105, 30.11083283, 94.95139671,  99.9
 13, 105, 30.10484657, 94.94863526,  99.9
 14, 105, 30.09892367, 94.94589821,  99.9
 15, 105, 30.09306290, 94.94318497,  99.9
 16, 105, 30.08726305, 94.94049497,  99.9
 17, 105, 30.08152289, 94.93782765,  99.9
 18, 105, 30.07584126, 94.93518243,  99.9
 19, 105, 30.07021695, 94.93255877,  99.9
 20, 105, 30.06464881, 94.92995610,  99.9
 21, 105, 30.05913568, 94.92737388,  99.9
 22, 105, 30.05367641, 94.92481157,  99.9
 23, 105, 30.04826986, 94.92226861,  99.9
 24, 105, 30.04291492, 94.91974448,  99.9
 25, 105, 30.03761046, 94.91723864,  99.9
 26, 105, 30.03235539, 94.91475057,  99.9
 27, 105, 30.02714862, 94.91227974,  99.9
 28, 105, 30.02198906, 94.90982562,  99.9
 29, 105, 30.01687564, 94.90738772,  99.9
 30, 105, 30.01180729, 94.90496550,  99.9
 31, 105, 30.00678297, 94.90255846,  99.9
 32, 105, 30.00180162, 94.90016610,  99.9
 33, 105, 29.99686222, 94.89778791,  99.9
 34, 105, 29.99196373, 94.89542339,  99.9
 35, 105, 29.98710514, 94.89307205,  99.9
 36, 105, 29.98228544, 94.89073339,  99.9
 37, 105, 29.97750362, 94.88840691,  99.9
 38, 105, 29.97275869, 94.88609214,  99.9
 39, 105, 29.96804967, 94.88378859,  99.9
 40, 105, 29.96337556, 94.88149576,  99.9
 41, 105, 29.95873542, 94.87921319,  99.9
 42, 105, 29.95412825, 94.87694039,  99.9
 43, 105, 29.94955312, 94.87467688,  99.9
 44, 105, 29.94500906, 94.87242219,  99.9
 45, 105, 29.94049514, 94.87017586,  99.9
 46, 105, 29.93601041, 94.86793740,  99.9
 47, 105, 29.93155394, 94.86570635,  99.9
 48, 105, 29.92712481, 94.86348225,  99.9
 49, 105, 29.92272208, 94.86126462,  99.9
 50, 105, 29.91834486, 94.85905300,  99.9
 51, 105, 29.91399222, 94.85684693,  99.9
 52, 105, 29.90966326, 94.85464595,  99.9
 53, 105, 29.90535708, 94.85244960,  99.9
 54, 105, 29.90107278, 94.85025742,  99.9
 55, 105, 29.89680948, 94.84806896,  99.9
 56, 105, 29.89256628, 94.84588374,  99.9
 57, 105, 29.88834231, 94.84370132,  99.9
 58, 105, 29.88413668, 94.84152125,  99.9
 59, 105, 29.87994852, 94.83934306,  99.9
 60, 105, 29.87577696, 94.83716630,   5.0
 61, 105, 29.87162113, 94.83499052,   5.0
 62, 105, 29.86748016, 94.83281527,  99.9
 63, 105, 29.86335320, 94.83064008,  99.9
 64, 105, 29.85923938, 94.82846452,  99.9
 65, 105, 29.85513785, 94.82628811,  99.9
 66, 105, 29.85104776, 94.82411042,  99.9
 67, 105, 29.84696825, 94.82193098,  99.9
 68, 105, 29.84289847, 94.81974934,  99.9
 69, 105, 29.83883758, 94.81756505,  99.9
 70, 105, 29.83478474, 94.81537766,  99.9
 71, 105, 29.83073909, 94.81318670,  99.9
 72, 105, 29.82669980, 94.81099172,  99.9
 73, 105, 29.82266603, 94.80879227,  99.9
 74, 105, 29.81863693, 94.80658789,  99.9
 75, 105, 29.81461168, 94.80437811,  99.9
 76, 105, 29.81058942, 94.80216248,  99.9
 77, 105, 29.80656932, 94.79994055,   5.3
 78, 105, 29.80255055, 94.79771184,   5.2
 79, 105, 29.79853227, 94.79547589,   5.2
 80, 105, 29.79451364, 94.79323225,   5.2
 81, 105, 29.79049383, 94.79098044,   5.3
 82, 105, 29.78647199, 94.78871999,   5.3
 83, 105, 29.78244730, 94.78645044,   5.4
 84, 105, 29.77841891, 94.78417132,   5.5
 85, 105, 29.77438599, 94.78188215,   5.6
 86, 105, 29.77034769, 94.77958247,   5.6
 87, 105, 29.76630317, 94.77727178,   5.6
 88, 105, 29.76225160, 94.77494961,   5.6
 89, 105, 29.75819212, 94.77261549,   5.6
 90, 105, 29.75412389, 94.77026892,   5.6
 91, 105, 29.75004608, 94.76790943,   5.6
 92, 105, 29.74595781, 94.76553651,   5.6
 93, 105, 29.74185825, 94.76314969,   5.6
 94, 105, 29.73774654, 94.76074847,   5.6
 95, 105, 29.73362183, 94.75833234,   5.6
 96, 105, 29.72948325, 94.75590082,   5.6
 97, 105, 29.72532994, 94.75345339,   5.6
 98, 105, 29.72116104, 94.75098955,   5.6
 99, 105, 29.71697567, 94.74850879,   5.6
100, 105, 29.71277298, 94.74601061,   5.6
101, 105, 29.70855207, 94.74349447,   5.6
102, 105, 29.70431208, 94.74095986,   5.6
103, 105, 29.70005212, 94.73840627,   5.6
104, 105, 29.69577129, 94.73583315,   5.6
105, 105, 29.69146872, 94.73323999,   5.6
106, 105, 29.68714349, 94.73062623,   5.6
107, 105, 29.68279472, 94.72799135,   5.6
108, 105, 29.67842149, 94.72533481,   5.6
109, 105, 29.67402290, 94.72265604,   5.6
110, 105, 29.66959802, 94.71995451,   5.6
111, 105, 29.66514593, 94.71722965,   5.6
112, 105, 29.66066571, 94.71448089,   5.6
113, 105, 29.65615642, 94.71170769,   5.6
114, 105, 29.65161712, 94.70890946,   5.6
115, 105, 29.64704687, 94.70608562,   5.6
116, 105, 29.64244472, 94.70323560,   5.5
117, 105, 29.63780969, 94.70035881,   5.5
118, 105, 29.63314083, 94.69745465,   5.5
119, 105, 29.62843717, 94.69452254,   5.6
120, 105, 29.62369772, 94.69156186,   5.7
121, 105, 29.61892149, 94.68857200,   5.7
122, 105, 29.61410749, 94.68555236,   5.8
123, 105, 29.60925472, 94.68250231,   5.8
124, 105, 29.60436216, 94.67942122,   5.9
125, 105, 29.59942879, 94.67630847,   6.0
126, 105, 29.59445358, 94.67316340,   6.4
127, 105, 29.58943550, 94.66998538,   6.5
128, 105, 29.58437350, 94.66677376,   6.5
129, 105, 29.57926652, 94.66352787,   6.5
130, 105, 29.57411349, 94.66024705,   6.5
131, 105, 29.56891335, 94.65693062,   6.5
132, 105, 29.56366501, 94.65357791,   6.5
133, 105, 29.55836737, 94.65018823,   6.5
134, 105, 29.55301932, 94.64676088,   6.6
135, 105, 29.54761976, 94.64329516,   6.6
136, 105, 29.54216755, 94.63979037,   6.6
137, 105, 29.53666156, 94.63624578,   6.6
138, 105, 29.53110063, 94.63266067,   6.6
139, 105, 29.52548361, 94.62903430,   6.5
140, 105, 29.51980933, 94.62536594,   6.5
141, 105, 29.51407659, 94.62165482,   6.5
142, 105, 29.50828421, 94.61790021,   6.5
143, 105, 29.50243097, 94.61410132,   6.5
144, 105, 29.49651566, 94.61025738,   6.6
145, 105, 29.49053703, 94.60636761,   6.6
146, 105, 29.48449383, 94.60243121,   6.7
147, 105, 29.47838482, 94.59844738,   7.0
148, 105, 29.47220870, 94.59441531,   8.0
149, 105, 29.46596420, 94.59033417,   8.4
150, 105, 29.45965000, 94.58620313,   8.4
151, 105, 29.45326479, 94.58202135,   8.3
152, 105, 29.44680724, 94.57778798,   8.2
153, 105, 29.44027599, 94.57350215,   8.1
154, 105, 29.43366968, 94.56916300,   8.0
155, 105, 29.42698694, 94.56476964,   7.9
156, 105, 29.42022635, 94.56032117,   7.8
157, 105, 29.41338652, 94.55581670,   7.7
158, 105, 29.40646602, 94.55125530,   7.6
159, 105, 29.39946339, 94.54663605,   7.5
160, 105, 29.39237717, 94.54195802,   7.4
161, 105, 29.38520588, 94.53722025,   7.3
162, 105, 29.37794803, 94.53242177,   7.2
163, 105, 29.37060210, 94.52756163,   7.1
164, 105, 29.36316654, 94.52263882,   7.0
165, 105, 29.35563981, 94.51765236,   6.9
166, 105, 29.34802034, 94.51260123,   6.8
167, 105, 29.34030652, 94.50748441,   6.7
168, 105, 29.33249675, 94.50230087,   6.7
169, 105, 29.32458939, 94.49704955,   6.6
170, 105, 29.31658279, 94.49172940,   6.5
171, 105, 29.30847528, 94.48633933,   6.5
172, 105, 29.30026516, 94.48087827,   6.4
173, 105, 29.29195071, 94.47534510,   6.3
174, 105, 29.28353019, 94.46973871,   6.3
175, 105, 29.27500184, 94.46405796,   6.2
176, 105, 29.26636387, 94.45830172,   6.1
177, 105, 29.25761449, 94.45246883,   6.1
178, 105, 29.24875185, 94.44655810,   6.0
179, 105, 29.23977411, 94.44056834,   6.0
180, 105, 29.23067938, 94.43449836,   5.9
181, 105, 29.22146576, 94.42834693,   5.8
182, 105, 29.21213132, 94.42211281,   5.7
183, 105, 29.20267411, 94.41579475,   5.7
184, 105, 29.19309214, 94.40939148,   5.6
185, 105, 29.18338342, 94.40290172,   5.5
186, 105, 29.17354590, 94.39632416,   5.4
187, 105, 29.16357753, 94.38965749,   5.4
188, 105, 29.15347622, 94.38290037,   5.3
189, 105, 29.14323986, 94.37605145,   5.2
190, 105, 29.13286629, 94.36910934,   5.2
191, 105, 29.12235335, 94.36207268,   5.1
192, 105, 29.11169883, 94.35494005,   5.1
193, 105, 29.10090050, 94.34771002,   5.0
194, 105, 29.08995610, 94.34038115,   4.9
195, 105, 29.07886333, 94.33295197,   4.9
196, 105, 29.06761987, 94.32542102,   4.8
197, 105, 29.05622336, 94.31778678,   4.8
198, 105, 29.04467142, 94.31004774,   4.7
199, 105, 29.03296161, 94.30220235,   4.6
200, 105, 29.02109149, 94.29424905,   4.6
201, 105, 29.00905857, 94.28618627,   4.5
202, 105, 28.99686032, 94.27801240,   4.4
203, 105, 28.98449418, 94.26972581,   4.4
204, 105, 28.97195755, 94.26132488,   4.3
205, 105, 28.95924782, 94.25280792,   4.2
206, 105, 28.94636231, 94.24417326,   4.1
207, 105, 28.93329832, 94.23541918,   4.0
208, 105, 28.92005311, 94.22654395,   3.9
209, 105, 28.90662389, 94.21754582,   3.8
210, 105, 28.89300785, 94.20842301,   3.7
211, 105, 28.87920212, 94.19917372,   3.6
212, 105, 28.86520382, 94.18979613,   3.6
213, 105, 28.85101000, 94.18028839,   3.5
214, 105, 28.83661768, 94.17064863,   3.4
215, 105, 28.82202383, 94.16087495,   3.3
216, 105, 28.80722540, 94.15096543,   3.2
217, 105, 28.79221927, 94.14091813,   3.1
218, 105, 28.77700229, 94.13073106,   3.0
219, 105, 28.76157126, 94.12040225,   2.9
220, 105, 28.74592294, 94.10992966,   2.8
221, 105, 28.73005405, 94.09931124,   2.7
222, 105, 28.71396123, 94.08854492,   2.6
223, 105, 28.69764112, 94.07762860,   2.5
224, 105, 28.68109028, 94.06656013,   2.4
225, 105, 28.66430523, 94.05533738,   2.3
226, 105, 28.64728244, 94.04395815,   2.2
227, 105, 28.63001832, 94.03242022,   2.1
228, 105, 28.61250926, 94.02072135,   2.1
229, 105, 28.59475156, 94.00885927,   2.0
230, 105, 28.57674148, 93.99683169,   2.0
231, 105, 28.55847524, 93.98463626,   1.9
232, 105, 28.53994900, 93.97227062,   1.9
233, 105, 28.52115885, 93.95973240,   1.9
234, 105, 28.50210083, 93.94701915,   1.9
235, 105, 28.48277094, 93.93412843,   1.9
236, 105, 28.46316510, 93.92105775,   1.9
237, 105, 28.44327919, 93.90780460,   1.9
238, 105, 28.42310901, 93.89436642,   1.9
239, 105, 28.40265032, 93.88074063,   2.0
240, 105, 28.38189881, 93.86692462,   2.0
241, 105, 28.36085010, 93.85291575,   2.0
  1, 106, 30.18386998, 94.97570302,  99.9
  2, 106, 30.17707513, 94.97272462,  99.9
  3, 106, 30.17035865, 94.96977573,  99.9
  4, 106, 30.16371915, 94.96685573,  99.9
  5, 106, 30.15715525, 94.96396401,  99.9
  6, 106, 30.15066559, 94.96109994,  99.9
  7, 106, 30.14424881, 94.95826293,  99.9
  8, 106, 30.13790358, 94.95545236,  99.9
  9, 106, 30.13162859, 94.95266764,  99.9
 10, 106, 30.12542252, 94.94990818,  99.9
 11, 106, 30.11928410, 94.94717340,  99.9
 12, 106, 30.11321205, 94.94446272,  99.9
 13, 106, 30.10720510, 94.94177557,  99.9
 14, 106, 30.10126200, 94.93911137,  99.9
 15, 106, 30.09538153, 94.93646956,  99.9
 16, 106, 30.08956245, 94.93384958,  99.9
 17, 106, 30.08380356, 94.93125089,  99.9
 18, 106, 30.07810367, 94.92867293,  99.9
 19, 106, 30.07246158, 94.92611515,  99.9
 20, 106, 30.06687613, 94.92357702,  99.9
 21, 106, 30.06134615, 94.92105799,  99.9
 22, 106, 30.05587049, 94.91855755,  99.9
 23, 106, 30.05044802, 94.91607516,  99.9
 24, 106, 30.04507761, 94.91361029,  99.9
 25, 106, 30.03975814, 94.91116244,  99.9
 26, 106, 30.03448851, 94.90873108,  99.9
 27, 106, 30.02926762, 94.90631569,  99.9
 28, 106, 30.02409438, 94.90391578,  99.9
 29, 106, 30.01896773, 94.90153084,  99.9
 30, 106, 30.01388659, 94.89916036,  99.9
 31, 106, 30.00884991, 94.89680385,  99.9
 32, 106, 30.00385663, 94.89446081,  99.9
 33, 106, 29.99890573, 94.89213074,  99.9
 34, 106, 29.99399618, 94.88981316,  99.9
 35, 106, 29.98912694, 94.88750759,  99.9
 36, 106, 29.98429701, 94.88521353,  99.9
 37, 106, 29.97950539, 94.88293051,  99.9
 38, 106, 29.97475108, 94.88065804,  99.9
 39, 106, 29.97003309, 94.87839565,  99.9
 40, 106, 29.96535043, 94.87614287,  99.9
 41, 106, 29.96070215, 94.87389922,  99.9
 42, 106, 29.95608725, 94.87166423,  99.9
 43, 106, 29.95150480, 94.86943743,  99.9
 44, 106, 29.94695383, 94.86721836,  99.9
 45, 106, 29.94243341, 94.86500655,  99.9
 46, 106, 29.93794257, 94.86280154,  99.9
 47, 106, 29.93348041, 94.86060287,  99.9
 48, 106, 29.92904598, 94.85841007,  99.9
 49, 106, 29.92463836, 94.85622269,  99.9
 50, 106, 29.92025664, 94.85404027,  99.9
 51, 106, 29.91589990, 94.85186236,  99.9
 52, 106, 29.91156725, 94.84968849,  99.9
 53, 106, 29.90725777, 94.84751821,  99.9
 54, 106, 29.90297057, 94.84535108,  99.9
 55, 106, 29.89870476, 94.84318663,  99.9
 56, 106, 29.89445945, 94.84102442,  99.9
 57, 106, 29.89023376, 94.83886399,  99.9
 58, 106, 29.88602681, 94.83670490,  99.9
 59, 106, 29.88183772, 94.83454668,  99.9
 60, 106, 29.87766562, 94.83238890,  99.9
 61, 106, 29.87350965, 94.83023110,   5.0
 62, 106, 29.86936894, 94.82807283,   5.0
 63, 106, 29.86524262, 94.82591364,  99.9
 64, 106, 29.86112984, 94.82375308,  99.9
 65, 106, 29.85702975, 94.82159071,  99.9
 66, 106, 29.85294148, 94.81942606,  99.9
 67, 106, 29.84886419, 94.81725869,  99.9
 68, 106, 29.84479703, 94.81508816,  99.9
 69, 106, 29.84073915, 94.81291400,  99.9
 70, 106, 29.83668972, 94.81073576,  99.9
 71, 106, 29.83264787, 94.80855299,  99.9
 72, 106, 29.82861279, 94.80636524,  99.9
 73, 106, 29.82458361, 94.80417205,  99.9
 74, 106, 29.82055952, 94.80197296,  99.9
 75, 106, 29.81653966, 94.79976752,  99.9
 76, 106, 29.81252320, 94.79755528,  99.9
 77, 106, 29.80850930, 94.79533576,   5.2
 78, 106, 29.80449714, 94.79310851,   5.2
 79, 106, 29.80048587, 94.79087306,   5.2
 80, 106, 29.79647466, 94.78862896,   5.2
 81, 106, 29.79246267, 94.78637573,   5.2
 82, 106, 29.78844907, 94.78411291,   5.3
 83, 106, 29.78443302, 94.78184003,   5.4
 84, 106, 29.78041369, 94.77955661,   5.4
 85, 106, 29.77639024, 94.77726219,   5.5
 86, 106, 29.77236182, 94.77495629,   5.6
 87, 106, 29.76832762, 94.77263842,   5.6
 88, 106, 29.76428677, 94.77030811,   5.6
 89, 106, 29.76023844, 94.76796488,   5.6
 90, 106, 29.75618180, 94.76560824,   5.6
 91, 106, 29.75211598, 94.76323770,   5.6
 92, 106, 29.74804015, 94.76085277,   5.6
 93, 106, 29.74395345, 94.75845296,   5.6
 94, 106, 29.73985505, 94.75603777,   5.6
 95, 106, 29.73574407, 94.75360670,   5.6
 96, 106, 29.73161967, 94.75115924,   5.6
 97, 106, 29.72748098, 94.74869490,   5.6
 98, 106, 29.72332715, 94.74621316,   5.6
 99, 106, 29.71915730, 94.74371350,   5.6
100, 106, 29.71497058, 94.74119542,   5.6
101, 106, 29.71076610, 94.73865839,   5.6
102, 106, 29.70654300, 94.73610189,   5.6
103, 106, 29.70230038, 94.73352538,   5.6
104, 106, 29.69803737, 94.73092834,   5.6
105, 106, 29.69375308, 94.72831024,   5.6
106, 106, 29.68944662, 94.72567052,   5.6
107, 106, 29.68511708, 94.72300864,   5.6
108, 106, 29.68076357, 94.72032407,   5.6
109, 106, 29.67638518, 94.71761623,   5.6
110, 106, 29.67198099, 94.71488458,   5.6
111, 106, 29.66755009, 94.71212855,   5.6
112, 106, 29.66309155, 94.70934757,   5.6
113, 106, 29.65860445, 94.70654107,   5.5
114, 106, 29.65408785, 94.70370847,   5.5
115, 106, 29.64954080, 94.70084918,   5.5
116, 106, 29.64496237, 94.69796263,   5.5
117, 106, 29.64035159, 94.69504821,   5.5
118, 106, 29.63570750, 94.69210533,   5.5
119, 106, 29.63102914, 94.68913337,   5.5
120, 106, 29.62631552, 94.68613173,   5.7
121, 106, 29.62156568, 94.68309979,   5.8
122, 106, 29.61677860, 94.68003693,   5.8
123, 106, 29.61195331, 94.67694251,   5.9
124, 106, 29.60708878, 94.67381591,   5.9
125, 106, 29.60218402, 94.67065648,   6.0
126, 106, 29.59723798, 94.66746356,   6.3
127, 106, 29.59224965, 94.66423651,   6.4
128, 106, 29.58721797, 94.66097466,   6.5
129, 106, 29.58214191, 94.65767734,   6.5
130, 106, 29.57702040, 94.65434388,   6.4
131, 106, 29.57185237, 94.65097359,   6.4
132, 106, 29.56663675, 94.64756579,   6.5
133, 106, 29.56137244, 94.64411976,   6.5
134, 106, 29.55605835, 94.64063481,   6.5
135, 106, 29.55069337, 94.63711023,   6.6
136, 106, 29.54527637, 94.63354528,   6.6
137, 106, 29.53980624, 94.62993925,   6.6
138, 106, 29.53428182, 94.62629138,   6.6
139, 106, 29.52870197, 94.62260095,   6.5
140, 106, 29.52306551, 94.61886718,   6.5
141, 106, 29.51737127, 94.61508932,   6.5
142, 106, 29.51161807, 94.61126660,   6.5
143, 106, 29.50580470, 94.60739823,   6.5
144, 106, 29.49992995, 94.60348343,   6.5
145, 106, 29.49399258, 94.59952139,   6.6
146, 106, 29.48799137, 94.59551131,   6.7
147, 106, 29.48192506, 94.59145236,   7.0
148, 106, 29.47579238, 94.58734372,   7.9
149, 106, 29.46959204, 94.58318455,   8.4
150, 106, 29.46332276, 94.57897401,   8.3
151, 106, 29.45698323, 94.57471123,   8.3
152, 106, 29.45057211, 94.57039535,   8.2
153, 106, 29.44408808, 94.56602548,   8.1
154, 106, 29.43752977, 94.56160075,   8.0
155, 106, 29.43089582, 94.55712023,   7.9
156, 106, 29.42418483, 94.55258304,   7.8
157, 106, 29.41739541, 94.54798824,   7.7
158, 106, 29.41052614, 94.54333490,   7.6
159, 106, 29.40357559, 94.53862207,   7.5
160, 106, 29.39654229, 94.53384879,   7.4
161, 106, 29.38942478, 94.52901411,   7.3
162, 106, 29.38222157, 94.52411703,   7.2
163, 106, 29.37493116, 94.51915656,   7.1
164, 106, 29.36755201, 94.51413169,   7.0
165, 106, 29.36008259, 94.50904142,   6.8
166, 106, 29.35252134, 94.50388470,   6.8
167, 106, 29.34486667, 94.49866049,   6.7
168, 106, 29.33711699, 94.49336774,   6.6
169, 106, 29.32927066, 94.48800537,   6.6
170, 106, 29.32132606, 94.48257230,   6.5
171, 106, 29.31328151, 94.47706743,   6.4
172, 106, 29.30513534, 94.47148964,   6.4
173, 106, 29.29688584, 94.46583782,   6.3
174, 106, 29.28853128, 94.46011081,   6.3
175, 106, 29.28006992, 94.45430747,   6.2
176, 106, 29.27149999, 94.44842663,   6.1
177, 106, 29.26281968, 94.44246708,   6.1
178, 106, 29.25402719, 94.43642765,   6.0
179, 106, 29.24512067, 94.43030711,   5.9
180, 106, 29.23609826, 94.42410422,   5.9
181, 106, 29.22695807, 94.41781775,   5.8
182, 106, 29.21769819, 94.41144642,   5.7
183, 106, 29.20831667, 94.40498895,   5.6
184, 106, 29.19881155, 94.39844406,   5.6
185, 106, 29.18918084, 94.39181041,   5.5
186, 106, 29.17942253, 94.38508669,   5.4
187, 106, 29.16953456, 94.37827155,   5.4
188, 106, 29.15951487, 94.37136361,   5.3
189, 106, 29.14936135, 94.36436149,   5.2
190, 106, 29.13907189, 94.35726380,   5.2
191, 106, 29.12864432, 94.35006911,   5.1
192, 106, 29.11807645, 94.34277598,   5.0
193, 106, 29.10736607, 94.33538296,   5.0
194, 106, 29.09651094, 94.32788857,   4.9
195, 106, 29.08550879, 94.32029131,   4.9
196, 106, 29.07435729, 94.31258967,   4.8
197, 106, 29.06305412, 94.30478211,   4.7
198, 106, 29.05159690, 94.29686707,   4.7
199, 106, 29.03998323, 94.28884299,   4.6
200, 106, 29.02821068, 94.28070826,   4.6
201, 106, 29.01627677, 94.27246126,   4.5
202, 106, 29.00417900, 94.26410036,   4.4
203, 106, 28.99191483, 94.25562390,   4.3
204, 106, 28.97948169, 94.24703020,   4.3
205, 106, 28.96687696, 94.23831755,   4.2
206, 106, 28.95409801, 94.22948422,   4.1
207, 106, 28.94114215, 94.22052846,   4.0
208, 106, 28.92800665, 94.21144851,   3.9
209, 106, 28.91468877, 94.20224257,   3.8
210, 106, 28.90118569, 94.19290882,   3.7
211, 106, 28.88749460, 94.18344542,   3.6
212, 106, 28.87361261, 94.17385049,   3.6
213, 106, 28.85953680, 94.16412216,   3.5
214, 106, 28.84526421, 94.15425850,   3.4
215, 106, 28.83079186, 94.14425757,   3.3
216, 106, 28.81611669, 94.13411741,   3.2
217, 106, 28.80123562, 94.12383602,   3.1
218, 106, 28.78614552, 94.11341139,   3.0
219, 106, 28.77084323, 94.10284146,   2.9
220, 106, 28.75532551, 94.09212418,   2.8
221, 106, 28.73958912, 94.08125744,   2.7
222, 106, 28.72363073, 94.07023912,   2.6
223, 106, 28.70744700, 94.05906705,   2.5
224, 106, 28.69103451, 94.04773907,   2.4
225, 106, 28.67438982, 94.03625296,   2.3
226, 106, 28.65750942, 94.02460649,   2.2
227, 106, 28.64038976, 94.01279738,   2.1
228, 106, 28.62302723, 94.00082333,   2.1
229, 106, 28.60541818, 93.98868203,   2.0
230, 106, 28.58755890, 93.97637112,   1.9
231, 106, 28.56944564, 93.96388820,   1.9
232, 106, 28.55107456, 93.95123086,   1.9
233, 106, 28.53244182, 93.93839665,   1.9
234, 106, 28.51354348, 93.92538308,   1.9
235, 106, 28.49437555, 93.91218765,   1.9
236, 106, 28.47493401, 93.89880781,   1.9
237, 106, 28.45521474, 93.88524099,   1.9
238, 106, 28.43521360, 93.87148456,   1.9
239, 106, 28.41492637, 93.85753588,   2.0
240, 106, 28.39434877, 93.84339228,   2.0
241, 106, 28.37347647, 93.82905104,   2.0
  1, 107, 30.18643048, 94.96782194,  99.9
  2, 107, 30.17961060, 94.96493541,  99.9
  3, 107, 30.17286963, 94.96207675,  99.9
  4, 107, 30.16620616, 94.95924537,  99.9
  5, 107, 30.15961881, 94.95644066,  99.9
  6, 107, 30.15310622, 94.95366203,  99.9
  7, 107, 30.14666703, 94.95090888,  99.9
  8, 107, 30.14029990, 94.94818064,  99.9
  9, 107, 30.13400350, 94.94547672,  99.9
 10, 107, 30.12777654, 94.94279655,  99.9
 11, 107, 30.12161771, 94.94013957,  99.9
 12, 107, 30.11552573, 94.93750521,  99.9
 13, 107, 30.10949935, 94.93489292,  99.9
 14, 107, 30.10353730, 94.93230214,  99.9
 15, 107, 30.09763835, 94.92973232,  99.9
 16, 107, 30.09180127, 94.92718292,  99.9
 17, 107, 30.08602485, 94.92465340,  99.9
 18, 107, 30.08030789, 94.92214323,  99.9
 19, 107, 30.07464920, 94.91965188,  99.9
 20, 107, 30.06904760, 94.91717882,  99.9
 21, 107, 30.06350193, 94.91472353,  99.9
 22, 107, 30.05801104, 94.91228548,  99.9
 23, 107, 30.05257378, 94.90986418,  99.9
 24, 107, 30.04718903, 94.90745910,  99.9
 25, 107, 30.04185566, 94.90506975,  99.9
 26, 107, 30.03657256, 94.90269561,  99.9
 27, 107, 30.03133864, 94.90033618,  99.9
 28, 107, 30.02615282, 94.89799098,  99.9
 29, 107, 30.02101400, 94.89565950,  99.9
 30, 107, 30.01592113, 94.89334126,  99.9
 31, 107, 30.01087313, 94.89103576,  99.9
 32, 107, 30.00586898, 94.88874253,  99.9
 33, 107, 30.00090761, 94.88646108,  99.9
 34, 107, 29.99598801, 94.88419093,  99.9
 35, 107, 29.99110915, 94.88193161,  99.9
 36, 107, 29.98627001, 94.87968264,  99.9
 37, 107, 29.98146959, 94.87744355,  99.9
 38, 107, 29.97670688, 94.87521386,  99.9
 39, 107, 29.97198091, 94.87299312,  99.9
 40, 107, 29.96729068, 94.87078085,  99.9
 41, 107, 29.96263522, 94.86857659,  99.9
 42, 107, 29.95801357, 94.86637988,  99.9
 43, 107, 29.95342475, 94.86419026,  99.9
 44, 107, 29.94886782, 94.86200727,  99.9
 45, 107, 29.94434183, 94.85983045,  99.9
 46, 107, 29.93984584, 94.85765935,  99.9
 47, 107, 29.93537890, 94.85549351,  99.9
 48, 107, 29.93094010, 94.85333248,  99.9
 49, 107, 29.92652851, 94.85117581,  99.9
 50, 107, 29.92214321, 94.84902305,  99.9
 51, 107, 29.91778329, 94.84687373,  99.9
 52, 107, 29.91344784, 94.84472743,  99.9
 53, 107, 29.90913596, 94.84258368,  99.9
 54, 107, 29.90484675, 94.84044205,  99.9
 55, 107, 29.90057932, 94.83830207,  99.9
 56, 107, 29.89633278, 94.83616332,  99.9
 57, 107, 29.89210626, 94.83402533,  99.9
 58, 107, 29.88789886, 94.83188766,  99.9
 59, 107, 29.88370972, 94.82974987,  99.9
 60, 107, 29.87953795, 94.82761151,  99.9
 61, 107, 29.87538271, 94.82547214,  99.9
 62, 107, 29.87124311, 94.82333131,   5.0
 63, 107, 29.86711829, 94.82118856,  99.9
 64, 107, 29.86300741, 94.81904347,  99.9
 65, 107, 29.85890960, 94.81689557,  99.9
 66, 107, 29.85482401, 94.81474443,  99.9
 67, 107, 29.85074980, 94.81258958,  99.9
 68, 107, 29.84668610, 94.81043060,  99.9
 69, 107, 29.84263208, 94.80826701,  99.9
 70, 107, 29.83858689, 94.80609839,  99.9
 71, 107, 29.83454970, 94.80392426,  99.9
 72, 107, 29.83051965, 94.80174419,  99.9
 73, 107, 29.82649592, 94.79955772,   5.1
 74, 107, 29.82247766, 94.79736439,   5.1
 75, 107, 29.81846403, 94.79516375,   5.1
 76, 107, 29.81445421, 94.79295534,   5.1
 77, 107, 29.81044735, 94.79073870,   5.1
 78, 107, 29.80644263, 94.78851337,   5.2
 79, 107, 29.80243921, 94.78627889,   5.2
 80, 107, 29.79843625, 94.78403479,   5.2
 81, 107, 29.79443292, 94.78178062,   5.2
 82, 107, 29.79042839, 94.77951589,   5.2
 83, 107, 29.78642182, 94.77724015,   5.3
 84, 107, 29.78241238, 94.77495291,   5.4
 85, 107, 29.77839924, 94.77265371,   5.5
 86, 107, 29.77438156, 94.77034207,   5.5
 87, 107, 29.77035849, 94.76801750,   5.5
 88, 107, 29.76632922, 94.76567954,   5.5
 89, 107, 29.76229288, 94.76332768,   5.5
 90, 107, 29.75824865, 94.76096146,   5.6
 91, 107, 29.75419569, 94.75858036,   5.6
 92, 107, 29.75013314, 94.75618391,   5.6
 93, 107, 29.74606016, 94.75377161,   5.6
 94, 107, 29.74197590, 94.75134295,   5.6
 95, 107, 29.73787952, 94.74889743,   5.6
 96, 107, 29.73377015, 94.74643456,   5.6
 97, 107, 29.72964695, 94.74395381,   5.6
 98, 107, 29.72550905, 94.74145468,   5.6
 99, 107, 29.72135559, 94.73893664,   5.6
100, 107, 29.71718571, 94.73639919,   5.6
101, 107, 29.71299853, 94.73384179,   5.6
102, 107, 29.70879319, 94.73126391,   5.6
103, 107, 29.70456880, 94.72866503,   5.6
104, 107, 29.70032450, 94.72604460,   5.6
105, 107, 29.69605938, 94.72340210,   5.6
106, 107, 29.69177257, 94.72073696,   5.6
107, 107, 29.68746317, 94.71804864,   5.6
108, 107, 29.68313028, 94.71533658,   5.6
109, 107, 29.67877300, 94.71260023,   5.5
110, 107, 29.67439042, 94.70983903,   5.5
111, 107, 29.66998163, 94.70705240,   5.5
112, 107, 29.66554570, 94.70423976,   5.5
113, 107, 29.66108172, 94.70140054,   5.5
114, 107, 29.65658875, 94.69853416,   5.5
115, 107, 29.65206585, 94.69564002,   5.5
116, 107, 29.64751209, 94.69271753,   5.5
117, 107, 29.64292651, 94.68976608,   5.4
118, 107, 29.63830816, 94.68678507,   5.4
119, 107, 29.63365607, 94.68377388,   5.4
120, 107, 29.62896927, 94.68073190,   5.5
121, 107, 29.62424679, 94.67765850,   5.7
122, 107, 29.61948763, 94.67455305,   5.8
123, 107, 29.61469082, 94.67141491,   5.9
124, 107, 29.60985534, 94.66824343,   6.0
125, 107, 29.60498019, 94.66503797,   6.1
126, 107, 29.60006435, 94.66179785,   6.2
127, 107, 29.59510680, 94.65852243,   6.3
128, 107, 29.59010650, 94.65521103,   6.4
129, 107, 29.58506241, 94.65186296,   6.4
130, 107, 29.57997347, 94.64847755,   6.4
131, 107, 29.57483862, 94.64505408,   6.4
132, 107, 29.56965680, 94.64159188,   6.4
133, 107, 29.56442692, 94.63809022,   6.5
134, 107, 29.55914788, 94.63454838,   6.5
135, 107, 29.55381859, 94.63096565,   6.5
136, 107, 29.54843794, 94.62734128,   6.6
137, 107, 29.54300480, 94.62367454,   6.6
138, 107, 29.53751803, 94.61996467,   6.6
139, 107, 29.53197650, 94.61621092,   6.5
140, 107, 29.52637904, 94.61241252,   6.5
141, 107, 29.52072448, 94.60856869,   6.5
142, 107, 29.51501165, 94.60467864,   6.5
143, 107, 29.50923935, 94.60074158,   6.5
144, 107, 29.50340638, 94.59675671,   6.5
145, 107, 29.49751151, 94.59272321,   6.7
146, 107, 29.49155353, 94.58864026,   6.8
147, 107, 29.48553117, 94.58450703,   7.1
148, 107, 29.47944319, 94.58032266,   7.4
149, 107, 29.47328830, 94.57608632,   8.3
150, 107, 29.46706524, 94.57179713,   8.3
151, 107, 29.46077269, 94.56745422,   8.3
152, 107, 29.45440934, 94.56305670,   8.2
153, 107, 29.44797386, 94.55860369,   8.1
154, 107, 29.44146491, 94.55409426,   8.0
155, 107, 29.43488112, 94.54952752,   7.9
156, 107, 29.42822113, 94.54490251,   7.8
157, 107, 29.42148353, 94.54021832,   7.7
158, 107, 29.41466692, 94.53547397,   7.6
159, 107, 29.40776987, 94.53066852,   7.5
160, 107, 29.40079094, 94.52580098,   7.4
161, 107, 29.39372868, 94.52087036,   7.3
162, 107, 29.38658160, 94.51587567,   7.2
163, 107, 29.37934822, 94.51081588,   7.1
164, 107, 29.37202701, 94.50568998,   7.0
165, 107, 29.36461645, 94.50049692,   6.8
166, 107, 29.35711498, 94.49523566,   6.8
167, 107, 29.34952104, 94.48990512,   6.7
168, 107, 29.34183304, 94.48450423,   6.6
169, 107, 29.33404937, 94.47903189,   6.6
170, 107, 29.32616840, 94.47348700,   6.5
171, 107, 29.31818848, 94.46786843,   6.4
172, 107, 29.31010795, 94.46217506,   6.4
173, 107, 29.30192510, 94.45640572,   6.3
174, 107, 29.29363823, 94.45055926,   6.2
175, 107, 29.28524561, 94.44463449,   6.2
176, 107, 29.27674547, 94.43863022,   6.1
177, 107, 29.26813603, 94.43254523,   6.0
178, 107, 29.25941550, 94.42637831,   6.0
179, 107, 29.25058205, 94.42012821,   5.9
180, 107, 29.24163382, 94.41379367,   5.8
181, 107, 29.23256894, 94.40737342,   5.8
182, 107, 29.22338552, 94.40086616,   5.7
183, 107, 29.21408163, 94.39427059,   5.6
184, 107, 29.20465531, 94.38758537,   5.6
185, 107, 29.19510461, 94.38080918,   5.5
186, 107, 29.18542750, 94.37394064,   5.4
187, 107, 29.17562197, 94.36697839,   5.3
188, 107, 29.16568597, 94.35992102,   5.3
189, 107, 29.15561740, 94.35276712,   5.2
190, 107, 29.14541415, 94.34551525,   5.1
191, 107, 29.13507409, 94.33816398,   5.1
192, 107, 29.12459505, 94.33071182,   5.0
193, 107, 29.11397484, 94.32315728,   5.0
194, 107, 29.10321121, 94.31549886,   4.9
195, 107, 29.09230193, 94.30773503,   4.8
196, 107, 29.08124469, 94.29986423,   4.8
197, 107, 29.07003718, 94.29188490,   4.7
198, 107, 29.05867704, 94.28379545,   4.7
199, 107, 29.04716190, 94.27559427,   4.6
200, 107, 29.03548933, 94.26727972,   4.6
201, 107, 29.02365688, 94.25885016,   4.5
202, 107, 29.01166208, 94.25030389,   4.4
203, 107, 28.99950240, 94.24163924,   4.3
204, 107, 28.98717530, 94.23285447,   4.2
205, 107, 28.97467817, 94.22394784,   4.2
206, 107, 28.96200840, 94.21491760,   4.1
207, 107, 28.94916332, 94.20576194,   4.0
208, 107, 28.93614024, 94.19647907,   3.9
209, 107, 28.92293643, 94.18706713,   3.8
210, 107, 28.90954910, 94.17752428,   3.7
211, 107, 28.89597544, 94.16784863,   3.6
212, 107, 28.88221260, 94.15803826,   3.5
213, 107, 28.86825769, 94.14809125,   3.5
214, 107, 28.85410777, 94.13800563,   3.4
215, 107, 28.83975987, 94.12777942,   3.3
216, 107, 28.82521097, 94.11741061,   3.2
217, 107, 28.81045801, 94.10689715,   3.1
218, 107, 28.79549788, 94.09623699,   3.0
219, 107, 28.78032745, 94.08542803,   2.9
220, 107, 28.76494352, 94.07446816,   2.8
221, 107, 28.74934285, 94.06335522,   2.7
222, 107, 28.73352215, 94.05208704,   2.6
223, 107, 28.71747811, 94.04066143,   2.5
224, 107, 28.70120733, 94.02907613,   2.4
225, 107, 28.68470640, 94.01732891,   2.3
226, 107, 28.66797184, 94.00541746,   2.2
227, 107, 28.65100012, 93.99333946,   2.1
228, 107, 28.63378768, 93.98109257,   2.1
229, 107, 28.61633088, 93.96867440,   2.0
230, 107, 28.59862604, 93.95608254,   1.9
231, 107, 28.58066944, 93.94331455,   1.9
232, 107, 28.56245729, 93.93036796,   1.9
233, 107, 28.54398576, 93.91724024,   1.9
234, 107, 28.52525094, 93.90392888,   1.8
235, 107, 28.50624888, 93.89043129,   1.9
236, 107, 28.48697559, 93.87674486,   1.9
237, 107, 28.46742699, 93.86286697,   1.9
238, 107, 28.44759897, 93.84879493,   1.9
239, 107, 28.42748733, 93.83452605,   2.0
240, 107, 28.40708783, 93.82005757,   2.0
241, 107, 28.38639617, 93.80538671,   2.0
  1, 108, 30.18891010, 94.95991237,  99.9
  2, 108, 30.18206663, 94.95711832,  99.9
  3, 108, 30.17530257, 94.95435050,  99.9
  4, 108, 30.16861654, 94.95160833,  99.9
  5, 108, 30.16200713, 94.94889123,  99.9
  6, 108, 30.15547297, 94.94619862,  99.9
  7, 108, 30.14901271, 94.94352993,  99.9
  8, 108, 30.14262501, 94.94088459,  99.9
  9, 108, 30.13630853, 94.93826205,  99.9
 10, 108, 30.13006197, 94.93566174,  99.9
 11, 108, 30.12388402, 94.93308312,  99.9
 12, 108, 30.11777340, 94.93052564,  99.9
 13, 108, 30.11172884, 94.92798876,  99.9
 14, 108, 30.10574909, 94.92547194,  99.9
 15, 108, 30.09983290, 94.92297466,  99.9
 16, 108, 30.09397905, 94.92049637,  99.9
 17, 108, 30.08818630, 94.91803657,  99.9
 18, 108, 30.08245347, 94.91559472,  99.9
 19, 108, 30.07677936, 94.91317032,  99.9
 20, 108, 30.07116279, 94.91076285,  99.9
 21, 108, 30.06560259, 94.90837181,  99.9
 22, 108, 30.06009761, 94.90599668,  99.9
 23, 108, 30.05464669, 94.90363698,  99.9
 24, 108, 30.04924872, 94.90129219,  99.9
 25, 108, 30.04390256, 94.89896184,  99.9
 26, 108, 30.03860711, 94.89664542,  99.9
 27, 108, 30.03336126, 94.89434245,  99.9
 28, 108, 30.02816393, 94.89205244,  99.9
 29, 108, 30.02301402, 94.88977492,  99.9
 30, 108, 30.01791048, 94.88750940,  99.9
 31, 108, 30.01285223, 94.88525541,  99.9
 32, 108, 30.00783824, 94.88301248,  99.9
 33, 108, 30.00286745, 94.88078012,  99.9
 34, 108, 29.99793883, 94.87855788,  99.9
 35, 108, 29.99305135, 94.87634528,  99.9
 36, 108, 29.98820401, 94.87414187,  99.9
 37, 108, 29.98339579, 94.87194718,  99.9
 38, 108, 29.97862569, 94.86976074,  99.9
 39, 108, 29.97389272, 94.86758211,  99.9
 40, 108, 29.96919590, 94.86541082,  99.9
 41, 108, 29.96453424, 94.86324641,  99.9
 42, 108, 29.95990679, 94.86108844,  99.9
 43, 108, 29.95531257, 94.85893646,  99.9
 44, 108, 29.95075062, 94.85679001,  99.9
 45, 108, 29.94622002, 94.85464863,  99.9
 46, 108, 29.94171980, 94.85251190,  99.9
 47, 108, 29.93724903, 94.85037935,  99.9
 48, 108, 29.93280678, 94.84825054,  99.9
 49, 108, 29.92839214, 94.84612502,  99.9
 50, 108, 29.92400417, 94.84400236,  99.9
 51, 108, 29.91964197, 94.84188211,  99.9
 52, 108, 29.91530463, 94.83976381,  99.9
 53, 108, 29.91099125, 94.83764704,  99.9
 54, 108, 29.90670093, 94.83553135,  99.9
 55, 108, 29.90243277, 94.83341630,  99.9
 56, 108, 29.89818589, 94.83130144,  99.9
 57, 108, 29.89395941, 94.82918634,  99.9
 58, 108, 29.88975244, 94.82707055,  99.9
 59, 108, 29.88556412, 94.82495363,  99.9
 60, 108, 29.88139356, 94.82283514,  99.9
 61, 108, 29.87723990, 94.82071465,  99.9
 62, 108, 29.87310228, 94.81859169,   5.0
 63, 108, 29.86897983, 94.81646584,   5.0
 64, 108, 29.86487170, 94.81433665,   5.0
 65, 108, 29.86077703, 94.81220368,  99.9
 66, 108, 29.85669498, 94.81006649,  99.9
 67, 108, 29.85262468, 94.80792462,  99.9
 68, 108, 29.84856529, 94.80577763,  99.9
 69, 108, 29.84451597, 94.80362508,   5.0
 70, 108, 29.84047588, 94.80146651,   5.0
 71, 108, 29.83644417, 94.79930149,   5.0
 72, 108, 29.83242001, 94.79712955,   5.0
 73, 108, 29.82840255, 94.79495025,   5.1
 74, 108, 29.82439096, 94.79276313,   5.1
 75, 108, 29.82038441, 94.79056774,   5.1
 76, 108, 29.81638206, 94.78836363,   5.1
 77, 108, 29.81238307, 94.78615033,   5.1
 78, 108, 29.80838663, 94.78392738,   5.1
 79, 108, 29.80439188, 94.78169433,   5.1
 80, 108, 29.80039800, 94.77945071,   5.1
 81, 108, 29.79640417, 94.77719605,   5.1
 82, 108, 29.79240954, 94.77492989,   5.2
 83, 108, 29.78841329, 94.77265175,   5.3
 84, 108, 29.78441458, 94.77036117,   5.3
 85, 108, 29.78041258, 94.76805767,   5.4
 86, 108, 29.77640646, 94.76574077,   5.5
 87, 108, 29.77239538, 94.76340999,   5.5
 88, 108, 29.76837851, 94.76106485,   5.5
 89, 108, 29.76435501, 94.75870486,   5.5
 90, 108, 29.76032404, 94.75632954,   5.5
 91, 108, 29.75628477, 94.75393838,   5.5
 92, 108, 29.75223634, 94.75153090,   5.5
 93, 108, 29.74817793, 94.74910661,   5.5
 94, 108, 29.74410867, 94.74666498,   5.5
 95, 108, 29.74002773, 94.74420553,   5.5
 96, 108, 29.73593426, 94.74172774,   5.5
 97, 108, 29.73182740, 94.73923110,   5.5
 98, 108, 29.72770629, 94.73671509,   5.5
 99, 108, 29.72357008, 94.73417920,   5.6
100, 108, 29.71941790, 94.73162290,   5.6
101, 108, 29.71524890, 94.72904565,   5.6
102, 108, 29.71106219, 94.72644694,   5.5
103, 108, 29.70685692, 94.72382622,   5.5
104, 108, 29.70263219, 94.72118295,   5.5
105, 108, 29.69838714, 94.71851658,   5.5
106, 108, 29.69412087, 94.71582657,   5.5
107, 108, 29.68983250, 94.71311236,   5.5
108, 108, 29.68552113, 94.71037339,   5.5
109, 108, 29.68118587, 94.70760910,   5.5
110, 108, 29.67682581, 94.70481891,   5.5
111, 108, 29.67244004, 94.70200224,   5.5
112, 108, 29.66802765, 94.69915853,   5.5
113, 108, 29.66358771, 94.69628718,   5.5
114, 108, 29.65911930, 94.69338761,   5.4
115, 108, 29.65462150, 94.69045920,   5.4
116, 108, 29.65009335, 94.68750137,   5.4
117, 108, 29.64553393, 94.68451350,   5.3
118, 108, 29.64094226, 94.68149498,   5.4
119, 108, 29.63631741, 94.67844519,   5.3
120, 108, 29.63165840, 94.67536350,   5.5
121, 108, 29.62696427, 94.67224927,  99.9
122, 108, 29.62223402, 94.66910186,   5.9
123, 108, 29.61746668, 94.66592064,   5.9
124, 108, 29.61266125, 94.66270494,   6.0
125, 108, 29.60781674, 94.65945410,   6.1
126, 108, 29.60293211, 94.65616746,   6.2
127, 108, 29.59800637, 94.65284434,   6.3
128, 108, 29.59303848, 94.64948406,   6.4
129, 108, 29.58802740, 94.64608593,   6.4
130, 108, 29.58297209, 94.64264925,   6.4
131, 108, 29.57787150, 94.63917332,   6.4
132, 108, 29.57272455, 94.63565742,   6.4
133, 108, 29.56753017, 94.63210084,   6.4
134, 108, 29.56228729, 94.62850285,   6.5
135, 108, 29.55699480, 94.62486270,   6.5
136, 108, 29.55165160, 94.62117965,   6.6
137, 108, 29.54625658, 94.61745296,   6.6
138, 108, 29.54080860, 94.61368185,   6.5
139, 108, 29.53530654, 94.60986555,   6.5
140, 108, 29.52974923, 94.60600328,   6.5
141, 108, 29.52413553, 94.60209426,   6.5
142, 108, 29.51846425, 94.59813769,   6.5
143, 108, 29.51273422, 94.59413275,   6.5
144, 108, 29.50694424, 94.59007862,   6.6
145, 108, 29.50109309, 94.58597449,   6.7
146, 108, 29.49517956, 94.58181950,   6.9
147, 108, 29.48920240, 94.57761282,   7.1
148, 108, 29.48316038, 94.57335359,   7.3
149, 108, 29.47705223, 94.56904093,   8.3
150, 108, 29.47087667, 94.56467396,   8.3
151, 108, 29.46463240, 94.56025181,   8.3
152, 108, 29.45831814, 94.55577355,   8.2
153, 108, 29.45193255, 94.55123829,   8.1
154, 108, 29.44547430, 94.54664510,   8.0
155, 108, 29.43894204, 94.54199305,   7.9
156, 108, 29.43233441, 94.53728118,   7.8
157, 108, 29.42565002, 94.53250854,   7.7
158, 108, 29.41888748, 94.52767416,   7.6
159, 108, 29.41204537, 94.52277706,   7.5
160, 108, 29.40512226, 94.51781624,   7.4
161, 108, 29.39811671, 94.51279069,   7.3
162, 108, 29.39102724, 94.50769939,   7.2
163, 108, 29.38385237, 94.50254132,   7.1
164, 108, 29.37659061, 94.49731542,   7.0
165, 108, 29.36924044, 94.49202063,   6.8
166, 108, 29.36180031, 94.48665589,   6.7
167, 108, 29.35426867, 94.48122010,   6.7
168, 108, 29.34664394, 94.47571216,   6.6
169, 108, 29.33892453, 94.47013096,   6.5
170, 108, 29.33110883, 94.46447537,   6.5
171, 108, 29.32319519, 94.45874425,   6.4
172, 108, 29.31518195, 94.45293643,   6.3
173, 108, 29.30706745, 94.44705074,   6.3
174, 108, 29.29884998, 94.44108600,   6.2
175, 108, 29.29052782, 94.43504100,   6.1
176, 108, 29.28209923, 94.42891452,   6.1
177, 108, 29.27356245, 94.42270532,   6.0
178, 108, 29.26491567, 94.41641216,   6.0
179, 108, 29.25615711, 94.41003376,   5.9
180, 108, 29.24728490, 94.40356884,   5.8
181, 108, 29.23829721, 94.39701609,   5.7
182, 108, 29.22919215, 94.39037421,   5.7
183, 108, 29.21996780, 94.38364186,   5.6
184, 108, 29.21062224, 94.37681767,   5.5
185, 108, 29.20115350, 94.36990029,   5.5
186, 108, 29.19155960, 94.36288831,   5.4
187, 108, 29.18183853, 94.35578034,   5.3
188, 108, 29.17198825, 94.34857496,   5.2
189, 108, 29.16200670, 94.34127070,   5.2
190, 108, 29.15189178, 94.33386612,   5.1
191, 108, 29.14164137, 94.32635972,   5.1
192, 108, 29.13125331, 94.31875002,   5.0
193, 108, 29.12072544, 94.31103548,   4.9
194, 108, 29.11005554, 94.30321456,   4.9
195, 108, 29.09924137, 94.29528570,   4.8
196, 108, 29.08828066, 94.28724732,   4.8
197, 108, 29.07717112, 94.27909782,   4.7
198, 108, 29.06591040, 94.27083557,   4.7
199, 108, 29.05449615, 94.26245892,   4.6
200, 108, 29.04292597, 94.25396621,   4.6
201, 108, 29.03119742, 94.24535574,   4.5
202, 108, 29.01930806, 94.23662581,   4.4
203, 108, 29.00725537, 94.22777468,   4.3
204, 108, 28.99503682, 94.21880059,   4.2
205, 108, 28.98264986, 94.20970176,   4.2
206, 108, 28.97009187, 94.20047639,   4.1
207, 108, 28.95736022, 94.19112264,   4.0
208, 108, 28.94445224, 94.18163868,   3.9
209, 108, 28.93136519, 94.17202261,   3.8
210, 108, 28.91809635, 94.16227254,   3.7
211, 108, 28.90464291, 94.15238655,   3.6
212, 108, 28.89100205, 94.14236267,   3.5
213, 108, 28.87717090, 94.13219894,   3.4
214, 108, 28.86314655, 94.12189335,   3.4
215, 108, 28.84892604, 94.11144387,   3.3
216, 108, 28.83450639, 94.10084844,   3.2
217, 108, 28.81988456, 94.09010499,   3.1
218, 108, 28.80505748, 94.07921139,   3.0
219, 108, 28.79002202, 94.06816551,   2.9
220, 108, 28.77477502, 94.05696519,   2.8
221, 108, 28.75931326, 94.04560823,   2.7
222, 108, 28.74363350, 94.03409241,   2.6
223, 108, 28.72773242, 94.02241547,   2.5
224, 108, 28.71160668, 94.01057513,   2.4
225, 108, 28.69525289, 93.99856907,   2.3
226, 108, 28.67866759, 93.98639497,   2.2
227, 108, 28.66184729, 93.97405044,   2.1
228, 108, 28.64478844, 93.96153308,   2.1
229, 108, 28.62748745, 93.94884045,   2.0
230, 108, 28.60994068, 93.93597010,   1.9
231, 108, 28.59214441, 93.92291951,   1.9
232, 108, 28.57409490, 93.90968616,   1.9
233, 108, 28.55578834, 93.89626749,   1.8
234, 108, 28.53722087, 93.88266089,   1.8
235, 108, 28.51838856, 93.86886375,   1.9
236, 108, 28.49928745, 93.85487338,   1.9
237, 108, 28.47991350, 93.84068709,   1.9
238, 108, 28.46026263, 93.82630216,   1.9
239, 108, 28.44033067, 93.81171580,   2.0
240, 108, 28.42011343, 93.79692522,   2.0
241, 108, 28.39960663, 93.78192757,   2.0
  1, 109, 30.19130834, 94.95197597,  99.9
  2, 109, 30.18444270, 94.94927499,  99.9
  3, 109, 30.17765698, 94.94659860,  99.9
  4, 109, 30.17094978, 94.94394623,  99.9
  5, 109, 30.16431969, 94.94131732,  99.9
  6, 109, 30.15776534, 94.93871130,  99.9
  7, 109, 30.15128537, 94.93612763,  99.9
  8, 109, 30.14487843, 94.93356576,  99.9
  9, 109, 30.13854319, 94.93102514,  99.9
 10, 109, 30.13227834, 94.92850525,  99.9
 11, 109, 30.12608256, 94.92600553,  99.9
 12, 109, 30.11995458, 94.92352547,  99.9
 13, 109, 30.11389312, 94.92106454,  99.9
 14, 109, 30.10789691, 94.91862222,  99.9
 15, 109, 30.10196472, 94.91619799,  99.9
 16, 109, 30.09609531, 94.91379135,  99.9
 17, 109, 30.09028746, 94.91140177,  99.9
 18, 109, 30.08453996, 94.90902877,  99.9
 19, 109, 30.07885161, 94.90667183,  99.9
 20, 109, 30.07322124, 94.90433046,  99.9
 21, 109, 30.06764768, 94.90200417,  99.9
 22, 109, 30.06212975, 94.89969246,  99.9
 23, 109, 30.05666633, 94.89739485,  99.9
 24, 109, 30.05125627, 94.89511086,  99.9
 25, 109, 30.04589844, 94.89283999,  99.9
 26, 109, 30.04059174, 94.89058178,  99.9
 27, 109, 30.03533505, 94.88833575,  99.9
 28, 109, 30.03012729, 94.88610143,  99.9
 29, 109, 30.02496737, 94.88387834,  99.9
 30, 109, 30.01985423, 94.88166603,  99.9
 31, 109, 30.01478679, 94.87946401,  99.9
 32, 109, 30.00976400, 94.87727184,  99.9
 33, 109, 30.00478482, 94.87508905,  99.9
 34, 109, 29.99984822, 94.87291518,  99.9
 35, 109, 29.99495315, 94.87074977,  99.9
 36, 109, 29.99009862, 94.86859238,  99.9
 37, 109, 29.98528361, 94.86644255,  99.9
 38, 109, 29.98050711, 94.86429982,  99.9
 39, 109, 29.97576813, 94.86216375,  99.9
 40, 109, 29.97106569, 94.86003389,  99.9
 41, 109, 29.96639881, 94.85790980,  99.9
 42, 109, 29.96176652, 94.85579103,  99.9
 43, 109, 29.95716785, 94.85367713,  99.9
 44, 109, 29.95260185, 94.85156766,  99.9
 45, 109, 29.94806757, 94.84946218,  99.9
 46, 109, 29.94356406, 94.84736026,  99.9
 47, 109, 29.93909040, 94.84526144,  99.9
 48, 109, 29.93464563, 94.84316530,  99.9
 49, 109, 29.93022885, 94.84107139,  99.9
 50, 109, 29.92583914, 94.83897927,  99.9
 51, 109, 29.92147557, 94.83688851,  99.9
 52, 109, 29.91713725, 94.83479868,  99.9
 53, 109, 29.91282326, 94.83270932,  99.9
 54, 109, 29.90853272, 94.83062002,  99.9
 55, 109, 29.90426472, 94.82853033,  99.9
 56, 109, 29.90001839, 94.82643982,  99.9
 57, 109, 29.89579283, 94.82434804,  99.9
 58, 109, 29.89158718, 94.82225457,  99.9
 59, 109, 29.88740054, 94.82015896,  99.9
 60, 109, 29.88323205, 94.81806079,  99.9
 61, 109, 29.87908085, 94.81595960,  99.9
 62, 109, 29.87494607, 94.81385497,   5.0
 63, 109, 29.87082685, 94.81174646,   5.0
 64, 109, 29.86672233, 94.80963362,   5.0
 65, 109, 29.86263165, 94.80751602,   5.0
 66, 109, 29.85855398, 94.80539322,   5.0
 67, 109, 29.85448845, 94.80326477,   5.0
 68, 109, 29.85043422, 94.80113023,   5.0
 69, 109, 29.84639044, 94.79898915,   5.0
 70, 109, 29.84235628, 94.79684110,   5.0
 71, 109, 29.83833090, 94.79468562,   5.0
 72, 109, 29.83431346, 94.79252227,   5.0
 73, 109, 29.83030311, 94.79035059,   5.0
 74, 109, 29.82629903, 94.78817014,   5.1
 75, 109, 29.82230039, 94.78598046,   5.1
 76, 109, 29.81830634, 94.78378110,   5.1
 77, 109, 29.81431606, 94.78157160,   5.1
 78, 109, 29.81032872, 94.77935150,   5.1
 79, 109, 29.80634348, 94.77712034,   5.1
 80, 109, 29.80235952, 94.77487766,   5.1
 81, 109, 29.79837601, 94.77262299,   5.1
 82, 109, 29.79439212, 94.77035586,   5.1
 83, 109, 29.79040701, 94.76807581,   5.2
 84, 109, 29.78641986, 94.76578236,   5.3
 85, 109, 29.78242984, 94.76347503,   5.4
 86, 109, 29.77843612, 94.76115335,   5.4
 87, 109, 29.77443786, 94.75881684,   5.5
 88, 109, 29.77043423, 94.75646501,   5.5
 89, 109, 29.76642440, 94.75409738,   5.5
 90, 109, 29.76240753, 94.75171344,   5.5
 91, 109, 29.75838279, 94.74931273,   5.5
 92, 109, 29.75434933, 94.74689472,   5.5
 93, 109, 29.75030632, 94.74445893,   5.5
 94, 109, 29.74625292, 94.74200485,   5.5
 95, 109, 29.74218827, 94.73953196,   5.5
 96, 109, 29.73811154, 94.73703977,   5.5
 97, 109, 29.73402187, 94.73452776,   5.5
 98, 109, 29.72991841, 94.73199540,   5.5
 99, 109, 29.72580031, 94.72944217,   5.5
100, 109, 29.72166670, 94.72686754,   5.5
101, 109, 29.71751674, 94.72427099,   5.5
102, 109, 29.71334954, 94.72165198,   5.5
103, 109, 29.70916425, 94.71900996,   5.5
104, 109, 29.70495998, 94.71634439,   5.5
105, 109, 29.70073587, 94.71365472,   5.5
106, 109, 29.69649104, 94.71094039,   5.5
107, 109, 29.69222459, 94.70820085,   5.5
108, 109, 29.68793564, 94.70543553,   5.5
109, 109, 29.68362329, 94.70264385,   5.5
110, 109, 29.67928666, 94.69982525,   5.5
111, 109, 29.67492482, 94.69697914,   5.5
112, 109, 29.67053687, 94.69410494,   5.5
113, 109, 29.66612190, 94.69120205,   5.4
114, 109, 29.66167899, 94.68826988,   5.4
115, 109, 29.65720721, 94.68530782,   5.3
116, 109, 29.65270562, 94.68231526,   5.4
117, 109, 29.64817329, 94.67929158,   5.3
118, 109, 29.64360928, 94.67623617,   5.1
119, 109, 29.63901262, 94.67314840,  99.9
120, 109, 29.63438237, 94.67002762,  99.9
121, 109, 29.62971755, 94.66687320,  99.9
122, 109, 29.62501720, 94.66368449,  99.9
123, 109, 29.62028032, 94.66046084,   6.0
124, 109, 29.61550594, 94.65720158,   6.1
125, 109, 29.61069306, 94.65390604,   6.1
126, 109, 29.60584067, 94.65057354,   6.2
127, 109, 29.60094776, 94.64720340,   6.3
128, 109, 29.59601331, 94.64379494,   6.3
129, 109, 29.59103629, 94.64034744,   6.4
130, 109, 29.58601565, 94.63686021,   6.4
131, 109, 29.58095036, 94.63333252,   6.4
132, 109, 29.57583936, 94.62976366,   6.4
133, 109, 29.57068157, 94.62615288,   6.4
134, 109, 29.56547592, 94.62249946,   6.4
135, 109, 29.56022133, 94.61880265,   6.5
136, 109, 29.55491669, 94.61506168,   6.5
137, 109, 29.54956090, 94.61127579,   6.6
138, 109, 29.54415285, 94.60744420,   6.5
139, 109, 29.53869139, 94.60356614,   6.5
140, 109, 29.53317539, 94.59964080,   6.5
141, 109, 29.52760371, 94.59566739,   6.5
142, 109, 29.52197516, 94.59164510,   6.5
143, 109, 29.51628858, 94.58757309,   6.5
144, 109, 29.51054279, 94.58345054,   6.7
145, 109, 29.50473657, 94.57927661,   6.8
146, 109, 29.49886872, 94.57505044,   7.1
147, 109, 29.49293801, 94.57077117,   7.2
148, 109, 29.48694320, 94.56643793,   7.3
149, 109, 29.48088304, 94.56204984,   8.3
150, 109, 29.47475626, 94.55760599,   8.3
151, 109, 29.46856158, 94.55310549,   8.3
152, 109, 29.46229770, 94.54854741,   8.2
153, 109, 29.45596332, 94.54393083,   8.1
154, 109, 29.44955711, 94.53925481,   8.0
155, 109, 29.44307774, 94.53451839,   7.9
156, 109, 29.43652384, 94.52972061,   7.8
157, 109, 29.42989404, 94.52486050,   7.7
158, 109, 29.42318697, 94.51993707,   7.6
159, 109, 29.41640121, 94.51494931,   7.5
160, 109, 29.40953535, 94.50989622,   7.4
161, 109, 29.40258795, 94.50477676,   7.3
162, 109, 29.39555756, 94.49958990,   7.2
163, 109, 29.38844270, 94.49433458,   7.1
164, 109, 29.38124189, 94.48900974,   7.0
165, 109, 29.37395362, 94.48361430,   6.8
166, 109, 29.36657637, 94.47814716,   6.7
167, 109, 29.35910858, 94.47260722,   6.6
168, 109, 29.35154871, 94.46699335,   6.6
169, 109, 29.34389516, 94.46130442,   6.5
170, 109, 29.33614633, 94.45553927,   6.4
171, 109, 29.32830059, 94.44969675,   6.4
172, 109, 29.32035632, 94.44377566,   6.3
173, 109, 29.31231184, 94.43777482,   6.3
174, 109, 29.30416547, 94.43169300,   6.2
175, 109, 29.29591549, 94.42552899,   6.1
176, 109, 29.28756019, 94.41928153,   6.1
177, 109, 29.27909782, 94.41294937,   6.0
178, 109, 29.27052659, 94.40653123,   5.9
179, 109, 29.26184471, 94.40002582,   5.9
180, 109, 29.25305037, 94.39343182,   5.8
181, 109, 29.24414172, 94.38674791,   5.7
182, 109, 29.23511689, 94.37997274,   5.7
183, 109, 29.22597399, 94.37310495,   5.6
184, 109, 29.21671110, 94.36614316,   5.5
185, 109, 29.20732628, 94.35908598,   5.4
186, 109, 29.19781757, 94.35193197,   5.4
187, 109, 29.18818296, 94.34467972,   5.3
188, 109, 29.17842045, 94.33732775,   5.2
189, 109, 29.16852797, 94.32987461,   5.2
190, 109, 29.15850345, 94.32231879,   5.1
191, 109, 29.14834480, 94.31465878,   5.1
192, 109, 29.13804987, 94.30689305,   5.0
193, 109, 29.12761651, 94.29902005,   4.9
194, 109, 29.11704252, 94.29103819,   4.9
195, 109, 29.10632570, 94.28294589,   4.8
196, 109, 29.09546378, 94.27474154,   4.8
197, 109, 29.08445448, 94.26642348,   4.7
198, 109, 29.07329550, 94.25799007,   4.7
199, 109, 29.06198449, 94.24943963,   4.6
200, 109, 29.05051908, 94.24077044,   4.6
201, 109, 29.03889685, 94.23198079,   4.5
202, 109, 29.02711536, 94.22306892,   4.4
203, 109, 29.01517214, 94.21403307,   4.3
204, 109, 29.00306467, 94.20487144,   4.2
205, 109, 28.99079042, 94.19558221,   4.1
206, 109, 28.97834679, 94.18616354,   4.1
207, 109, 28.96573118, 94.17661356,   4.0
208, 109, 28.95294094, 94.16693038,   3.9
209, 109, 28.93997336, 94.15711208,   3.8
210, 109, 28.92682573, 94.14715672,   3.7
211, 109, 28.91349527, 94.13706234,   3.6
212, 109, 28.89997919, 94.12682693,   3.5
213, 109, 28.88627463, 94.11644849,   3.4
214, 109, 28.87237872, 94.10592496,   3.3
215, 109, 28.85828852, 94.09525426,   3.2
216, 109, 28.84400108, 94.08443430,   3.2
217, 109, 28.82951338, 94.07346296,   3.1
218, 109, 28.81482238, 94.06233806,   3.0
219, 109, 28.79992497, 94.05105744,   2.9
220, 109, 28.78481802, 94.03961886,   2.8
221, 109, 28.76949835, 94.02802010,   2.7
222, 109, 28.75396272, 94.01625888,   2.6
223, 109, 28.73820787, 94.00433290,   2.5
224, 109, 28.72223047, 93.99223982,   2.4
225, 109, 28.70602716, 93.97997729,   2.3
226, 109, 28.68959451, 93.96754290,   2.2
227, 109, 28.67292906, 93.95493424,   2.1
228, 109, 28.65602730, 93.94214885,   2.1
229, 109, 28.63888567, 93.92918423,   2.0
230, 109, 28.62150053, 93.91603788,   1.9
231, 109, 28.60386823, 93.90270722,   1.9
232, 109, 28.58598505, 93.88918969,   1.8
233, 109, 28.56784720, 93.87548265,   1.8
234, 109, 28.54945086, 93.86158346,   1.8
235, 109, 28.53079214, 93.84748942,   1.8
236, 109, 28.51186711, 93.83319780,   1.9
237, 109, 28.49267176, 93.81870586,   1.9
238, 109, 28.47320204, 93.80401080,   1.9
239, 109, 28.45345383, 93.78910977,   2.0
240, 109, 28.43342297, 93.77399993,   2.0
241, 109, 28.41310521, 93.75867836,   2.0
  1, 110, 30.19362469, 94.94401441,  99.9
  2, 110, 30.18673832, 94.94140708,  99.9
  3, 110, 30.17993236, 94.93882268,  99.9
  4, 110, 30.17320539, 94.93626067,  99.9
  5, 110, 30.16655601, 94.93372050,  99.9
  6, 110, 30.15998285, 94.93120163,  99.9
  7, 110, 30.15348452, 94.92870353,  99.9
  8, 110, 30.14705969, 94.92622567,  99.9
  9, 110, 30.14070702, 94.92376752,  99.9
 10, 110, 30.13442519, 94.92132857,  99.9
 11, 110, 30.12821288, 94.91890829,  99.9
 12, 110, 30.12206882, 94.91650617,  99.9
 13, 110, 30.11599172, 94.91412171,  99.9
 14, 110, 30.10998032, 94.91175441,  99.9
 15, 110, 30.10403337, 94.90940375,  99.9
 16, 110, 30.09814963, 94.90706925,  99.9
 17, 110, 30.09232788, 94.90475041,  99.9
 18, 110, 30.08656691, 94.90244675,  99.9
 19, 110, 30.08086552, 94.90015777,  99.9
 20, 110, 30.07522253, 94.89788300,  99.9
 21, 110, 30.06963676, 94.89562195,  99.9
 22, 110, 30.06410706, 94.89337414,  99.9
 23, 110, 30.05863226, 94.89113911,  99.9
 24, 110, 30.05321124, 94.88891638,  99.9
 25, 110, 30.04784286, 94.88670549,  99.9
 26, 110, 30.04252602, 94.88450597,  99.9
 27, 110, 30.03725960, 94.88231735,  99.9
 28, 110, 30.03204250, 94.88013918,  99.9
 29, 110, 30.02687365, 94.87797100,  99.9
 30, 110, 30.02175197, 94.87581234,  99.9
 31, 110, 30.01667640, 94.87366277,  99.9
 32, 110, 30.01164587, 94.87152182,  99.9
 33, 110, 30.00665934, 94.86938905,  99.9
 34, 110, 30.00171578, 94.86726401,  99.9
 35, 110, 29.99681415, 94.86514625,  99.9
 36, 110, 29.99195344, 94.86303534,  99.9
 37, 110, 29.98713263, 94.86093081,  99.9
 38, 110, 29.98235073, 94.85883224,  99.9
 39, 110, 29.97760674, 94.85673919,  99.9
 40, 110, 29.97289967, 94.85465121,  99.9
 41, 110, 29.96822854, 94.85256787,  99.9
 42, 110, 29.96359238, 94.85048873,  99.9
 43, 110, 29.95899022, 94.84841336,  99.9
 44, 110, 29.95442112, 94.84634132,  99.9
 45, 110, 29.94988411, 94.84427218,  99.9
 46, 110, 29.94537826, 94.84220551,  99.9
 47, 110, 29.94090262, 94.84014086,  99.9
 48, 110, 29.93645627, 94.83807782,  99.9
 49, 110, 29.93203828, 94.83601595,  99.9
 50, 110, 29.92764773, 94.83395482,  99.9
 51, 110, 29.92328370, 94.83189400,  99.9
 52, 110, 29.91894530, 94.82983305,  99.9
 53, 110, 29.91463161, 94.82777156,  99.9
 54, 110, 29.91034174, 94.82570908,  99.9
 55, 110, 29.90607480, 94.82364518,  99.9
 56, 110, 29.90182990, 94.82157945,  99.9
 57, 110, 29.89760615, 94.81951144,  99.9
 58, 110, 29.89340267, 94.81744072,  99.9
 59, 110, 29.88921860, 94.81536686,  99.9
 60, 110, 29.88505306, 94.81328944,  99.9
 61, 110, 29.88090518, 94.81120801,   5.0
 62, 110, 29.87677410, 94.80912214,   5.0
 63, 110, 29.87265896, 94.80703140,   5.0
 64, 110, 29.86855890, 94.80493536,   5.0
 65, 110, 29.86447307, 94.80283357,   5.0
 66, 110, 29.86040063, 94.80072560,   5.0
 67, 110, 29.85634071, 94.79861101,   5.0
 68, 110, 29.85229248, 94.79648936,   5.0
 69, 110, 29.84825510, 94.79436021,   5.0
 70, 110, 29.84422771, 94.79222311,   5.0
 71, 110, 29.84020950, 94.79007763,   5.0
 72, 110, 29.83619961, 94.78792331,   5.0
 73, 110, 29.83219721, 94.78575971,   5.0
 74, 110, 29.82820147, 94.78358638,   5.0
 75, 110, 29.82421156, 94.78140287,   5.0
 76, 110, 29.82022665, 94.77920871,   5.0
 77, 110, 29.81624591, 94.77700347,   5.0
 78, 110, 29.81226850, 94.77478668,   5.1
 79, 110, 29.80829361, 94.77255787,   5.1
 80, 110, 29.80432039, 94.77031659,   5.1
 81, 110, 29.80034804, 94.76806238,   5.1
 82, 110, 29.79637571, 94.76579476,   5.1
 83, 110, 29.79240257, 94.76351326,   5.1
 84, 110, 29.78842782, 94.76121741,   5.2
 85, 110, 29.78445060, 94.75890674,   5.3
 86, 110, 29.78047011, 94.75658077,   5.4
 87, 110, 29.77648550, 94.75423901,   5.4
 88, 110, 29.77249594, 94.75188097,   5.4
 89, 110, 29.76850062, 94.74950618,   5.4
 90, 110, 29.76449868, 94.74711414,   5.5
 91, 110, 29.76048931, 94.74470435,   5.5
 92, 110, 29.75647166, 94.74227632,   5.5
 93, 110, 29.75244490, 94.73982954,   5.5
 94, 110, 29.74840819, 94.73736351,   5.5
 95, 110, 29.74436068, 94.73487771,   5.5
 96, 110, 29.74030154, 94.73237163,   5.5
 97, 110, 29.73622991, 94.72984476,   5.5
 98, 110, 29.73214496, 94.72729657,   5.5
 99, 110, 29.72804582, 94.72472653,   5.5
100, 110, 29.72393164, 94.72213412,   5.5
101, 110, 29.71980158, 94.71951879,   5.5
102, 110, 29.71565475, 94.71688002,   5.5
103, 110, 29.71149031, 94.71421725,   5.5
104, 110, 29.70730738, 94.71152993,   5.5
105, 110, 29.70310510, 94.70881750,   5.5
106, 110, 29.69888257, 94.70607942,   5.5
107, 110, 29.69463893, 94.70331511,   5.5
108, 110, 29.69037329, 94.70052401,   5.5
109, 110, 29.68608476, 94.69770553,   5.5
110, 110, 29.68177245, 94.69485910,   5.5
111, 110, 29.67743545, 94.69198414,  99.9
112, 110, 29.67307286, 94.68908004,  99.9
113, 110, 29.66868378, 94.68614620,  99.9
114, 110, 29.66426728, 94.68318204,   5.2
115, 110, 29.65982245, 94.68018693,   5.3
116, 110, 29.65534836, 94.67716026,   5.3
117, 110, 29.65084407, 94.67410140,  99.9
118, 110, 29.64630865, 94.67100973,  99.9
119, 110, 29.64174115, 94.66788460,  99.9
120, 110, 29.63714061, 94.66472539,  99.9
121, 110, 29.63250608, 94.66153143,  99.9
122, 110, 29.62783659, 94.65830207,  99.9
123, 110, 29.62313117, 94.65503665,   6.1
124, 110, 29.61838882, 94.65173449,   6.1
125, 110, 29.61360857, 94.64839493,   6.2
126, 110, 29.60878942, 94.64501726,   6.2
127, 110, 29.60393036, 94.64160080,   6.3
128, 110, 29.59903037, 94.63814485,   6.3
129, 110, 29.59408844, 94.63464869,   6.3
130, 110, 29.58910352, 94.63111161,   6.3
131, 110, 29.58407459, 94.62753289,   6.4
132, 110, 29.57900059, 94.62391179,   6.4
133, 110, 29.57388045, 94.62024757,   6.4
134, 110, 29.56871312, 94.61653948,   6.4
135, 110, 29.56349752, 94.61278675,   6.5
136, 110, 29.55823254, 94.60898862,   6.5
137, 110, 29.55291710, 94.60514431,   6.6
138, 110, 29.54755008, 94.60125304,   6.6
139, 110, 29.54213037, 94.59731400,   6.5
140, 110, 29.53665682, 94.59332640,   6.5
141, 110, 29.53112830, 94.58928941,   6.5
142, 110, 29.52554365, 94.58520221,   6.5
143, 110, 29.51990171, 94.58106397,   6.6
144, 110, 29.51420129, 94.57687384,   6.8
145, 110, 29.50844121, 94.57263096,   7.0
146, 110, 29.50262026, 94.56833447,   7.2
147, 110, 29.49673722, 94.56398349,   7.3
148, 110, 29.49079086, 94.55957713,   7.3
149, 110, 29.48477995, 94.55511450,   8.3
150, 110, 29.47870322, 94.55059467,   8.3
151, 110, 29.47255940, 94.54601674,   8.3
152, 110, 29.46634721, 94.54137977,   8.2
153, 110, 29.46006535, 94.53668281,   8.1
154, 110, 29.45371251, 94.53192490,   8.0
155, 110, 29.44728736, 94.52710509,   7.9
156, 110, 29.44078855, 94.52222238,   7.8
157, 110, 29.43421472, 94.51727579,   7.7
158, 110, 29.42756450, 94.51226430,   7.6
159, 110, 29.42083650, 94.50718690,   7.5
160, 110, 29.41402931, 94.50204256,   7.4
161, 110, 29.40714150, 94.49683023,   7.3
162, 110, 29.40017164, 94.49154886,   7.2
163, 110, 29.39311826, 94.48619736,   7.1
164, 110, 29.38597989, 94.48077466,   7.0
165, 110, 29.37875503, 94.47527966,   6.8
166, 110, 29.37144218, 94.46971123,   6.7
167, 110, 29.36403979, 94.46406826,   6.6
168, 110, 29.35654633, 94.45834960,   6.6
169, 110, 29.34896021, 94.45255409,   6.5
170, 110, 29.34127986, 94.44668056,   6.4
171, 110, 29.33350366, 94.44072781,   6.4
172, 110, 29.32562999, 94.43469465,   6.3
173, 110, 29.31765719, 94.42857986,   6.2
174, 110, 29.30958359, 94.42238220,   6.2
175, 110, 29.30140751, 94.41610042,   6.1
176, 110, 29.29312723, 94.40973324,   6.0
177, 110, 29.28474101, 94.40327940,   6.0
178, 110, 29.27624709, 94.39673757,   5.9
179, 110, 29.26764370, 94.39010646,   5.8
180, 110, 29.25892903, 94.38338471,   5.8
181, 110, 29.25010126, 94.37657097,   5.7
182, 110, 29.24115852, 94.36966388,   5.6
183, 110, 29.23209896, 94.36266205,   5.6
184, 110, 29.22292066, 94.35556405,   5.5
185, 110, 29.21362170, 94.34836848,   5.4
186, 110, 29.20420013, 94.34107388,   5.4
187, 110, 29.19465397, 94.33367880,   5.3
188, 110, 29.18498123, 94.32618173,   5.2
189, 110, 29.17517986, 94.31858119,   5.2
190, 110, 29.16524782, 94.31087564,   5.1
191, 110, 29.15518301, 94.30306355,   5.0
192, 110, 29.14498333, 94.29514336,   5.0
193, 110, 29.13464663, 94.28711346,   4.9
194, 110, 29.12417075, 94.27897227,   4.9
195, 110, 29.11355347, 94.27071814,   4.8
196, 110, 29.10279257, 94.26234944,   4.8
197, 110, 29.09188580, 94.25386450,   4.7
198, 110, 29.08083085, 94.24526161,   4.7
199, 110, 29.06962541, 94.23653907,   4.6
200, 110, 29.05826712, 94.22769513,   4.6
201, 110, 29.04675359, 94.21872805,   4.5
202, 110, 29.03508240, 94.20963602,   4.4
203, 110, 29.02325110, 94.20041724,   4.3
204, 110, 29.01125720, 94.19106989,   4.2
205, 110, 28.99909818, 94.18159210,   4.1
206, 110, 28.98677148, 94.17198200,   4.1
207, 110, 28.97427450, 94.16223767,   4.0
208, 110, 28.96160462, 94.15235720,   3.9
209, 110, 28.94875917, 94.14233861,   3.8
210, 110, 28.93573545, 94.13217993,   3.7
211, 110, 28.92253071, 94.12187915,   3.6
212, 110, 28.90914218, 94.11143423,   3.5
213, 110, 28.89556704, 94.10084312,   3.4
214, 110, 28.88180242, 94.09010372,   3.3
215, 110, 28.86784543, 94.07921391,   3.2
216, 110, 28.85369312, 94.06817155,   3.1
217, 110, 28.83934252, 94.05697447,   3.0
218, 110, 28.82479060, 94.04562046,   3.0
219, 110, 28.81003430, 94.03410730,   2.9
220, 110, 28.79507050, 94.02243272,   2.8
221, 110, 28.77989605, 94.01059443,   2.7
222, 110, 28.76450774, 93.99859012,   2.6
223, 110, 28.74890234, 93.98641742,   2.5
224, 110, 28.73307655, 93.97407397,   2.4
225, 110, 28.71702703, 93.96155735,   2.3
226, 110, 28.70075040, 93.94886510,   2.2
227, 110, 28.68424322, 93.93599477,   2.1
228, 110, 28.66750200, 93.92294383,   2.1
229, 110, 28.65052322, 93.90970975,   2.0
230, 110, 28.63330328, 93.89628994,   1.9
231, 110, 28.61583855, 93.88268181,   1.9
232, 110, 28.59812534, 93.86888271,   1.8
233, 110, 28.58015991, 93.85488997,   1.8
234, 110, 28.56193846, 93.84070086,   1.8
235, 110, 28.54345714, 93.82631265,   1.8
236, 110, 28.52471205, 93.81172255,   1.9
237, 110, 28.50569921, 93.79692775,   1.9
238, 110, 28.48641462, 93.78192538,   1.9
239, 110, 28.46685418, 93.76671256,   1.9
240, 110, 28.44701377, 93.75128636,   2.0
241, 110, 28.42688919, 93.73564381,   2.0
  1, 111, 30.19585866, 94.93602936,  99.9
  2, 111, 30.18895301, 94.93351624,  99.9
  3, 111, 30.18212823, 94.93102438,  99.9
  4, 111, 30.17538291, 94.92855327,  99.9
  5, 111, 30.16871564, 94.92610239,  99.9
  6, 111, 30.16212503, 94.92367120,  99.9
  7, 111, 30.15560971, 94.92125920,  99.9
  8, 111, 30.14916833, 94.91886587,  99.9
  9, 111, 30.14279956, 94.91649071,  99.9
 10, 111, 30.13650206, 94.91413321,  99.9
 11, 111, 30.13027453, 94.91179288,  99.9
 12, 111, 30.12411567, 94.90946921,  99.9
 13, 111, 30.11802420, 94.90716173,  99.9
 14, 111, 30.11199886, 94.90486994,  99.9
 15, 111, 30.10603840, 94.90259335,  99.9
 16, 111, 30.10014156, 94.90033149,  99.9
 17, 111, 30.09430714, 94.89808388,  99.9
 18, 111, 30.08853391, 94.89585004,  99.9
 19, 111, 30.08282067, 94.89362951,  99.9
 20, 111, 30.07716624, 94.89142181,  99.9
 21, 111, 30.07156944, 94.88922648,  99.9
 22, 111, 30.06602910, 94.88704305,  99.9
 23, 111, 30.06054408, 94.88487107,  99.9
 24, 111, 30.05511324, 94.88271008,  99.9
 25, 111, 30.04973543, 94.88055962,  99.9
 26, 111, 30.04440956, 94.87841925,  99.9
 27, 111, 30.03913450, 94.87628850,  99.9
 28, 111, 30.03390916, 94.87416694,  99.9
 29, 111, 30.02873246, 94.87205412,  99.9
 30, 111, 30.02360332, 94.86994958,  99.9
 31, 111, 30.01852066, 94.86785290,  99.9
 32, 111, 30.01348344, 94.86576363,  99.9
 33, 111, 30.00849061, 94.86368133,  99.9
 34, 111, 30.00354112, 94.86160556,  99.9
 35, 111, 29.99863395, 94.85953590,  99.9
 36, 111, 29.99376808, 94.85747189,  99.9
 37, 111, 29.98894249, 94.85541312,  99.9
 38, 111, 29.98415619, 94.85335915,  99.9
 39, 111, 29.97940817, 94.85130955,  99.9
 40, 111, 29.97469745, 94.84926389,  99.9
 41, 111, 29.97002304, 94.84722174,  99.9
 42, 111, 29.96538398, 94.84518267,  99.9
 43, 111, 29.96077930, 94.84314626,  99.9
 44, 111, 29.95620804, 94.84111209,  99.9
 45, 111, 29.95166926, 94.83907971,  99.9
 46, 111, 29.94716200, 94.83704872,  99.9
 47, 111, 29.94268533, 94.83501868,  99.9
 48, 111, 29.93823831, 94.83298918,  99.9
 49, 111, 29.93382003, 94.83095978,  99.9
 50, 111, 29.92942956, 94.82893006,  99.9
 51, 111, 29.92506599, 94.82689961,  99.9
 52, 111, 29.92072841, 94.82486798,  99.9
 53, 111, 29.91641592, 94.82283477,  99.9
 54, 111, 29.91212763, 94.82079955,  99.9
 55, 111, 29.90786262, 94.81876188,  99.9
 56, 111, 29.90362003, 94.81672136,  99.9
 57, 111, 29.89939897, 94.81467754,  99.9
 58, 111, 29.89519856, 94.81263001,  99.9
 59, 111, 29.89101792, 94.81057833,  99.9
 60, 111, 29.88685619, 94.80852209,  99.9
 61, 111, 29.88271250, 94.80646085,   5.0
 62, 111, 29.87858598, 94.80439418,   5.0
 63, 111, 29.87447578, 94.80232165,   5.0
 64, 111, 29.87038104, 94.80024283,   5.0
 65, 111, 29.86630091, 94.79815729,   5.0
 66, 111, 29.86223454, 94.79606460,   5.0
 67, 111, 29.85818109, 94.79396431,   5.0
 68, 111, 29.85413970, 94.79185599,   5.0
 69, 111, 29.85010955, 94.78973921,   5.0
 70, 111, 29.84608978, 94.78761351,   5.0
 71, 111, 29.84207956, 94.78547847,   5.0
 72, 111, 29.83807806, 94.78333364,   5.0
 73, 111, 29.83408445, 94.78117856,   5.0
 74, 111, 29.83009789, 94.77901280,   5.0
 75, 111, 29.82611755, 94.77683591,   5.0
 76, 111, 29.82214260, 94.77464742,   5.0
 77, 111, 29.81817222, 94.77244689,   5.0
 78, 111, 29.81420558, 94.77023386,   5.0
 79, 111, 29.81024185, 94.76800788,   5.0
 80, 111, 29.80628021, 94.76576847,   5.0
 81, 111, 29.80231984, 94.76351517,   5.0
 82, 111, 29.79835990, 94.76124753,   5.1
 83, 111, 29.79439957, 94.75896506,   5.1
 84, 111, 29.79043803, 94.75666729,   5.2
 85, 111, 29.78647445, 94.75435376,   5.3
 86, 111, 29.78250801, 94.75202397,   5.3
 87, 111, 29.77853788, 94.74967744,   5.4
 88, 111, 29.77456323, 94.74731370,   5.4
 89, 111, 29.77058324, 94.74493224,   5.4
 90, 111, 29.76659707, 94.74253258,   5.4
 91, 111, 29.76260390, 94.74011423,   5.4
 92, 111, 29.75860289, 94.73767667,   5.4
 93, 111, 29.75459322, 94.73521941,   5.4
 94, 111, 29.75057404, 94.73274193,   5.5
 95, 111, 29.74654451, 94.73024373,   5.5
 96, 111, 29.74250380, 94.72772429,   5.5
 97, 111, 29.73845107, 94.72518308,   5.5
 98, 111, 29.73438546, 94.72261958,   5.5
 99, 111, 29.73030614, 94.72003327,   5.5
100, 111, 29.72621226, 94.71742360,   5.5
101, 111, 29.72210295, 94.71479005,   5.5
102, 111, 29.71797736, 94.71213206,   5.5
103, 111, 29.71383464, 94.70944908,   5.5
104, 111, 29.70967391, 94.70674056,   5.5
105, 111, 29.70549432, 94.70400595,   5.5
106, 111, 29.70129498, 94.70124468,   5.5
107, 111, 29.69707503, 94.69845618,   5.5
108, 111, 29.69283359, 94.69563986,   5.5
109, 111, 29.68856977, 94.69279517,   5.4
110, 111, 29.68428267, 94.68992150,  99.9
111, 111, 29.67997141, 94.68701826,  99.9
112, 111, 29.67563509, 94.68408486,  99.9
113, 111, 29.67127281, 94.68112069,  99.9
114, 111, 29.66688364, 94.67812514,   5.3
115, 111, 29.66246669, 94.67509760,   5.0
116, 111, 29.65802102, 94.67203744,  99.9
117, 111, 29.65354570, 94.66894402,  99.9
118, 111, 29.64903982, 94.66581673,  99.9
119, 111, 29.64450242, 94.66265490,  99.9
120, 111, 29.63993255, 94.65945790,  99.9
121, 111, 29.63532927, 94.65622505,  99.9
122, 111, 29.63069162, 94.65295571,  99.9
123, 111, 29.62601862, 94.64964919,   6.2
124, 111, 29.62130930, 94.64630482,   6.2
125, 111, 29.61656267, 94.64292191,   6.2
126, 111, 29.61177776, 94.63949977,   6.3
127, 111, 29.60695355, 94.63603769,   6.3
128, 111, 29.60208904, 94.63253496,   6.3
129, 111, 29.59718322, 94.62899086,   6.3
130, 111, 29.59223506, 94.62540467,   6.3
131, 111, 29.58724353, 94.62177565,   6.3
132, 111, 29.58220758, 94.61810305,   6.4
133, 111, 29.57712617, 94.61438613,   6.4
134, 111, 29.57199822, 94.61062412,   6.4
135, 111, 29.56682268, 94.60681625,   6.4
136, 111, 29.56159846, 94.60296174,   6.5
137, 111, 29.55632447, 94.59905980,   6.5
138, 111, 29.55099961, 94.59510963,   6.6
139, 111, 29.54562275, 94.59111043,   6.6
140, 111, 29.54019279, 94.58706137,   6.6
141, 111, 29.53470859, 94.58296163,   6.6
142, 111, 29.52916900, 94.57881037,   6.6
143, 111, 29.52357286, 94.57460674,   6.7
144, 111, 29.51791900, 94.57034988,   6.9
145, 111, 29.51220624, 94.56603893,   7.1
146, 111, 29.50643339, 94.56167299,   7.2
147, 111, 29.50059924, 94.55725118,   7.4
148, 111, 29.49470257, 94.55277261,   7.6
149, 111, 29.48874215, 94.54823634,   8.1
150, 111, 29.48271673, 94.54364146,   8.3
151, 111, 29.47662505, 94.53898703,   8.3
152, 111, 29.47046583, 94.53427211,   8.2
153, 111, 29.46423780, 94.52949573,   8.1
154, 111, 29.45793964, 94.52465691,   8.0
155, 111, 29.45157004, 94.51975468,   7.9
156, 111, 29.44512766, 94.51478803,   7.8
157, 111, 29.43861116, 94.50975596,   7.7
158, 111, 29.43201917, 94.50465744,   7.6
159, 111, 29.42535032, 94.49949144,   7.5
160, 111, 29.41860320, 94.49425689,   7.4
161, 111, 29.41177642, 94.48895275,   7.3
162, 111, 29.40486852, 94.48357793,   7.2
163, 111, 29.39787808, 94.47813135,   7.1
164, 111, 29.39080363, 94.47261189,   7.0
165, 111, 29.38364368, 94.46701843,   6.9
166, 111, 29.37639674, 94.46134985,   6.7
167, 111, 29.36906128, 94.45560500,   6.6
168, 111, 29.36163578, 94.44978270,   6.5
169, 111, 29.35411867, 94.44388178,   6.5
170, 111, 29.34650838, 94.43790105,   6.4
171, 111, 29.33880332, 94.43183929,   6.3
172, 111, 29.33100188, 94.42569528,   6.3
173, 111, 29.32310241, 94.41946777,   6.2
174, 111, 29.31510326, 94.41315552,   6.2
175, 111, 29.30700275, 94.40675723,   6.1
176, 111, 29.29879919, 94.40027163,   6.0
177, 111, 29.29049086, 94.39369740,   6.0
178, 111, 29.28207601, 94.38703321,   5.9
179, 111, 29.27355289, 94.38027772,   5.8
180, 111, 29.26491969, 94.37342958,   5.8
181, 111, 29.25617461, 94.36648739,   5.7
182, 111, 29.24731582, 94.35944977,   5.6
183, 111, 29.23834146, 94.35231529,   5.6
184, 111, 29.22924964, 94.34508252,   5.5
185, 111, 29.22003846, 94.33775001,   5.4
186, 111, 29.21070598, 94.33031628,   5.4
187, 111, 29.20125024, 94.32277984,   5.3
188, 111, 29.19166926, 94.31513918,   5.2
189, 111, 29.18196103, 94.30739277,   5.2
190, 111, 29.17212351, 94.29953904,   5.1
191, 111, 29.16215462, 94.29157644,   5.0
192, 111, 29.15205229, 94.28350335,   5.0
193, 111, 29.14181438, 94.27531817,   4.9
194, 111, 29.13143875, 94.26701926,   4.9
195, 111, 29.12092321, 94.25860496,   4.8
196, 111, 29.11026556, 94.25007359,   4.8
197, 111, 29.09946354, 94.24142345,   4.7
198, 111, 29.08851491, 94.23265280,   4.7
199, 111, 29.07741734, 94.22375990,   4.6
200, 111, 29.06616851, 94.21474298,   4.6
201, 111, 29.05476605, 94.20560024,   4.5
202, 111, 29.04320757, 94.19632986,   4.4
203, 111, 29.03149062, 94.18692999,   4.3
204, 111, 29.01961276, 94.17739877,   4.2
205, 111, 29.00757147, 94.16773431,   4.1
206, 111, 28.99536422, 94.15793468,   4.0
207, 111, 28.98298845, 94.14799794,   4.0
208, 111, 28.97044154, 94.13792212,   3.9
209, 111, 28.95772086, 94.12770522,   3.8
210, 111, 28.94482372, 94.11734523,   3.7
211, 111, 28.93174741, 94.10684009,   3.6
212, 111, 28.91848918, 94.09618773,   3.5
213, 111, 28.90504623, 94.08538603,   3.4
214, 111, 28.89141573, 94.07443288,   3.3
215, 111, 28.87759481, 94.06332610,   3.2
216, 111, 28.86358054, 94.05206352,   3.1
217, 111, 28.84936999, 94.04064290,   3.0
218, 111, 28.83496014, 94.02906201,   3.0
219, 111, 28.82034797, 94.01731857,   2.9
220, 111, 28.80553038, 94.00541028,   2.8
221, 111, 28.79050426, 93.99333478,   2.7
222, 111, 28.77526643, 93.98108972,   2.6
223, 111, 28.75981367, 93.96867270,   2.5
224, 111, 28.74414273, 93.95608129,   2.4
225, 111, 28.72825030, 93.94331302,   2.3
226, 111, 28.71213301, 93.93036539,   2.2
227, 111, 28.69578747, 93.91723589,   2.1
228, 111, 28.67921022, 93.90392195,   2.1
229, 111, 28.66239777, 93.89042097,   2.0
230, 111, 28.64534654, 93.87673033,   1.9
231, 111, 28.62805296, 93.86284737,   1.9
232, 111, 28.61051334, 93.84876938,   1.8
233, 111, 28.59272400, 93.83449364,   1.8
234, 111, 28.57468116, 93.82001737,   1.8
235, 111, 28.55638101, 93.80533777,   1.8
236, 111, 28.53781968, 93.79045200,   1.9
237, 111, 28.51899324, 93.77535719,   1.9
238, 111, 28.49989771, 93.76005042,   1.9
239, 111, 28.48052904, 93.74452873,   1.9
240, 111, 28.46088313, 93.72878914,   2.0
241, 111, 28.44095582, 93.71282861,   2.0
  1, 112, 30.19800978, 94.92802251,  99.9
  2, 112, 30.19108630, 94.92560412,  99.9
  3, 112, 30.18424413, 94.92320534,  99.9
  4, 112, 30.17748187, 94.92082566,  99.9
  5, 112, 30.17079810, 94.91846457,  99.9
  6, 112, 30.16419143, 94.91612158,  99.9
  7, 112, 30.15766048, 94.91379619,  99.9
  8, 112, 30.15120391, 94.91148790,  99.9
  9, 112, 30.14482037, 94.90919623,  99.9
 10, 112, 30.13850852, 94.90692069,  99.9
 11, 112, 30.13226707, 94.90466080,  99.9
 12, 112, 30.12609471, 94.90241608,  99.9
 13, 112, 30.11999015, 94.90018606,  99.9
 14, 112, 30.11395213, 94.89797027,  99.9
 15, 112, 30.10797940, 94.89576823,  99.9
 16, 112, 30.10207070, 94.89357949,  99.9
 17, 112, 30.09622482, 94.89140358,  99.9
 18, 112, 30.09044054, 94.88924004,  99.9
 19, 112, 30.08471664, 94.88708841,  99.9
 20, 112, 30.07905196, 94.88494825,  99.9
 21, 112, 30.07344529, 94.88281910,  99.9
 22, 112, 30.06789549, 94.88070051,  99.9
 23, 112, 30.06240139, 94.87859204,  99.9
 24, 112, 30.05696186, 94.87649324,  99.9
 25, 112, 30.05157575, 94.87440367,  99.9
 26, 112, 30.04624196, 94.87232290,  99.9
 27, 112, 30.04095937, 94.87025047,  99.9
 28, 112, 30.03572688, 94.86818597,  99.9
 29, 112, 30.03054341, 94.86612894,  99.9
 30, 112, 30.02540787, 94.86407897,  99.9
 31, 112, 30.02031920, 94.86203562,  99.9
 32, 112, 30.01527634, 94.85999846,  99.9
 33, 112, 30.01027824, 94.85796707,  99.9
 34, 112, 30.00532387, 94.85594102,  99.9
 35, 112, 30.00041218, 94.85391987,  99.9
 36, 112, 29.99554217, 94.85190322,  99.9
 37, 112, 29.99071281, 94.84989063,  99.9
 38, 112, 29.98592310, 94.84788169,  99.9
 39, 112, 29.98117204, 94.84587597,  99.9
 40, 112, 29.97645865, 94.84387305,  99.9
 41, 112, 29.97178195, 94.84187252,  99.9
 42, 112, 29.96714096, 94.83987395,  99.9
 43, 112, 29.96253471, 94.83787693,  99.9
 44, 112, 29.95796226, 94.83588104,  99.9
 45, 112, 29.95342264, 94.83388586,  99.9
 46, 112, 29.94891491, 94.83189098,  99.9
 47, 112, 29.94443814, 94.82989597,  99.9
 48, 112, 29.93999140, 94.82790043,  99.9
 49, 112, 29.93557375, 94.82590392,  99.9
 50, 112, 29.93118428, 94.82390605,  99.9
 51, 112, 29.92682207, 94.82190638,  99.9
 52, 112, 29.92248622, 94.81990450,  99.9
 53, 112, 29.91817583, 94.81790000,  99.9
 54, 112, 29.91388999, 94.81589245,  99.9
 55, 112, 29.90962782, 94.81388144,  99.9
 56, 112, 29.90538843, 94.81186655,  99.9
 57, 112, 29.90117094, 94.80984736,  99.9
 58, 112, 29.89697446, 94.80782344,  99.9
 59, 112, 29.89279813, 94.80579437,  99.9
 60, 112, 29.88864108, 94.80375974,  99.9
 61, 112, 29.88450243, 94.80171912,   5.0
 62, 112, 29.88038134, 94.79967207,   5.0
 63, 112, 29.87627694, 94.79761819,   5.0
 64, 112, 29.87218837, 94.79555703,   5.0
 65, 112, 29.86811479, 94.79348817,   5.0
 66, 112, 29.86405535, 94.79141119,   4.9
 67, 112, 29.86000920, 94.78932564,   4.9
 68, 112, 29.85597550, 94.78723109,   4.9
 69, 112, 29.85195341, 94.78512711,   4.9
 70, 112, 29.84794209, 94.78301326,   4.9
 71, 112, 29.84394071, 94.78088911,   4.9
 72, 112, 29.83994844, 94.77875420,   4.9
 73, 112, 29.83596444, 94.77660810,   4.9
 74, 112, 29.83198788, 94.77445036,   4.9
 75, 112, 29.82801794, 94.77228053,   4.9
 76, 112, 29.82405379, 94.77009817,   5.0
 77, 112, 29.82009460, 94.76790281,   5.0
 78, 112, 29.81613955, 94.76569401,   5.0
 79, 112, 29.81218782, 94.76347130,   5.0
 80, 112, 29.80823857, 94.76123423,   5.0
 81, 112, 29.80429100, 94.75898232,   5.0
 82, 112, 29.80034427, 94.75671512,   5.0
 83, 112, 29.79639757, 94.75443215,   5.1
 84, 112, 29.79245007, 94.75213295,   5.1
 85, 112, 29.78850096, 94.74981702,   5.2
 86, 112, 29.78454940, 94.74748390,   5.3
 87, 112, 29.78059457, 94.74513310,   5.3
 88, 112, 29.77663566, 94.74276413,   5.3
 89, 112, 29.77267183, 94.74037650,   5.4
 90, 112, 29.76870226, 94.73796973,   5.4
 91, 112, 29.76472612, 94.73554330,   5.4
 92, 112, 29.76074259, 94.73309672,   5.4
 93, 112, 29.75675083, 94.73062948,   5.4
 94, 112, 29.75275002, 94.72814108,   5.4
 95, 112, 29.74873931, 94.72563099,   5.4
 96, 112, 29.74471788, 94.72309870,   5.4
 97, 112, 29.74068488, 94.72054369,   5.4
 98, 112, 29.73663947, 94.71796542,   5.4
 99, 112, 29.73258081, 94.71536336,   5.4
100, 112, 29.72850806, 94.71273698,   5.4
101, 112, 29.72442037, 94.71008574,   5.4
102, 112, 29.72031688, 94.70740908,   5.4
103, 112, 29.71619673, 94.70470645,   5.4
104, 112, 29.71205907, 94.70197730,   5.4
105, 112, 29.70790304, 94.69922106,   5.4
106, 112, 29.70372777, 94.69643717,   5.4
107, 112, 29.69953239, 94.69362504,   5.4
108, 112, 29.69531602, 94.69078411,   5.4
109, 112, 29.69107779, 94.68791377,  99.9
110, 112, 29.68681681, 94.68501345,  99.9
111, 112, 29.68253219, 94.68208255,  99.9
112, 112, 29.67822303, 94.67912045,  99.9
113, 112, 29.67388845, 94.67612655,  99.9
114, 112, 29.66952753, 94.67310024,  99.9
115, 112, 29.66513937, 94.67004089,   4.9
116, 112, 29.66072304, 94.66694787,  99.9
117, 112, 29.65627763, 94.66382054,  99.9
118, 112, 29.65180222, 94.66065826,  99.9
119, 112, 29.64729586, 94.65746038,  99.9
120, 112, 29.64275762, 94.65422624,  99.9
121, 112, 29.63818654, 94.65095518,  99.9
122, 112, 29.63358168, 94.64764652,  99.9
123, 112, 29.62894208, 94.64429959,   6.3
124, 112, 29.62426676, 94.64091369,   6.2
125, 112, 29.61955475, 94.63748813,   6.3
126, 112, 29.61480506, 94.63402221,   6.3
127, 112, 29.61001671, 94.63051522,   6.3
128, 112, 29.60518870, 94.62696643,   6.3
129, 112, 29.60032001, 94.62337512,   6.3
130, 112, 29.59540962, 94.61974055,   6.3
131, 112, 29.59045653, 94.61606197,   6.3
132, 112, 29.58545968, 94.61233863,   6.3
133, 112, 29.58041804, 94.60856977,   6.4
134, 112, 29.57533055, 94.60475462,   6.4
135, 112, 29.57019615, 94.60089239,   6.4
136, 112, 29.56501376, 94.59698228,   6.5
137, 112, 29.55978231, 94.59302351,   6.5
138, 112, 29.55450070, 94.58901526,   6.6
139, 112, 29.54916783, 94.58495671,   6.6
140, 112, 29.54378259, 94.58084703,   6.6
141, 112, 29.53834384, 94.57668538,   6.6
142, 112, 29.53285044, 94.57247090,   6.7
143, 112, 29.52730127, 94.56820274,   6.8
144, 112, 29.52169514, 94.56388003,   6.9
145, 112, 29.51603089, 94.55950187,   7.1
146, 112, 29.51030734, 94.55506738,   7.3
147, 112, 29.50452329, 94.55057565,   7.4
148, 112, 29.49867753, 94.54602576,   7.6
149, 112, 29.49276884, 94.54141679,   8.1
150, 112, 29.48679597, 94.53674780,   8.4
151, 112, 29.48075769, 94.53201782,   8.3
152, 112, 29.47465272, 94.52722591,   8.3
153, 112, 29.46847980, 94.52237107,   8.1
154, 112, 29.46223762, 94.51745233,   8.0
155, 112, 29.45592489, 94.51246868,   7.9
156, 112, 29.44954028, 94.50741911,   7.8
157, 112, 29.44308246, 94.50230258,   7.7
158, 112, 29.43655007, 94.49711806,   7.6
159, 112, 29.42994174, 94.49186450,   7.5
160, 112, 29.42325610, 94.48654082,   7.4
161, 112, 29.41649174, 94.48114594,   7.3
162, 112, 29.40964725, 94.47567877,   7.2
163, 112, 29.40272120, 94.47013820,   7.1
164, 112, 29.39571212, 94.46452310,   7.0
165, 112, 29.38861856, 94.45883234,   6.9
166, 112, 29.38143903, 94.45306475,   6.7
167, 112, 29.37417202, 94.44721917,   6.6
168, 112, 29.36681601, 94.44129441,   6.5
169, 112, 29.35936947, 94.43528928,   6.5
170, 112, 29.35183082, 94.42920256,   6.4
171, 112, 29.34419849, 94.42303301,   6.3
172, 112, 29.33647088, 94.41677939,   6.3
173, 112, 29.32864637, 94.41044043,   6.2
174, 112, 29.32072332, 94.40401486,   6.1
175, 112, 29.31270007, 94.39750137,   6.1
176, 112, 29.30457493, 94.39089864,   6.0
177, 112, 29.29634621, 94.38420535,   5.9
178, 112, 29.28801216, 94.37742014,   5.9
179, 112, 29.27957106, 94.37054165,   5.8
180, 112, 29.27102111, 94.36356849,   5.8
181, 112, 29.26236054, 94.35649925,   5.7
182, 112, 29.25358752, 94.34933250,   5.6
183, 112, 29.24470021, 94.34206682,   5.6
184, 112, 29.23569675, 94.33470073,   5.5
185, 112, 29.22657524, 94.32723275,   5.4
186, 112, 29.21733378, 94.31966139,   5.3
187, 112, 29.20797041, 94.31198511,   5.3
188, 112, 29.19848318, 94.30420239,   5.2
189, 112, 29.18887008, 94.29631165,   5.1
190, 112, 29.17912911, 94.28831132,   5.1
191, 112, 29.16925820, 94.28019979,   5.0
192, 112, 29.15925530, 94.27197544,   5.0
193, 112, 29.14911829, 94.26363661,   4.9
194, 112, 29.13884505, 94.25518165,   4.8
195, 112, 29.12843342, 94.24660885,   4.8
196, 112, 29.11788120, 94.23791652,   4.8
197, 112, 29.10718618, 94.22910290,   4.7
198, 112, 29.09634610, 94.22016624,   4.7
199, 112, 29.08535869, 94.21110475,   4.6
200, 112, 29.07422164, 94.20191664,   4.5
201, 112, 29.06293260, 94.19260006,   4.5
202, 112, 29.05148920, 94.18315317,   4.4
203, 112, 29.03988903, 94.17357408,   4.3
204, 112, 29.02812964, 94.16386089,   4.2
205, 112, 29.01620855, 94.15401167,   4.1
206, 112, 29.00412327, 94.14402446,   4.0
207, 112, 28.99187124, 94.13389727,   4.0
208, 112, 28.97944989, 94.12362811,   3.9
209, 112, 28.96685659, 94.11321493,   3.8
210, 112, 28.95408869, 94.10265568,   3.7
211, 112, 28.94114350, 94.09194825,   3.6
212, 112, 28.92801829, 94.08109054,   3.5
213, 112, 28.91471030, 94.07008040,   3.4
214, 112, 28.90121671, 94.05891566,   3.3
215, 112, 28.88753469, 94.04759410,   3.2
216, 112, 28.87366134, 94.03611351,   3.1
217, 112, 28.85959375, 94.02447161,   3.0
218, 112, 28.84532893, 94.01266611,   2.9
219, 112, 28.83086388, 94.00069470,   2.9
220, 112, 28.81619555, 93.98855502,   2.8
221, 112, 28.80132084, 93.97624469,   2.7
222, 112, 28.78623661, 93.96376129,   2.6
223, 112, 28.77093967, 93.95110237,   2.5
224, 112, 28.75542679, 93.93826546,   2.4
225, 112, 28.73969469, 93.92524803,   2.3
226, 112, 28.72374005, 93.91204756,   2.2
227, 112, 28.70755950, 93.89866145,   2.2
228, 112, 28.69114961, 93.88508710,   2.1
229, 112, 28.67450692, 93.87132186,   2.0
230, 112, 28.65762790, 93.85736304,   1.9
231, 112, 28.64050899, 93.84320794,   1.9
232, 112, 28.62314656, 93.82885380,   1.8
233, 112, 28.60553694, 93.81429782,   1.8
234, 112, 28.58767640, 93.79953719,   1.8
235, 112, 28.56956116, 93.78456905,   1.8
236, 112, 28.55118739, 93.76939049,   1.8
237, 112, 28.53255119, 93.75399859,   1.9
238, 112, 28.51364861, 93.73839036,   1.9
239, 112, 28.49447565, 93.72256279,   1.9
240, 112, 28.47502825, 93.70651284,   2.0
241, 112, 28.45530228, 93.69023741,   2.0
  1, 113, 30.20007760, 94.91999553,  99.9
  2, 113, 30.19313774, 94.91767239,  99.9
  3, 113, 30.18627962, 94.91536719,  99.9
  4, 113, 30.17950184, 94.91307945,  99.9
  5, 113, 30.17280297, 94.91080866,  99.9
  6, 113, 30.16618162, 94.90855436,  99.9
  7, 113, 30.15963642, 94.90631607,  99.9
  8, 113, 30.15316600, 94.90409331,  99.9
  9, 113, 30.14676903, 94.90188562,  99.9
 10, 113, 30.14044416, 94.89969252,  99.9
 11, 113, 30.13419009, 94.89751355,  99.9
 12, 113, 30.12800551, 94.89534825,  99.9
 13, 113, 30.12188914, 94.89319616,  99.9
 14, 113, 30.11583971, 94.89105683,  99.9
 15, 113, 30.10985596, 94.88892981,  99.9
 16, 113, 30.10393664, 94.88681465,  99.9
 17, 113, 30.09808053, 94.88471090,  99.9
 18, 113, 30.09228640, 94.88261811,  99.9
 19, 113, 30.08655305, 94.88053585,  99.9
 20, 113, 30.08087929, 94.87846368,  99.9
 21, 113, 30.07526394, 94.87640116,  99.9
 22, 113, 30.06970583, 94.87434786,  99.9
 23, 113, 30.06420380, 94.87230334,  99.9
 24, 113, 30.05875671, 94.87026717,  99.9
 25, 113, 30.05336343, 94.86823893,  99.9
 26, 113, 30.04802284, 94.86621819,  99.9
 27, 113, 30.04273382, 94.86420453,  99.9
 28, 113, 30.03749527, 94.86219751,  99.9
 29, 113, 30.03230611, 94.86019672,  99.9
 30, 113, 30.02716526, 94.85820174,  99.9
 31, 113, 30.02207164, 94.85621215,  99.9
 32, 113, 30.01702419, 94.85422754,  99.9
 33, 113, 30.01202188, 94.85224748,  99.9
 34, 113, 30.00706365, 94.85027155,  99.9
 35, 113, 30.00214847, 94.84829936,  99.9
 36, 113, 29.99727533, 94.84633048,  99.9
 37, 113, 29.99244320, 94.84436450,  99.9
 38, 113, 29.98765109, 94.84240100,  99.9
 39, 113, 29.98289799, 94.84043959,  99.9
 40, 113, 29.97818292, 94.83847983,  99.9
 41, 113, 29.97350489, 94.83652134,  99.9
 42, 113, 29.96886294, 94.83456369,  99.9
 43, 113, 29.96425609, 94.83260648,  99.9
 44, 113, 29.95968339, 94.83064929,  99.9
 45, 113, 29.95514389, 94.82869172,  99.9
 46, 113, 29.95063664, 94.82673336,  99.9
 47, 113, 29.94616071, 94.82477380,  99.9
 48, 113, 29.94171515, 94.82281263,  99.9
 49, 113, 29.93729906, 94.82084944,  99.9
 50, 113, 29.93291150, 94.81888382,  99.9
 51, 113, 29.92855157, 94.81691536,  99.9
 52, 113, 29.92421835, 94.81494365,  99.9
 53, 113, 29.91991095, 94.81296827,  99.9
 54, 113, 29.91562848, 94.81098883,  99.9
 55, 113, 29.91137003, 94.80900489,  99.9
 56, 113, 29.90713472, 94.80701605,  99.9
 57, 113, 29.90292167, 94.80502190,  99.9
 58, 113, 29.89873001, 94.80302201,  99.9
 59, 113, 29.89455886, 94.80101598,  99.9
 60, 113, 29.89040735, 94.79900338,  99.9
 61, 113, 29.88627462, 94.79698380,  99.9
 62, 113, 29.88215980, 94.79495681,  99.9
 63, 113, 29.87806205, 94.79292200,   5.0
 64, 113, 29.87398051, 94.79087893,   4.9
 65, 113, 29.86991433, 94.78882718,   4.9
 66, 113, 29.86586266, 94.78676634,   4.9
 67, 113, 29.86182466, 94.78469596,   4.9
 68, 113, 29.85779948, 94.78261562,   4.9
 69, 113, 29.85378630, 94.78052489,   4.9
 70, 113, 29.84978427, 94.77842332,   4.9
 71, 113, 29.84579257, 94.77631049,   4.9
 72, 113, 29.84181035, 94.77418596,   4.9
 73, 113, 29.83783679, 94.77204928,   4.9
 74, 113, 29.83387107, 94.76990001,   4.9
 75, 113, 29.82991235, 94.76773770,   4.9
 76, 113, 29.82595982, 94.76556191,   4.9
 77, 113, 29.82201265, 94.76337218,   4.9
 78, 113, 29.81807001, 94.76116806,   5.0
 79, 113, 29.81413109, 94.75894909,   5.0
 80, 113, 29.81019507, 94.75671482,   5.0
 81, 113, 29.80626112, 94.75446477,   5.0
 82, 113, 29.80232843, 94.75219848,   5.0
 83, 113, 29.79839618, 94.74991549,   5.0
 84, 113, 29.79446354, 94.74761532,   5.1
 85, 113, 29.79052971, 94.74529748,   5.1
 86, 113, 29.78659385, 94.74296151,   5.2
 87, 113, 29.78265515, 94.74060692,   5.2
 88, 113, 29.77871280, 94.73823322,   5.3
 89, 113, 29.77476596, 94.73583992,   5.3
 90, 113, 29.77081381, 94.73342652,   5.3
 91, 113, 29.76685553, 94.73099252,   5.3
 92, 113, 29.76289031, 94.72853743,   5.4
 93, 113, 29.75891730, 94.72606073,   5.4
 94, 113, 29.75493568, 94.72356191,   5.4
 95, 113, 29.75094463, 94.72104046,   5.4
 96, 113, 29.74694330, 94.71849584,   5.4
 97, 113, 29.74293088, 94.71592755,   5.4
 98, 113, 29.73890651, 94.71333503,   5.4
 99, 113, 29.73486936, 94.71071777,   5.4
100, 113, 29.73081859, 94.70807522,   5.4
101, 113, 29.72675336, 94.70540684,   5.4
102, 113, 29.72267282, 94.70271206,   5.4
103, 113, 29.71857611, 94.69999034,   5.4
104, 113, 29.71446238, 94.69724112,   5.4
105, 113, 29.71033078, 94.69446382,   5.4
106, 113, 29.70618044, 94.69165788,   5.4
107, 113, 29.70201050, 94.68882272,  99.9
108, 113, 29.69782008, 94.68595774,  99.9
109, 113, 29.69360832, 94.68306237,  99.9
110, 113, 29.68937433, 94.68013599,  99.9
111, 113, 29.68511724, 94.67717802,  99.9
112, 113, 29.68083615, 94.67418784,  99.9
113, 113, 29.67653017, 94.67116483,  99.9
114, 113, 29.67219840, 94.66810838,   4.9
115, 113, 29.66783994, 94.66501785,   4.9
116, 113, 29.66345388, 94.66189260,  99.9
117, 113, 29.65903930, 94.65873200,  99.9
118, 113, 29.65459528, 94.65553539,  99.9
119, 113, 29.65012090, 94.65230211,  99.9
120, 113, 29.64561522, 94.64903151,  99.9
121, 113, 29.64107730, 94.64572290,  99.9
122, 113, 29.63650620, 94.64237561,  99.9
123, 113, 29.63190095, 94.63898894,   6.2
124, 113, 29.62726060, 94.63556221,   6.3
125, 113, 29.62258418, 94.63209472,   6.3
126, 113, 29.61787071, 94.62858573,   6.3
127, 113, 29.61311921, 94.62503455,   6.3
128, 113, 29.60832869, 94.62144043,   6.3
129, 113, 29.60349814, 94.61780264,   6.3
130, 113, 29.59862656, 94.61412043,   6.3
131, 113, 29.59371292, 94.61039305,   6.3
132, 113, 29.58875621, 94.60661974,   6.3
133, 113, 29.58375539, 94.60279971,   6.3
134, 113, 29.57870940, 94.59893219,   6.3
135, 113, 29.57361721, 94.59501639,   6.4
136, 113, 29.56847774, 94.59105150,   6.4
137, 113, 29.56328992, 94.58703671,   6.5
138, 113, 29.55805266, 94.58297119,   6.6
139, 113, 29.55276487, 94.57885412,   6.6
140, 113, 29.54742545, 94.57468466,   6.6
141, 113, 29.54203328, 94.57046194,   6.7
142, 113, 29.53658723, 94.56618511,   6.7
143, 113, 29.53108617, 94.56185330,   6.8
144, 113, 29.52552894, 94.55746561,   7.0
145, 113, 29.51991438, 94.55302114,   7.1
146, 113, 29.51424131, 94.54851901,   7.3
147, 113, 29.50850856, 94.54395827,   7.4
148, 113, 29.50271491, 94.53933801,   7.7
149, 113, 29.49685917, 94.53465727,   8.0
150, 113, 29.49094010, 94.52991511,   8.4
151, 113, 29.48495647, 94.52511055,   8.4
152, 113, 29.47890701, 94.52024262,   8.2
153, 113, 29.47279048, 94.51531033,   8.1
154, 113, 29.46660558, 94.51031266,   8.0
155, 113, 29.46035103, 94.50524861,   7.9
156, 113, 29.45402551, 94.50011713,   7.8
157, 113, 29.44762770, 94.49491719,   7.8
158, 113, 29.44115626, 94.48964773,   7.7
159, 113, 29.43460983, 94.48430768,   7.5
160, 113, 29.42798705, 94.47889594,   7.4
161, 113, 29.42128652, 94.47341143,   7.3
162, 113, 29.41450685, 94.46785302,   7.2
163, 113, 29.40764660, 94.46221958,   7.1
164, 113, 29.40070436, 94.45650998,   7.0
165, 113, 29.39367865, 94.45072306,   6.9
166, 113, 29.38656802, 94.44485763,   6.8
167, 113, 29.37937096, 94.43891251,   6.6
168, 113, 29.37208597, 94.43288650,   6.5
169, 113, 29.36471152, 94.42677837,   6.4
170, 113, 29.35724607, 94.42058689,   6.4
171, 113, 29.34968806, 94.41431080,   6.3
172, 113, 29.34203589, 94.40794884,   6.2
173, 113, 29.33428796, 94.40149971,   6.2
174, 113, 29.32644264, 94.39496212,   6.1
175, 113, 29.31849830, 94.38833473,   6.1
176, 113, 29.31045326, 94.38161622,   6.0
177, 113, 29.30230584, 94.37480522,   5.9
178, 113, 29.29405432, 94.36790036,   5.9
179, 113, 29.28569698, 94.36090025,   5.8
180, 113, 29.27723206, 94.35380347,   5.7
181, 113, 29.26865778, 94.34660860,   5.7
182, 113, 29.25997234, 94.33931418,   5.6
183, 113, 29.25117392, 94.33191875,   5.5
184, 113, 29.24226068, 94.32442082,   5.5
185, 113, 29.23323073, 94.31681888,   5.4
186, 113, 29.22408218, 94.30911140,   5.3
187, 113, 29.21481312, 94.30129683,   5.3
188, 113, 29.20542158, 94.29337360,   5.2
189, 113, 29.19590561, 94.28534013,   5.1
190, 113, 29.18626319, 94.27719479,   5.1
191, 113, 29.17649230, 94.26893597,   5.0
192, 113, 29.16659089, 94.26056199,   4.9
193, 113, 29.15655688, 94.25207119,   4.9
194, 113, 29.14638814, 94.24346186,   4.8
195, 113, 29.13608256, 94.23473228,   4.8
196, 113, 29.12563795, 94.22588071,   4.7
197, 113, 29.11505212, 94.21690538,   4.7
198, 113, 29.10432284, 94.20780449,   4.7
199, 113, 29.09344786, 94.19857623,   4.6
200, 113, 29.08242488, 94.18921876,   4.5
201, 113, 29.07125158, 94.17973020,   4.5
202, 113, 29.05992562, 94.17010868,   4.4
203, 113, 29.04844460, 94.16035228,   4.3
204, 113, 29.03680610, 94.15045904,   4.2
205, 113, 29.02500768, 94.14042702,   4.1
206, 113, 29.01304685, 94.13025421,   4.0
207, 113, 29.00092109, 94.11993859,   4.0
208, 113, 28.98862784, 94.10947812,   3.9
209, 113, 28.97616451, 94.09887071,   3.8
210, 113, 28.96352847, 94.08811428,   3.7
211, 113, 28.95071706, 94.07720669,   3.6
212, 113, 28.93772757, 94.06614579,   3.5
213, 113, 28.92455727, 94.05492937,   3.4
214, 113, 28.91120337, 94.04355524,   3.3
215, 113, 28.89766307, 94.03202114,   3.2
216, 113, 28.88393348, 94.02032479,   3.1
217, 113, 28.87001173, 94.00846390,   3.0
218, 113, 28.85589487, 93.99643612,   2.9
219, 113, 28.84157992, 93.98423910,   2.9
220, 113, 28.82706385, 93.97187042,   2.8
221, 113, 28.81234360, 93.95932766,   2.7
222, 113, 28.79741606, 93.94660836,   2.6
223, 113, 28.78227807, 93.93371003,   2.5
224, 113, 28.76692643, 93.92063013,   2.4
225, 113, 28.75135790, 93.90736610,   2.3
226, 113, 28.73556917, 93.89391535,   2.2
227, 113, 28.71955692, 93.88027525,   2.2
228, 113, 28.70331776, 93.86644314,   2.1
229, 113, 28.68684824, 93.85241631,   2.0
230, 113, 28.67014488, 93.83819204,   2.0
231, 113, 28.65320415, 93.82376755,   1.9
232, 113, 28.63602245, 93.80914003,   1.8
233, 113, 28.61859616, 93.79430665,   1.8
234, 113, 28.60092157, 93.77926453,   1.8
235, 113, 28.58299494, 93.76401074,   1.8
236, 113, 28.56481248, 93.74854233,   1.8
237, 113, 28.54637032, 93.73285630,   1.9
238, 113, 28.52766456, 93.71694963,   1.9
239, 113, 28.50869123, 93.70081924,   1.9
240, 113, 28.48944631, 93.68446202,   2.0
241, 113, 28.46992571, 93.66787481,   2.0
  1, 114, 30.20206169, 94.91195012,  99.9
  2, 114, 30.19510690, 94.90972273,  99.9
  3, 114, 30.18823427, 94.90751160,  99.9
  4, 114, 30.18144239, 94.90531627,  99.9
  5, 114, 30.17472982, 94.90313627,  99.9
  6, 114, 30.16809518, 94.90097114,  99.9
  7, 114, 30.16153710, 94.89882043,  99.9
  8, 114, 30.15505419, 94.89668367,  99.9
  9, 114, 30.14864512, 94.89456041,  99.9
 10, 114, 30.14230856, 94.89245022,  99.9
 11, 114, 30.13604318, 94.89035263,  99.9
 12, 114, 30.12984769, 94.88826720,  99.9
 13, 114, 30.12372079, 94.88619351,  99.9
 14, 114, 30.11766121, 94.88413110,  99.9
 15, 114, 30.11166770, 94.88207954,  99.9
 16, 114, 30.10573899, 94.88003840,  99.9
 17, 114, 30.09987387, 94.87800725,  99.9
 18, 114, 30.09407111, 94.87598566,  99.9
 19, 114, 30.08832951, 94.87397321,  99.9
 20, 114, 30.08264786, 94.87196947,  99.9
 21, 114, 30.07702499, 94.86997401,  99.9
 22, 114, 30.07145974, 94.86798642,  99.9
 23, 114, 30.06595093, 94.86600629,  99.9
 24, 114, 30.06049743, 94.86403318,  99.9
 25, 114, 30.05509810, 94.86206670,  99.9
 26, 114, 30.04975183, 94.86010642,  99.9
 27, 114, 30.04445748, 94.85815193,  99.9
 28, 114, 30.03921398, 94.85620282,  99.9
 29, 114, 30.03402021, 94.85425869,  99.9
 30, 114, 30.02887511, 94.85231912,  99.9
 31, 114, 30.02377761, 94.85038371,  99.9
 32, 114, 30.01872664, 94.84845205,  99.9
 33, 114, 30.01372115, 94.84652374,  99.9
 34, 114, 30.00876010, 94.84459837,  99.9
 35, 114, 30.00384246, 94.84267554,  99.9
 36, 114, 29.99896720, 94.84075484,  99.9
 37, 114, 29.99413332, 94.83883587,  99.9
 38, 114, 29.98933980, 94.83691824,  99.9
 39, 114, 29.98458565, 94.83500154,  99.9
 40, 114, 29.97986989, 94.83308536,  99.9
 41, 114, 29.97519151, 94.83116931,  99.9
 42, 114, 29.97054957, 94.82925299,  99.9
 43, 114, 29.96594308, 94.82733599,  99.9
 44, 114, 29.96137109, 94.82541792,  99.9
 45, 114, 29.95683265, 94.82349837,  99.9
 46, 114, 29.95232682, 94.82157695,  99.9
 47, 114, 29.94785265, 94.81965324,  99.9
 48, 114, 29.94340922, 94.81772686,  99.9
 49, 114, 29.93899560, 94.81579739,  99.9
 50, 114, 29.93461087, 94.81386443,  99.9
 51, 114, 29.93025412, 94.81192759,  99.9
 52, 114, 29.92592445, 94.80998646,  99.9
 53, 114, 29.92162094, 94.80804062,  99.9
 54, 114, 29.91734272, 94.80608968,  99.9
 55, 114, 29.91308888, 94.80413323,  99.9
 56, 114, 29.90885853, 94.80217087,  99.9
 57, 114, 29.90465081, 94.80020217,  99.9
 58, 114, 29.90046484, 94.79822674,  99.9
 59, 114, 29.89629973, 94.79624416,  99.9
 60, 114, 29.89215463, 94.79425401,  99.9
 61, 114, 29.88802868, 94.79225589,  99.9
 62, 114, 29.88392100, 94.79024938,  99.9
 63, 114, 29.87983076, 94.78823405,   4.9
 64, 114, 29.87575709, 94.78620950,   4.9
 65, 114, 29.87169916, 94.78417530,   4.9
 66, 114, 29.86765610, 94.78213102,   4.9
 67, 114, 29.86362709, 94.78007625,   4.9
 68, 114, 29.85961128, 94.77801055,   4.9
 69, 114, 29.85560784, 94.77593349,   4.9
 70, 114, 29.85161594, 94.77384465,   4.9
 71, 114, 29.84763473, 94.77174358,   4.8
 72, 114, 29.84366340, 94.76962986,   4.8
 73, 114, 29.83970112, 94.76750304,   4.8
 74, 114, 29.83574705, 94.76536269,   4.8
 75, 114, 29.83180039, 94.76320835,   4.9
 76, 114, 29.82786029, 94.76103958,   4.9
 77, 114, 29.82392596, 94.75885594,   4.9
 78, 114, 29.81999656, 94.75665696,   4.9
 79, 114, 29.81607128, 94.75444219,   4.9
 80, 114, 29.81214929, 94.75221118,   5.0
 81, 114, 29.80822979, 94.74996345,   5.0
 82, 114, 29.80431195, 94.74769855,   5.0
 83, 114, 29.80039497, 94.74541601,   5.0
 84, 114, 29.79647802, 94.74311534,   5.0
 85, 114, 29.79256028, 94.74079608,   5.1
 86, 114, 29.78864095, 94.73845775,   5.1
 87, 114, 29.78471920, 94.73609985,   5.2
 88, 114, 29.78079422, 94.73372191,   5.2
 89, 114, 29.77686519, 94.73132342,   5.2
 90, 114, 29.77293129, 94.72890390,   5.3
 91, 114, 29.76899170, 94.72646285,   5.3
 92, 114, 29.76504560, 94.72399975,   5.3
 93, 114, 29.76109216, 94.72151410,   5.3
 94, 114, 29.75713057, 94.71900538,   5.3
 95, 114, 29.75316000, 94.71647308,   5.3
 96, 114, 29.74917962, 94.71391667,   5.3
 97, 114, 29.74518860, 94.71133562,   5.3
 98, 114, 29.74118611, 94.70872940,   5.4
 99, 114, 29.73717131, 94.70609748,   5.4
100, 114, 29.73314337, 94.70343930,   5.4
101, 114, 29.72910145, 94.70075432,   5.4
102, 114, 29.72504470, 94.69804199,   5.4
103, 114, 29.72097228, 94.69530174,   5.4
104, 114, 29.71688333, 94.69253301,   5.4
105, 114, 29.71277702, 94.68973523,   5.4
106, 114, 29.70865247, 94.68690782,  99.9
107, 114, 29.70450883, 94.68405020,  99.9
108, 114, 29.70034524, 94.68116178,  99.9
109, 114, 29.69616083, 94.67824195,  99.9
110, 114, 29.69195472, 94.67529013,  99.9
111, 114, 29.68772603, 94.67230571,  99.9
112, 114, 29.68347389, 94.66928806,  99.9
113, 114, 29.67919741, 94.66623656,   4.8
114, 114, 29.67489569, 94.66315059,   4.8
115, 114, 29.67056784, 94.66002952,  99.9
116, 114, 29.66621296, 94.65687269,  99.9
117, 114, 29.66183012, 94.65367946,  99.9
118, 114, 29.65741843, 94.65044918,  99.9
119, 114, 29.65297696, 94.64718117,  99.9
120, 114, 29.64850478, 94.64387477,  99.9
121, 114, 29.64400096, 94.64052930,  99.9
122, 114, 29.63946455, 94.63714406,  99.9
123, 114, 29.63489462, 94.63371837,   6.4
124, 114, 29.63029021, 94.63025151,   6.3
125, 114, 29.62565035, 94.62674278,   6.3
126, 114, 29.62097407, 94.62319145,   6.3
127, 114, 29.61626041, 94.61959680,   6.3
128, 114, 29.61150837, 94.61595809,   6.2
129, 114, 29.60671697, 94.61227457,   6.3
130, 114, 29.60188519, 94.60854549,   6.3
131, 114, 29.59701204, 94.60477007,   6.3
132, 114, 29.59209650, 94.60094755,   6.3
133, 114, 29.58713753, 94.59707714,   6.3
134, 114, 29.58213410, 94.59315805,   6.3
135, 114, 29.57708517, 94.58918948,   6.4
136, 114, 29.57198967, 94.58517061,   6.4
137, 114, 29.56684655, 94.58110062,   6.5
138, 114, 29.56165474, 94.57697867,   6.6
139, 114, 29.55641313, 94.57280393,   6.6
140, 114, 29.55112065, 94.56857553,   6.7
141, 114, 29.54577618, 94.56429262,   6.7
142, 114, 29.54037860, 94.55995431,   6.8
143, 114, 29.53492679, 94.55555972,   6.9
144, 114, 29.52941960, 94.55110795,   7.0
145, 114, 29.52385589, 94.54659810,   7.1
146, 114, 29.51823449, 94.54202923,   7.2
147, 114, 29.51255422, 94.53740042,   7.4
148, 114, 29.50681389, 94.53271072,   7.7
149, 114, 29.50101231, 94.52795917,   8.0
150, 114, 29.49514826, 94.52314481,   8.4
151, 114, 29.48922052, 94.51826665,   8.3
152, 114, 29.48322783, 94.51332370,   8.2
153, 114, 29.47716896, 94.50831495,   8.1
154, 114, 29.47104262, 94.50323938,   8.1
155, 114, 29.46484754, 94.49809595,   8.0
156, 114, 29.45858242, 94.49288362,   7.9
157, 114, 29.45224595, 94.48760132,   7.8
158, 114, 29.44583679, 94.48224799,   7.7
159, 114, 29.43935362, 94.47682253,   7.6
160, 114, 29.43279506, 94.47132384,   7.5
161, 114, 29.42615975, 94.46575080,   7.3
162, 114, 29.41944630, 94.46010228,   7.2
163, 114, 29.41265330, 94.45437713,   7.1
164, 114, 29.40577932, 94.44857419,   7.0
165, 114, 29.39882292, 94.44269227,   6.9
166, 114, 29.39178265, 94.43673020,   6.8
167, 114, 29.38465703, 94.43068675,   6.7
168, 114, 29.37744457, 94.42456070,   6.5
169, 114, 29.37014375, 94.41835081,   6.4
170, 114, 29.36275304, 94.41205583,   6.4
171, 114, 29.35527090, 94.40567447,   6.3
172, 114, 29.34769574, 94.39920545,   6.2
173, 114, 29.34002599, 94.39264745,   6.2
174, 114, 29.33226004, 94.38599916,   6.1
175, 114, 29.32439625, 94.37925922,   6.0
176, 114, 29.31643297, 94.37242627,   6.0
177, 114, 29.30836854, 94.36549894,   5.9
178, 114, 29.30020125, 94.35847582,   5.9
179, 114, 29.29192940, 94.35135550,   5.8
180, 114, 29.28355125, 94.34413654,   5.7
181, 114, 29.27506503, 94.33681749,   5.7
182, 114, 29.26646897, 94.32939687,   5.6
183, 114, 29.25776126, 94.32187318,   5.5
184, 114, 29.24894007, 94.31424492,   5.5
185, 114, 29.24000355, 94.30651054,   5.4
186, 114, 29.23094981, 94.29866849,   5.3
187, 114, 29.22177696, 94.29071720,   5.3
188, 114, 29.21248306, 94.28265506,   5.2
189, 114, 29.20306617, 94.27448046,   5.1
190, 114, 29.19352430, 94.26619176,   5.1
191, 114, 29.18385544, 94.25778729,   5.0
192, 114, 29.17405757, 94.24926536,   4.9
193, 114, 29.16412861, 94.24062429,   4.9
194, 114, 29.15406649, 94.23186232,   4.8
195, 114, 29.14386907, 94.22297770,   4.8
196, 114, 29.13353423, 94.21396867,   4.7
197, 114, 29.12305977, 94.20483342,   4.7
198, 114, 29.11244350, 94.19557012,   4.7
199, 114, 29.10168318, 94.18617692,   4.6
200, 114, 29.09077654, 94.17665195,   4.5
201, 114, 29.07972129, 94.16699331,   4.5
202, 114, 29.06851510, 94.15719907,   4.4
203, 114, 29.05715559, 94.14726729,   4.3
204, 114, 29.04564039, 94.13719598,   4.2
205, 114, 29.03396706, 94.12698315,   4.1
206, 114, 29.02213315, 94.11662676,   4.0
207, 114, 29.01013615, 94.10612475,   3.9
208, 114, 28.99797353, 94.09547504,   3.9
209, 114, 28.98564273, 94.08467552,   3.8
210, 114, 28.97314115, 94.07372405,   3.7
211, 114, 28.96046616, 94.06261845,   3.6
212, 114, 28.94761506, 94.05135653,   3.5
213, 114, 28.93458516, 94.03993606,   3.4
214, 114, 28.92137369, 94.02835478,   3.3
215, 114, 28.90797788, 94.01661041,   3.2
216, 114, 28.89439488, 94.00470062,   3.1
217, 114, 28.88062184, 93.99262307,   3.0
218, 114, 28.86665583, 93.98037538,   3.0
219, 114, 28.85249392, 93.96795513,   2.9
220, 114, 28.83813309, 93.95535989,   2.8
221, 114, 28.82357032, 93.94258717,   2.7
222, 114, 28.80880253, 93.92963447,   2.6
223, 114, 28.79382660, 93.91649924,   2.5
224, 114, 28.77863934, 93.90317892,   2.4
225, 114, 28.76323756, 93.88967088,   2.3
226, 114, 28.74761799, 93.87597248,   2.3
227, 114, 28.73177732, 93.86208106,   2.2
228, 114, 28.71571221, 93.84799388,   2.1
229, 114, 28.69941923, 93.83370820,   2.0
230, 114, 28.68289496, 93.81922124,   2.0
231, 114, 28.66613587, 93.80453017,   1.9
232, 114, 28.64913843, 93.78963213,   1.8
233, 114, 28.63189902, 93.77452423,   1.8
234, 114, 28.61441400, 93.75920352,   1.8
235, 114, 28.59667965, 93.74366704,   1.8
236, 114, 28.57869221, 93.72791177,   1.8
237, 114, 28.56044787, 93.71193466,   1.9
238, 114, 28.54194275, 93.69573262,   1.9
239, 114, 28.52317293, 93.67930251,   1.9
240, 114, 28.50413441, 93.66264117,   2.0
241, 114, 28.48482316, 93.64574538,   2.0
  1, 115, 30.20396163, 94.90388798,  99.9
  2, 115, 30.19699337, 94.90175680,  99.9
  3, 115, 30.19010767, 94.89964021,  99.9
  4, 115, 30.18330311, 94.89753776,  99.9
  5, 115, 30.17657826, 94.89544901,  99.9
  6, 115, 30.16993172, 94.89337351,  99.9
  7, 115, 30.16336212, 94.89131082,  99.9
  8, 115, 30.15686809, 94.88926052,  99.9
  9, 115, 30.15044827, 94.88722216,  99.9
 10, 115, 30.14410134, 94.88519531,  99.9
 11, 115, 30.13782597, 94.88317954,  99.9
 12, 115, 30.13162085, 94.88117444,  99.9
 13, 115, 30.12548471, 94.87917957,  99.9
 14, 115, 30.11941625, 94.87719451,  99.9
 15, 115, 30.11341422, 94.87521885,  99.9
 16, 115, 30.10747738, 94.87325217,  99.9
 17, 115, 30.10160447, 94.87129405,  99.9
 18, 115, 30.09579430, 94.86934408,  99.9
 19, 115, 30.09004564, 94.86740185,  99.9
 20, 115, 30.08435730, 94.86546696,  99.9
 21, 115, 30.07872809, 94.86353899,  99.9
 22, 115, 30.07315685, 94.86161754,  99.9
 23, 115, 30.06764242, 94.85970220,  99.9
 24, 115, 30.06218365, 94.85779257,  99.9
 25, 115, 30.05677941, 94.85588825,  99.9
 26, 115, 30.05142856, 94.85398884,  99.9
 27, 115, 30.04613000, 94.85209395,  99.9
 28, 115, 30.04088263, 94.85020316,  99.9
 29, 115, 30.03568535, 94.84831609,  99.9
 30, 115, 30.03053708, 94.84643234,  99.9
 31, 115, 30.02543675, 94.84455152,  99.9
 32, 115, 30.02038331, 94.84267322,  99.9
 33, 115, 30.01537569, 94.84079706,  99.9
 34, 115, 30.01041286, 94.83892264,  99.9
 35, 115, 30.00549378, 94.83704958,  99.9
 36, 115, 30.00061744, 94.83517747,  99.9
 37, 115, 29.99578281, 94.83330592,  99.9
 38, 115, 29.99098889, 94.83143455,  99.9
 39, 115, 29.98623469, 94.82956296,  99.9
 40, 115, 29.98151920, 94.82769076,  99.9
 41, 115, 29.97684146, 94.82581756,  99.9
 42, 115, 29.97220049, 94.82394296,  99.9
 43, 115, 29.96759533, 94.82206658,  99.9
 44, 115, 29.96302501, 94.82018803,  99.9
 45, 115, 29.95848858, 94.81830690,  99.9
 46, 115, 29.95398510, 94.81642281,  99.9
 47, 115, 29.94951364, 94.81453536,   0.6
 48, 115, 29.94507325, 94.81264416,   0.9
 49, 115, 29.94066303, 94.81074882,   1.0
 50, 115, 29.93628204, 94.80884894,  99.9
 51, 115, 29.93192939, 94.80694412,  99.9
 52, 115, 29.92760415, 94.80503396,  99.9
 53, 115, 29.92330544, 94.80311807,  99.9
 54, 115, 29.91903236, 94.80119605,  99.9
 55, 115, 29.91478401, 94.79926750,  99.9
 56, 115, 29.91055952, 94.79733201,  99.9
 57, 115, 29.90635800, 94.79538918,  99.9
 58, 115, 29.90217859, 94.79343861,  99.9
 59, 115, 29.89802040, 94.79147989,  99.9
 60, 115, 29.89388257, 94.78951262,  99.9
 61, 115, 29.88976425, 94.78753637,  99.9
 62, 115, 29.88566458, 94.78555075,  99.9
 63, 115, 29.88158269, 94.78355534,   4.9
 64, 115, 29.87751775, 94.78154973,  99.9
 65, 115, 29.87346890, 94.77953349,   4.9
 66, 115, 29.86943531, 94.77750620,   4.8
 67, 115, 29.86541613, 94.77546746,   4.8
 68, 115, 29.86141052, 94.77341682,   4.8
 69, 115, 29.85741766, 94.77135388,   4.8
 70, 115, 29.85343670, 94.76927819,   4.8
 71, 115, 29.84946683, 94.76718933,   4.8
 72, 115, 29.84550721, 94.76508686,   4.8
 73, 115, 29.84155703, 94.76297034,   4.8
 74, 115, 29.83761545, 94.76083935,   4.8
 75, 115, 29.83368165, 94.75869343,   4.9
 76, 115, 29.82975482, 94.75653214,   4.9
 77, 115, 29.82583414, 94.75435503,   4.9
 78, 115, 29.82191880, 94.75216164,   4.9
 79, 115, 29.81800797, 94.74995154,   4.9
 80, 115, 29.81410084, 94.74772425,   4.9
 81, 115, 29.81019660, 94.74547931,   4.9
 82, 115, 29.80629443, 94.74321627,   5.0
 83, 115, 29.80239353, 94.74093464,   5.0
 84, 115, 29.79849308, 94.73863396,   5.0
 85, 115, 29.79459226, 94.73631376,   5.0
 86, 115, 29.79069026, 94.73397354,   5.1
 87, 115, 29.78678628, 94.73161283,   5.1
 88, 115, 29.78287949, 94.72923114,   5.2
 89, 115, 29.77896909, 94.72682797,   5.2
 90, 115, 29.77505425, 94.72440283,   5.2
 91, 115, 29.77113416, 94.72195521,   5.3
 92, 115, 29.76720801, 94.71948461,   5.3
 93, 115, 29.76327498, 94.71699052,   5.3
 94, 115, 29.75933424, 94.71447243,   5.3
 95, 115, 29.75538498, 94.71192980,   5.3
 96, 115, 29.75142637, 94.70936212,   5.3
 97, 115, 29.74745759, 94.70676886,   5.3
 98, 115, 29.74347780, 94.70414948,   5.3
 99, 115, 29.73948619, 94.70150343,   5.3
100, 115, 29.73548191, 94.69883018,   5.3
101, 115, 29.73146414, 94.69612916,   5.4
102, 115, 29.72743203, 94.69339983,  99.9
103, 115, 29.72338474, 94.69064162,  99.9
104, 115, 29.71932143, 94.68785396,  99.9
105, 115, 29.71524125, 94.68503627,  99.9
106, 115, 29.71114336, 94.68218797,  99.9
107, 115, 29.70702689, 94.67930849,  99.9
108, 115, 29.70289099, 94.67639721,  99.9
109, 115, 29.69873479, 94.67345354,  99.9
110, 115, 29.69455743, 94.67047688,  99.9
111, 115, 29.69035804, 94.66746661,   4.6
112, 115, 29.68613573, 94.66442211,   4.7
113, 115, 29.68188963, 94.66134276,   4.8
114, 115, 29.67761886, 94.65822791,  99.9
115, 115, 29.67332252, 94.65507694,  99.9
116, 115, 29.66899971, 94.65188918,  99.9
117, 115, 29.66464953, 94.64866399,  99.9
118, 115, 29.66027108, 94.64540069,  99.9
119, 115, 29.65586344, 94.64209863,  99.9
120, 115, 29.65142569, 94.63875711,  99.9
121, 115, 29.64695690, 94.63537546,  99.9
122, 115, 29.64245614, 94.63195297,  99.9
123, 115, 29.63792247, 94.62848895,   6.3
124, 115, 29.63335495, 94.62498268,   6.3
125, 115, 29.62875261, 94.62143344,   6.2
126, 115, 29.62411450, 94.61784050,   6.2
127, 115, 29.61943965, 94.61420312,   6.2
128, 115, 29.61472709, 94.61052056,   6.2
129, 115, 29.60997582, 94.60679207,   6.2
130, 115, 29.60518486, 94.60301687,   6.2
131, 115, 29.60035321, 94.59919419,   6.3
132, 115, 29.59547985, 94.59532325,   6.3
133, 115, 29.59056376, 94.59140325,   6.3
134, 115, 29.58560392, 94.58743340,   6.3
135, 115, 29.58059930, 94.58341287,   6.3
136, 115, 29.57554884, 94.57934084,   6.4
137, 115, 29.57045150, 94.57521648,   6.6
138, 115, 29.56530619, 94.57103895,   6.6
139, 115, 29.56011186, 94.56680738,   6.7
140, 115, 29.55486741, 94.56252092,   6.7
141, 115, 29.54957174, 94.55817869,   6.8
142, 115, 29.54422376, 94.55377979,   6.8
143, 115, 29.53882233, 94.54932332,   6.9
144, 115, 29.53336633, 94.54480839,   7.0
145, 115, 29.52785462, 94.54023406,   7.1
146, 115, 29.52228604, 94.53559939,   7.2
147, 115, 29.51665944, 94.53090345,   7.4
148, 115, 29.51097362, 94.52614527,   7.7
149, 115, 29.50522741, 94.52132389,   8.0
150, 115, 29.49941960, 94.51643831,   8.3
151, 115, 29.49354897, 94.51148754,   8.3
152, 115, 29.48761429, 94.50647058,   8.2
153, 115, 29.48161433, 94.50138639,   8.2
154, 115, 29.47554782, 94.49623394,   8.1
155, 115, 29.46941350, 94.49101219,   8.0
156, 115, 29.46321007, 94.48572007,   7.9
157, 115, 29.45693625, 94.48035649,   7.8
158, 115, 29.45059071, 94.47492038,   7.7
159, 115, 29.44417213, 94.46941062,   7.6
160, 115, 29.43767917, 94.46382609,   7.5
161, 115, 29.43111045, 94.45816566,   7.4
162, 115, 29.42446460, 94.45242817,   7.3
163, 115, 29.41774024, 94.44661246,   7.1
164, 115, 29.41093595, 94.44071736,   7.0
165, 115, 29.40405030, 94.43474165,   6.9
166, 115, 29.39708186, 94.42868414,   6.8
167, 115, 29.39002915, 94.42254358,   6.7
168, 115, 29.38289071, 94.41631874,   6.6
169, 115, 29.37566502, 94.41000835,   6.4
170, 115, 29.36835059, 94.40361114,   6.3
171, 115, 29.36094586, 94.39712580,   6.3
172, 115, 29.35344929, 94.39055103,   6.2
173, 115, 29.34585931, 94.38388549,   6.2
174, 115, 29.33817432, 94.37712784,   6.1
175, 115, 29.33039271, 94.37027671,   6.0
176, 115, 29.32251284, 94.36333071,   6.0
177, 115, 29.31453306, 94.35628845,   5.9
178, 115, 29.30645170, 94.34914849,   5.9
179, 115, 29.29826705, 94.34190939,   5.8
180, 115, 29.28997739, 94.33456971,   5.7
181, 115, 29.28158099, 94.32712795,   5.7
182, 115, 29.27307609, 94.31958262,   5.6
183, 115, 29.26446088, 94.31193219,   5.5
184, 115, 29.25573357, 94.30417513,   5.5
185, 115, 29.24689231, 94.29630987,   5.4
186, 115, 29.23793525, 94.28833483,   5.3
187, 115, 29.22886051, 94.28024841,   5.3
188, 115, 29.21966617, 94.27204898,   5.2
189, 115, 29.21035030, 94.26373489,   5.1
190, 115, 29.20091095, 94.25530448,   5.1
191, 115, 29.19134612, 94.24675605,   5.0
192, 115, 29.18165380, 94.23808789,   4.9
193, 115, 29.17183195, 94.22929827,   4.9
194, 115, 29.16187851, 94.22038541,   4.8
195, 115, 29.15179138, 94.21134754,   4.8
196, 115, 29.14156842, 94.20218285,   4.7
197, 115, 29.13120750, 94.19288950,   4.7
198, 115, 29.12070643, 94.18346563,   4.7
199, 115, 29.11006299, 94.17390937,   4.6
200, 115, 29.09927494, 94.16421881,   4.5
201, 115, 29.08834001, 94.15439201,   4.4
202, 115, 29.07725589, 94.14442701,   4.4
203, 115, 29.06602025, 94.13432182,   4.3
204, 115, 29.05463071, 94.12407445,   4.2
205, 115, 29.04308488, 94.11368283,   4.1
206, 115, 29.03138031, 94.10314492,   4.0
207, 115, 29.01951454, 94.09245861,   3.9
208, 115, 29.00748506, 94.08162178,   3.9
209, 115, 28.99528933, 94.07063228,   3.8
210, 115, 28.98292479, 94.05948793,   3.7
211, 115, 28.97038881, 94.04818652,   3.6
212, 115, 28.95767875, 94.03672582,   3.5
213, 115, 28.94479192, 94.02510355,   3.4
214, 115, 28.93172561, 94.01331741,   3.3
215, 115, 28.91847704, 94.00136509,   3.2
216, 115, 28.90504342, 93.98924421,   3.1
217, 115, 28.89142191, 93.97695238,   3.1
218, 115, 28.87760963, 93.96448718,   3.0
219, 115, 28.86360365, 93.95184616,   2.9
220, 115, 28.84940102, 93.93902683,   2.8
221, 115, 28.83499873, 93.92602666,   2.7
222, 115, 28.82039372, 93.91284310,   2.6
223, 115, 28.80558291, 93.89947356,   2.5
224, 115, 28.79056316, 93.88591541,   2.4
225, 115, 28.77533129, 93.87216601,   2.3
226, 115, 28.75988408, 93.85822265,   2.3
227, 115, 28.74421824, 93.84408261,   2.2
228, 115, 28.72833046, 93.82974312,   2.1
229, 115, 28.71221737, 93.81520138,   2.0
230, 115, 28.69587556, 93.80045455,   2.0
231, 115, 28.67930156, 93.78549976,   1.9
232, 115, 28.66249185, 93.77033409,   1.9
233, 115, 28.64544286, 93.75495460,   1.8
234, 115, 28.62815098, 93.73935828,   1.8
235, 115, 28.61061254, 93.72354212,   1.8
236, 115, 28.59282381, 93.70750305,   1.8
237, 115, 28.57478101, 93.69123794,   1.9
238, 115, 28.55648032, 93.67474366,   1.9
239, 115, 28.53791784, 93.65801702,   1.9
240, 115, 28.51908962, 93.64105477,   2.0
241, 115, 28.49999166, 93.62385365,   2.0
  1, 116, 30.20577702, 94.89581079,  99.9
  2, 116, 30.19879676, 94.89377628,  99.9
  3, 116, 30.19189943, 94.89175467,  99.9
  4, 116, 30.18508362, 94.88974555,  99.9
  5, 116, 30.17834789, 94.88774849,  99.9
  6, 116, 30.17169085, 94.88576306,  99.9
  7, 116, 30.16511111, 94.88378884,  99.9
  8, 116, 30.15860731, 94.88182542,  99.9
  9, 116, 30.15217809, 94.87987238,  99.9
 10, 116, 30.14582211, 94.87792931,  99.9
 11, 116, 30.13953806, 94.87599580,  99.9
 12, 116, 30.13332463, 94.87407143,  99.9
 13, 116, 30.12718052, 94.87215581,  99.9
 14, 116, 30.12110446, 94.87024853,  99.9
 15, 116, 30.11509518, 94.86834918,  99.9
 16, 116, 30.10915143, 94.86645737,  99.9
 17, 116, 30.10327198, 94.86457269,  99.9
 18, 116, 30.09745560, 94.86269476,  99.9
 19, 116, 30.09170109, 94.86082317,  99.9
 20, 116, 30.08600724, 94.85895753,  99.9
 21, 116, 30.08037288, 94.85709745,  99.9
 22, 116, 30.07479682, 94.85524254,  99.9
 23, 116, 30.06927792, 94.85339240,  99.9
 24, 116, 30.06381502, 94.85154665,  99.9
 25, 116, 30.05840699, 94.84970490,  99.9
 26, 116, 30.05305269, 94.84786676,  99.9
 27, 116, 30.04775103, 94.84603186,  99.9
 28, 116, 30.04250088, 94.84419979,  99.9
 29, 116, 30.03730117, 94.84237018,  99.9
 30, 116, 30.03215081, 94.84054264,  99.9
 31, 116, 30.02704873, 94.83871679,  99.9
 32, 116, 30.02199387, 94.83689226,  99.9
 33, 116, 30.01698517, 94.83506864,  99.9
 34, 116, 30.01202160, 94.83324557,  99.9
 35, 116, 30.00710211, 94.83142266,  99.9
 36, 116, 30.00222569, 94.82959953,  99.9
 37, 116, 29.99739133, 94.82777579,  99.9
 38, 116, 29.99259801, 94.82595108,  99.9
 39, 116, 29.98784474, 94.82412499,  99.9
 40, 116, 29.98313053, 94.82229716,  99.9
 41, 116, 29.97845440, 94.82046720,  99.9
 42, 116, 29.97381537, 94.81863472,  99.9
 43, 116, 29.96921249, 94.81679935,  99.9
 44, 116, 29.96464479, 94.81496070,  99.9
 45, 116, 29.96011132, 94.81311839,  99.9
 46, 116, 29.95561114, 94.81127203,   0.0
 47, 116, 29.95114331, 94.80942123,   0.2
 48, 116, 29.94670690, 94.80756562,   1.2
 49, 116, 29.94230099, 94.80570480,   1.1
 50, 116, 29.93792467, 94.80383838,  99.9
 51, 116, 29.93357701, 94.80196598,  99.9
 52, 116, 29.92925712, 94.80008720,  99.9
 53, 116, 29.92496410, 94.79820166,   1.9
 54, 116, 29.92069705, 94.79630895,   2.0
 55, 116, 29.91645509, 94.79440870,   2.0
 56, 116, 29.91223733, 94.79250049,   2.1
 57, 116, 29.90804289, 94.79058393,  99.9
 58, 116, 29.90387090, 94.78865863,  99.9
 59, 116, 29.89972050, 94.78672419,  99.9
 60, 116, 29.89559081, 94.78478019,  99.9
 61, 116, 29.89148098, 94.78282623,  99.9
 62, 116, 29.88739016, 94.78086192,  99.9
 63, 116, 29.88331748, 94.77888684,   4.8
 64, 116, 29.87926211, 94.77690057,   4.8
 65, 116, 29.87522320, 94.77490272,   4.8
 66, 116, 29.87119991, 94.77289285,   4.8
 67, 116, 29.86719139, 94.77087056,   4.8
 68, 116, 29.86319682, 94.76883542,   4.8
 69, 116, 29.85921537, 94.76678701,   4.8
 70, 116, 29.85524620, 94.76472491,   4.8
 71, 116, 29.85128848, 94.76264868,   4.8
 72, 116, 29.84734141, 94.76055790,   4.8
 73, 116, 29.84340414, 94.75845213,   4.8
 74, 116, 29.83947586, 94.75633094,  99.9
 75, 116, 29.83555576, 94.75419388,   4.9
 76, 116, 29.83164301, 94.75204051,   4.9
 77, 116, 29.82773680, 94.74987038,   4.9
 78, 116, 29.82383633, 94.74768306,   4.9
 79, 116, 29.81994076, 94.74547807,   4.9
 80, 116, 29.81604931, 94.74325496,   4.9
 81, 116, 29.81216114, 94.74101328,   4.9
 82, 116, 29.80827546, 94.73875256,   4.9
 83, 116, 29.80439145, 94.73647233,   4.9
 84, 116, 29.80050830, 94.73417211,   5.0
 85, 116, 29.79662521, 94.73185144,   5.0
 86, 116, 29.79274137, 94.72950983,   5.0
 87, 116, 29.78885596, 94.72714679,   5.1
 88, 116, 29.78496818, 94.72476184,   5.1
 89, 116, 29.78107722, 94.72235448,   5.1
 90, 116, 29.77718226, 94.71992422,   5.1
 91, 116, 29.77328249, 94.71747056,   5.2
 92, 116, 29.76937711, 94.71499297,   5.2
 93, 116, 29.76546529, 94.71249096,   5.2
 94, 116, 29.76154623, 94.70996401,   5.2
 95, 116, 29.75761910, 94.70741158,   5.2
 96, 116, 29.75368308, 94.70483317,   5.2
 97, 116, 29.74973736, 94.70222822,   5.2
 98, 116, 29.74578111, 94.69959621,   5.2
 99, 116, 29.74181351, 94.69693659,   5.3
100, 116, 29.73783373, 94.69424881,  99.9
101, 116, 29.73384094, 94.69153232,  99.9
102, 116, 29.72983431, 94.68878656,  99.9
103, 116, 29.72581300, 94.68601095,  99.9
104, 116, 29.72177617, 94.68320493,  99.9
105, 116, 29.71772298, 94.68036791,  99.9
106, 116, 29.71365259, 94.67749932,  99.9
107, 116, 29.70956414, 94.67459856,  99.9
108, 116, 29.70545679, 94.67166503,  99.9
109, 116, 29.70132967, 94.66869812,  99.9
110, 116, 29.69718193, 94.66569723,   4.4
111, 116, 29.69301270, 94.66266174,   4.5
112, 116, 29.68882111, 94.65959103,  99.9
113, 116, 29.68460628, 94.65648445,  99.9
114, 116, 29.68036734, 94.65334136,  99.9
115, 116, 29.67610340, 94.65016114,  99.9
116, 116, 29.67181356, 94.64694311,  99.9
117, 116, 29.66749695, 94.64368661,  99.9
118, 116, 29.66315265, 94.64039098,  99.9
119, 116, 29.65877975, 94.63705553,  99.9
120, 116, 29.65437735, 94.63367959,  99.9
121, 116, 29.64994452, 94.63026245,  99.9
122, 116, 29.64548034, 94.62680342,  99.9
123, 116, 29.64098388, 94.62330178,   6.3
124, 116, 29.63645419, 94.61975681,   6.2
125, 116, 29.63189033, 94.61616779,   6.2
126, 116, 29.62729135, 94.61253398,   6.2
127, 116, 29.62265629, 94.60885462,   6.2
128, 116, 29.61798418, 94.60512897,   6.2
129, 116, 29.61327404, 94.60135627,   6.2
130, 116, 29.60852488, 94.59753573,   6.2
131, 116, 29.60373572, 94.59366657,   6.2
132, 116, 29.59890556, 94.58974800,   6.2
133, 116, 29.59403338, 94.58577922,   6.3
134, 116, 29.58911817, 94.58175941,   6.3
135, 116, 29.58415889, 94.57768775,   6.3
136, 116, 29.57915452, 94.57356340,   6.4
137, 116, 29.57410400, 94.56938552,   6.6
138, 116, 29.56900628, 94.56515326,   6.6
139, 116, 29.56386029, 94.56086574,   6.7
140, 116, 29.55866496, 94.55652209,   6.7
141, 116, 29.55341920, 94.55212141,   6.8
142, 116, 29.54812191, 94.54766282,   6.9
143, 116, 29.54277199, 94.54314540,   6.9
144, 116, 29.53736831, 94.53856822,   7.0
145, 116, 29.53190974, 94.53393034,   7.1
146, 116, 29.52639515, 94.52923083,   7.3
147, 116, 29.52082337, 94.52446872,   7.4
148, 116, 29.51519325, 94.51964303,   7.7
149, 116, 29.50950359, 94.51475279,   8.0
150, 116, 29.50375322, 94.50979699,   8.4
151, 116, 29.49794092, 94.50477463,   8.3
152, 116, 29.49206549, 94.49968467,   8.3
153, 116, 29.48612568, 94.49452608,   8.2
154, 116, 29.48012026, 94.48929782,   8.1
155, 116, 29.47404796, 94.48399880,   8.0
156, 116, 29.46790752, 94.47862796,   7.9
157, 116, 29.46169765, 94.47318420,   7.8
158, 116, 29.45541704, 94.46766641,   7.7
159, 116, 29.44906439, 94.46207347,   7.6
160, 116, 29.44263835, 94.45640423,   7.5
161, 116, 29.43613758, 94.45065756,   7.4
162, 116, 29.42956073, 94.44483228,   7.3
163, 116, 29.42290640, 94.43892720,   7.2
164, 116, 29.41617320, 94.43294112,   7.0
165, 116, 29.40935973, 94.42687284,   6.9
166, 116, 29.40246455, 94.42072111,   6.8
167, 116, 29.39548622, 94.41448469,   6.7
168, 116, 29.38842327, 94.40816232,   6.6
169, 116, 29.38127422, 94.40175271,   6.5
170, 116, 29.37403756, 94.39525456,   6.3
171, 116, 29.36671179, 94.38866656,   6.3
172, 116, 29.35929536, 94.38198737,   6.2
173, 116, 29.35178672, 94.37521564,   6.1
174, 116, 29.34418428, 94.36835000,   6.1
175, 116, 29.33648645, 94.36138906,   6.0
176, 116, 29.32869162, 94.35433142,   6.0
177, 116, 29.32079815, 94.34717564,   5.9
178, 116, 29.31280437, 94.33992028,   5.8
179, 116, 29.30470862, 94.33256388,   5.8
180, 116, 29.29650918, 94.32510495,   5.7
181, 116, 29.28820433, 94.31754198,   5.6
182, 116, 29.27979233, 94.30987346,   5.6
183, 116, 29.27127141, 94.30209783,   5.5
184, 116, 29.26263978, 94.29421353,   5.5
185, 116, 29.25389562, 94.28621897,   5.4
186, 116, 29.24503709, 94.27811254,   5.3
187, 116, 29.23606233, 94.26989262,   5.3
188, 116, 29.22696944, 94.26155754,   5.2
189, 116, 29.21775653, 94.25310564,   5.1
190, 116, 29.20842164, 94.24453522,   5.1
191, 116, 29.19896280, 94.23584455,   5.0
192, 116, 29.18937804, 94.22703189,   4.9
193, 116, 29.17966533, 94.21809548,   4.9
194, 116, 29.16982262, 94.20903352,   4.8
195, 116, 29.15984785, 94.19984420,   4.8
196, 116, 29.14973890, 94.19052567,   4.7
197, 116, 29.13949365, 94.18107608,   4.7
198, 116, 29.12910993, 94.17149354,   4.6
199, 116, 29.11858557, 94.16177613,   4.6
200, 116, 29.10791834, 94.15192190,   4.5
201, 116, 29.09710598, 94.14192889,   4.4
202, 116, 29.08614623, 94.13179512,   4.3
203, 116, 29.07503676, 94.12151855,   4.3
204, 116, 29.06377523, 94.11109714,   4.2
205, 116, 29.05235927, 94.10052881,   4.1
206, 116, 29.04078646, 94.08981147,   4.0
207, 116, 29.02905436, 94.07894298,   3.9
208, 116, 29.01716050, 94.06792118,   3.9
209, 116, 29.00510235, 94.05674388,   3.8
210, 116, 28.99287738, 94.04540887,   3.7
211, 116, 28.98048300, 94.03391389,   3.6
212, 116, 28.96791659, 94.02225667,   3.5
213, 116, 28.95517549, 94.01043490,   3.4
214, 116, 28.94225701, 93.99844624,   3.3
215, 116, 28.92915842, 93.98628832,   3.2
216, 116, 28.91587694, 93.97395873,   3.2
217, 116, 28.90240976, 93.96145505,   3.1
218, 116, 28.88875405, 93.94877481,   3.0
219, 116, 28.87490689, 93.93591550,   2.9
220, 116, 28.86086537, 93.92287460,   2.8
221, 116, 28.84662650, 93.90964953,   2.7
222, 116, 28.83218728, 93.89623770,   2.6
223, 116, 28.81754463, 93.88263647,   2.5
224, 116, 28.80269547, 93.86884316,   2.4
225, 116, 28.78763664, 93.85485509,   2.4
226, 116, 28.77236495, 93.84066949,   2.3
227, 116, 28.75687715, 93.82628360,   2.2
228, 116, 28.74116998, 93.81169459,   2.1
229, 116, 28.72524008, 93.79689963,   2.0
230, 116, 28.70908408, 93.78189581,   2.0
231, 116, 28.69269855, 93.76668021,   1.9
232, 116, 28.67608002, 93.75124987,   1.9
233, 116, 28.65922494, 93.73560178,   1.8
234, 116, 28.64212975, 93.71973289,   1.8
235, 116, 28.62479081, 93.70364012,   1.8
236, 116, 28.60720442, 93.68732034,   1.8
237, 116, 28.58936687, 93.67077039,   1.9
238, 116, 28.57127434, 93.65398707,   1.9
239, 116, 28.55292299, 93.63696711,   1.9
240, 116, 28.53430892, 93.61970724,   2.0
241, 116, 28.51542817, 93.60220411,   2.0
  1, 117, 30.20750748, 94.88772026,  99.9
  2, 117, 30.20051668, 94.88578284,  99.9
  3, 117, 30.19360917, 94.88385666,  99.9
  4, 117, 30.18678354, 94.88194129,  99.9
  5, 117, 30.18003834, 94.88003634,  99.9
  6, 117, 30.17337219, 94.87814140,  99.9
  7, 117, 30.16678370, 94.87625607,  99.9
  8, 117, 30.16027149, 94.87437995,  99.9
  9, 117, 30.15383422, 94.87251265,  99.9
 10, 117, 30.14747053, 94.87065376,  99.9
 11, 117, 30.14117912, 94.86880290,  99.9
 12, 117, 30.13495867, 94.86695969,  99.9
 13, 117, 30.12880788, 94.86512371,  99.9
 14, 117, 30.12272548, 94.86329461,  99.9
 15, 117, 30.11671021, 94.86147197,  99.9
 16, 117, 30.11076080, 94.85965543,  99.9
 17, 117, 30.10487603, 94.85784460,  99.9
 18, 117, 30.09905467, 94.85603909,  99.9
 19, 117, 30.09329551, 94.85423853,  99.9
 20, 117, 30.08759735, 94.85244254,  99.9
 21, 117, 30.08195901, 94.85065074,  99.9
 22, 117, 30.07637931, 94.84886276,  99.9
 23, 117, 30.07085708, 94.84707821,  99.9
 24, 117, 30.06539120, 94.84529673,  99.9
 25, 117, 30.05998051, 94.84351794,  99.9
 26, 117, 30.05462388, 94.84174146,  99.9
 27, 117, 30.04932022, 94.83996692,  99.9
 28, 117, 30.04406841, 94.83819396,  99.9
 29, 117, 30.03886735, 94.83642219,  99.9
 30, 117, 30.03371598, 94.83465125,  99.9
 31, 117, 30.02861321, 94.83288076,  99.9
 32, 117, 30.02355798, 94.83111036,  99.9
 33, 117, 30.01854925, 94.82933968,  99.9
 34, 117, 30.01358597, 94.82756833,  99.9
 35, 117, 30.00866710, 94.82579596,  99.9
 36, 117, 30.00379163, 94.82402219,  99.9
 37, 117, 29.99895854, 94.82224665,  99.9
 38, 117, 29.99416682, 94.82046897,  99.9
 39, 117, 29.98941548, 94.81868877,  99.9
 40, 117, 29.98470353, 94.81690569,  99.9
 41, 117, 29.98002998, 94.81511935,   0.0
 42, 117, 29.97539387, 94.81332938,   0.2
 43, 117, 29.97079423, 94.81153540,   0.0
 44, 117, 29.96623010, 94.80973704,   0.0
 45, 117, 29.96170054, 94.80793393,   0.0
 46, 117, 29.95720459, 94.80612568,   0.1
 47, 117, 29.95274133, 94.80431192,  99.9
 48, 117, 29.94830983, 94.80249228,   1.3
 49, 117, 29.94390916, 94.80066636,  99.9
 50, 117, 29.93953840, 94.79883380,  99.9
 51, 117, 29.93519665, 94.79699421,  99.9
 52, 117, 29.93088301, 94.79514720,  99.9
 53, 117, 29.92659657, 94.79329240,   1.9
 54, 117, 29.92233645, 94.79142941,  99.9
 55, 117, 29.91810175, 94.78955784,  99.9
 56, 117, 29.91389160, 94.78767732,   2.2
 57, 117, 29.90970512, 94.78578743,   2.5
 58, 117, 29.90554143, 94.78388780,   2.7
 59, 117, 29.90139968, 94.78197803,   2.9
 60, 117, 29.89727899, 94.78005771,  99.9
 61, 117, 29.89317851, 94.77812645,  99.9
 62, 117, 29.88909739, 94.77618386,  99.9
 63, 117, 29.88503478, 94.77422951,  99.9
 64, 117, 29.88098982, 94.77226301,   4.8
 65, 117, 29.87696169, 94.77028395,   4.8
 66, 117, 29.87294953, 94.76829192,   4.8
 67, 117, 29.86895252, 94.76628650,   4.7
 68, 117, 29.86496982, 94.76426728,   4.7
 69, 117, 29.86100060, 94.76223384,   4.7
 70, 117, 29.85704404, 94.76018575,   4.7
 71, 117, 29.85309931, 94.75812259,   4.7
 72, 117, 29.84916559, 94.75604393,   4.7
 73, 117, 29.84524207, 94.75394934,   4.7
 74, 117, 29.84132791, 94.75183839,  99.9
 75, 117, 29.83742232, 94.74971063,   4.8
 76, 117, 29.83352446, 94.74756564,   4.9
 77, 117, 29.82963355, 94.74540295,   4.9
 78, 117, 29.82574875, 94.74322212,   4.9
 79, 117, 29.82186927, 94.74102271,   4.9
 80, 117, 29.81799429, 94.73880425,   4.9
 81, 117, 29.81412301, 94.73656629,   4.9
 82, 117, 29.81025462, 94.73430836,   4.9
 83, 117, 29.80638831, 94.73202999,   4.9
 84, 117, 29.80252328, 94.72973072,   4.9
 85, 117, 29.79865873, 94.72741006,   5.0
 86, 117, 29.79479385, 94.72506754,   5.0
 87, 117, 29.79092782, 94.72270266,   5.0
 88, 117, 29.78705986, 94.72031495,   5.0
 89, 117, 29.78318915, 94.71790390,   5.1
 90, 117, 29.77931488, 94.71546903,   5.1
 91, 117, 29.77543624, 94.71300981,   5.1
 92, 117, 29.77155244, 94.71052576,   5.2
 93, 117, 29.76766265, 94.70801634,   5.2
 94, 117, 29.76376608, 94.70548105,   5.2
 95, 117, 29.75986189, 94.70291936,   5.2
 96, 117, 29.75594929, 94.70033074,   5.2
 97, 117, 29.75202745, 94.69771465,   5.2
 98, 117, 29.74809556, 94.69507056,   5.2
 99, 117, 29.74415280, 94.69239791,   5.2
100, 117, 29.74019834, 94.68969616,  99.9
101, 117, 29.73623137, 94.68696475,  99.9
102, 117, 29.73225105, 94.68420312,  99.9
103, 117, 29.72825655, 94.68141069,  99.9
104, 117, 29.72424704, 94.67858689,  99.9
105, 117, 29.72022168, 94.67573113,  99.9
106, 117, 29.71617964, 94.67284283,  99.9
107, 117, 29.71212006, 94.66992140,  99.9
108, 117, 29.70804211, 94.66696622,  99.9
109, 117, 29.70394494, 94.66397669,   4.2
110, 117, 29.69982768, 94.66095219,   4.3
111, 117, 29.69568947, 94.65789210,  99.9
112, 117, 29.69152946, 94.65479580,  99.9
113, 117, 29.68734678, 94.65166263,  99.9
114, 117, 29.68314055, 94.64849196,  99.9
115, 117, 29.67890990, 94.64528314,  99.9
116, 117, 29.67465394, 94.64203549,  99.9
117, 117, 29.67037178, 94.63874836,  99.9
118, 117, 29.66606253, 94.63542107,  99.9
119, 117, 29.66172529, 94.63205294,  99.9
120, 117, 29.65735915, 94.62864326,  99.9
121, 117, 29.65296320, 94.62519134,  99.9
122, 117, 29.64853653, 94.62169647,   6.3
123, 117, 29.64407820, 94.61815793,   6.2
124, 117, 29.63958730, 94.61457500,   6.2
125, 117, 29.63506287, 94.61094693,   6.1
126, 117, 29.63050397, 94.60727299,   6.1
127, 117, 29.62590966, 94.60355241,   6.1
128, 117, 29.62127897, 94.59978444,   6.1
129, 117, 29.61661093, 94.59596830,   6.2
130, 117, 29.61190457, 94.59210320,   6.2
131, 117, 29.60715890, 94.58818836,   6.2
132, 117, 29.60237293, 94.58422297,   6.2
133, 117, 29.59754567, 94.58020622,   6.2
134, 117, 29.59267610, 94.57613728,   6.3
135, 117, 29.58776320, 94.57201532,   6.3
136, 117, 29.58280595, 94.56783949,   6.4
137, 117, 29.57780331, 94.56360895,   6.6
138, 117, 29.57275423, 94.55932282,   6.6
139, 117, 29.56765765, 94.55498022,   6.7
140, 117, 29.56251252, 94.55058027,   6.7
141, 117, 29.55731776, 94.54612206,   6.8
142, 117, 29.55207227, 94.54160469,   6.9
143, 117, 29.54677496, 94.53702723,   6.9
144, 117, 29.54142472, 94.53238874,   7.0
145, 117, 29.53602043, 94.52768827,   7.2
146, 117, 29.53056096, 94.52292487,   7.3
147, 117, 29.52504517, 94.51809756,   7.4
148, 117, 29.51947190, 94.51320535,   7.7
149, 117, 29.51383998, 94.50824725,   7.9
150, 117, 29.50814824, 94.50322224,   8.2
151, 117, 29.50239548, 94.49812930,   8.3
152, 117, 29.49658050, 94.49296739,   8.3
153, 117, 29.49070208, 94.48773546,   8.2
154, 117, 29.48475899, 94.48243243,   8.1
155, 117, 29.47874998, 94.47705724,   8.0
156, 117, 29.47267379, 94.47160877,   7.9
157, 117, 29.46652916, 94.46608593,   7.8
158, 117, 29.46031478, 94.46048759,   7.7
159, 117, 29.45402937, 94.45481260,   7.6
160, 117, 29.44767159, 94.44905982,   7.5
161, 117, 29.44124013, 94.44322807,   7.4
162, 117, 29.43473362, 94.43731618,   7.3
163, 117, 29.42815070, 94.43132292,   7.2
164, 117, 29.42149000, 94.42524710,   7.1
165, 117, 29.41475011, 94.41908746,   7.0
166, 117, 29.40792963, 94.41284278,   6.8
167, 117, 29.40102711, 94.40651176,   6.7
168, 117, 29.39404112, 94.40009314,   6.6
169, 117, 29.38697018, 94.39358561,   6.5
170, 117, 29.37981281, 94.38698784,   6.4
171, 117, 29.37256750, 94.38029851,   6.3
172, 117, 29.36523274, 94.37351625,   6.2
173, 117, 29.35780699, 94.36663970,   6.1
174, 117, 29.35028868, 94.35966746,   6.1
175, 117, 29.34267623, 94.35259812,   6.0
176, 117, 29.33496805, 94.34543025,   6.0
177, 117, 29.32716251, 94.33816241,   5.9
178, 117, 29.31925798, 94.33079311,   5.8
179, 117, 29.31125279, 94.32332088,   5.8
180, 117, 29.30314526, 94.31574421,   5.7
181, 117, 29.29493368, 94.30806157,   5.6
182, 117, 29.28661633, 94.30027140,   5.6
183, 117, 29.27819146, 94.29237213,   5.5
184, 117, 29.26965729, 94.28436218,   5.4
185, 117, 29.26101203, 94.27623994,   5.4
186, 117, 29.25225386, 94.26800375,   5.3
187, 117, 29.24338093, 94.25965198,   5.2
188, 117, 29.23439139, 94.25118293,   5.2
189, 117, 29.22528332, 94.24259491,   5.1
190, 117, 29.21605482, 94.23388619,   5.1
191, 117, 29.20670394, 94.22505503,   5.0
192, 117, 29.19722872, 94.21609964,   5.0
193, 117, 29.18762714, 94.20701823,   4.9
194, 117, 29.17789720, 94.19780898,   4.8
195, 117, 29.16803684, 94.18847005,   4.8
196, 117, 29.15804398, 94.17899956,   4.7
197, 117, 29.14791652, 94.16939563,   4.7
198, 117, 29.13765231, 94.15965632,   4.6
199, 117, 29.12724919, 94.14977969,   4.6
200, 117, 29.11670497, 94.13976377,   4.5
201, 117, 29.10601742, 94.12960655,   4.4
202, 117, 29.09518429, 94.11930602,   4.3
203, 117, 29.08420328, 94.10886011,   4.3
204, 117, 29.07307208, 94.09826674,   4.2
205, 117, 29.06178834, 94.08752381,   4.1
206, 117, 29.05034968, 94.07662917,   4.0
207, 117, 29.03875367, 94.06558066,   3.9
208, 117, 29.02699787, 94.05437607,   3.9
209, 117, 29.01507979, 94.04301319,   3.8
210, 117, 29.00299692, 94.03148976,   3.7
211, 117, 28.99074669, 94.01980349,   3.6
212, 117, 28.97832651, 94.00795206,   3.5
213, 117, 28.96573376, 93.99593313,   3.4
214, 117, 28.95296577, 93.98374431,   3.4
215, 117, 28.94001985, 93.97138320,   3.3
216, 117, 28.92689324, 93.95884735,   3.2
217, 117, 28.91358317, 93.94613428,   3.1
218, 117, 28.90008682, 93.93324149,   3.0
219, 117, 28.88640133, 93.92016643,   2.9
220, 117, 28.87252380, 93.90690652,   2.8
221, 117, 28.85845129, 93.89345916,   2.7
222, 117, 28.84418082, 93.87982169,   2.6
223, 117, 28.82970935, 93.86599144,   2.5
224, 117, 28.81503382, 93.85196569,   2.5
225, 117, 28.80015112, 93.83774168,   2.4
226, 117, 28.78505809, 93.82331662,   2.3
227, 117, 28.76975152, 93.80868769,   2.2
228, 117, 28.75422816, 93.79385203,   2.1
229, 117, 28.73848472, 93.77880673,   2.0
230, 117, 28.72251785, 93.76354885,   2.0
231, 117, 28.70632416, 93.74807541,   1.9
232, 117, 28.68990021, 93.73238340,   1.9
233, 117, 28.67324250, 93.71646975,   1.8
234, 117, 28.65634749, 93.70033136,   1.8
235, 117, 28.63921160, 93.68396511,   1.8
236, 117, 28.62183117, 93.66736780,   1.8
237, 117, 28.60420250, 93.65053621,   1.9
238, 117, 28.58632184, 93.63346709,   1.9
239, 117, 28.56818539, 93.61615712,   1.9
240, 117, 28.54978927, 93.59860295,   2.0
241, 117, 28.53112958, 93.58080119,   2.0
  1, 118, 30.20915266, 94.87961809,  99.9
  2, 118, 30.20215278, 94.87777819,  99.9
  3, 118, 30.19523654, 94.87594783,  99.9
  4, 118, 30.18840251, 94.87412662,  99.9
  5, 118, 30.18164927, 94.87231418,  99.9
  6, 118, 30.17497541, 94.87051013,  99.9
  7, 118, 30.16837954, 94.86871408,  99.9
  8, 118, 30.16186029, 94.86692566,  99.9
  9, 118, 30.15541631, 94.86514449,  99.9
 10, 118, 30.14904625, 94.86337018,  99.9
 11, 118, 30.14274879, 94.86160237,  99.9
 12, 118, 30.13652262, 94.85984069,  99.9
 13, 118, 30.13036645, 94.85808476,  99.9
 14, 118, 30.12427899, 94.85633421,  99.9
 15, 118, 30.11825898, 94.85458867,  99.9
 16, 118, 30.11230516, 94.85284778,  99.9
 17, 118, 30.10641631, 94.85111117,  99.9
 18, 118, 30.10059118, 94.84937848,  99.9
 19, 118, 30.09482858, 94.84764933,  99.9
 20, 118, 30.08912730, 94.84592336,  99.9
 21, 118, 30.08348615, 94.84420022,  99.9
 22, 118, 30.07790397, 94.84247954,  99.9
 23, 118, 30.07237958, 94.84076096,  99.9
 24, 118, 30.06691185, 94.83904412,  99.9
 25, 118, 30.06149964, 94.83732865,  99.9
 26, 118, 30.05614181, 94.83561421,  99.9
 27, 118, 30.05083725, 94.83390042,  99.9
 28, 118, 30.04558487, 94.83218693,  99.9
 29, 118, 30.04038356, 94.83047337,  99.9
 30, 118, 30.03523224, 94.82875940,  99.9
 31, 118, 30.03012985, 94.82704465,  99.9
 32, 118, 30.02507532, 94.82532876,  99.9
 33, 118, 30.02006760, 94.82361137,  99.9
 34, 118, 30.01510565, 94.82189213,  99.9
 35, 118, 30.01018843, 94.82017067,  99.9
 36, 118, 30.00531493, 94.81844663,  99.9
 37, 118, 30.00048412, 94.81671965,  99.9
 38, 118, 29.99569500, 94.81498937,   0.0
 39, 118, 29.99094658, 94.81325544,   0.0
 40, 118, 29.98623787, 94.81151748,   0.0
 41, 118, 29.98156789, 94.80977513,   0.0
 42, 118, 29.97693566, 94.80802804,  99.9
 43, 118, 29.97234022, 94.80627583,  99.9
 44, 118, 29.96778062, 94.80451813,  99.9
 45, 118, 29.96325591, 94.80275460,  99.9
 46, 118, 29.95876514, 94.80098484,  99.9
 47, 118, 29.95430738, 94.79920850,  99.9
 48, 118, 29.94988170, 94.79742520,   1.3
 49, 118, 29.94548718, 94.79563458,   1.4
 50, 118, 29.94112291, 94.79383626,  99.9
 51, 118, 29.93678798, 94.79202986,  99.9
 52, 118, 29.93248148, 94.79021501,  99.9
 53, 118, 29.92820252, 94.78839133,   1.8
 54, 118, 29.92395021, 94.78655844,  99.9
 55, 118, 29.91972366, 94.78471596,  99.9
 56, 118, 29.91552200, 94.78286350,  99.9
 57, 118, 29.91134434, 94.78100068,  99.9
 58, 118, 29.90718983, 94.77912712,  99.9
 59, 118, 29.90305759, 94.77724241,   3.1
 60, 118, 29.89894676, 94.77534618,  99.9
 61, 118, 29.89485648, 94.77343802,  99.9
 62, 118, 29.89078592, 94.77151754,  99.9
 63, 118, 29.88673421, 94.76958434,  99.9
 64, 118, 29.88270052, 94.76763801,   4.7
 65, 118, 29.87868400, 94.76567816,  99.9
 66, 118, 29.87468382, 94.76370438,   4.7
 67, 118, 29.87069914, 94.76171625,   4.7
 68, 118, 29.86672914, 94.75971336,   4.7
 69, 118, 29.86277299, 94.75769531,   4.7
 70, 118, 29.85882986, 94.75566165,   4.7
 71, 118, 29.85489894, 94.75361199,   4.7
 72, 118, 29.85097940, 94.75154589,   4.7
 73, 118, 29.84707043, 94.74946291,   4.7
 74, 118, 29.84317122, 94.74736264,   4.7
 75, 118, 29.83928094, 94.74524463,  99.9
 76, 118, 29.83539880, 94.74310845,   4.8
 77, 118, 29.83152398, 94.74095365,   4.8
 78, 118, 29.82765567, 94.73877978,   4.8
 79, 118, 29.82379307, 94.73658640,   4.9
 80, 118, 29.81993538, 94.73437305,   4.9
 81, 118, 29.81608179, 94.73213927,   4.9
 82, 118, 29.81223150, 94.72988460,   4.9
 83, 118, 29.80838370, 94.72760857,   4.9
 84, 118, 29.80453760, 94.72531071,   4.9
 85, 118, 29.80069239, 94.72299054,   4.9
 86, 118, 29.79684727, 94.72064759,   5.0
 87, 118, 29.79300144, 94.71828137,   5.0
 88, 118, 29.78915409, 94.71589139,   5.0
 89, 118, 29.78530443, 94.71347716,   5.0
 90, 118, 29.78145166, 94.71103816,   5.0
 91, 118, 29.77759497, 94.70857392,   5.0
 92, 118, 29.77373355, 94.70608390,   5.1
 93, 118, 29.76986660, 94.70356760,   5.1
 94, 118, 29.76599332, 94.70102449,   5.1
 95, 118, 29.76211290, 94.69845406,   5.1
 96, 118, 29.75822452, 94.69585577,   5.1
 97, 118, 29.75432739, 94.69322908,   5.2
 98, 118, 29.75042067, 94.69057345,   5.2
 99, 118, 29.74650357, 94.68788833,  99.9
100, 118, 29.74257526, 94.68517317,  99.9
101, 118, 29.73863493, 94.68242741,  99.9
102, 118, 29.73468174, 94.67965048,  99.9
103, 118, 29.73071489, 94.67684180,  99.9
104, 118, 29.72673353, 94.67400080,  99.9
105, 118, 29.72273684, 94.67112689,  99.9
106, 118, 29.71872399, 94.66821948,  99.9
107, 118, 29.71469413, 94.66527797,   3.9
108, 118, 29.71064643, 94.66230176,   4.0
109, 118, 29.70658004, 94.65929022,   4.1
110, 118, 29.70249412, 94.65624274,  99.9
111, 118, 29.69838781, 94.65315868,  99.9
112, 118, 29.69426025, 94.65003743,  99.9
113, 118, 29.69011058, 94.64687832,  99.9
114, 118, 29.68593794, 94.64368072,  99.9
115, 118, 29.68174145, 94.64044395,  99.9
116, 118, 29.67752024, 94.63716737,  99.9
117, 118, 29.67327343, 94.63385028,  99.9
118, 118, 29.66900012, 94.63049202,  99.9
119, 118, 29.66469944, 94.62709188,  99.9
120, 118, 29.66037047, 94.62364917,  99.9
121, 118, 29.65601232, 94.62016318,   6.2
122, 118, 29.65162407, 94.61663319,   6.2
123, 118, 29.64720481, 94.61305849,   6.2
124, 118, 29.64275362, 94.60943832,   6.1
125, 118, 29.63826956, 94.60577196,   6.0
126, 118, 29.63375169, 94.60205864,   6.0
127, 118, 29.62919908, 94.59829760,   6.0
128, 118, 29.62461077, 94.59448808,   6.1
129, 118, 29.61998581, 94.59062928,   6.1
130, 118, 29.61532322, 94.58672042,   6.2
131, 118, 29.61062203, 94.58276070,   6.2
132, 118, 29.60588125, 94.57874930,   6.2
133, 118, 29.60109991, 94.57468540,   6.2
134, 118, 29.59627699, 94.57056816,   6.3
135, 118, 29.59141149, 94.56639675,   6.3
136, 118, 29.58650239, 94.56217030,   6.4
137, 118, 29.58154866, 94.55788796,   6.5
138, 118, 29.57654927, 94.55354884,   6.6
139, 118, 29.57150317, 94.54915205,   6.7
140, 118, 29.56640930, 94.54469670,   6.7
141, 118, 29.56126661, 94.54018187,   6.8
142, 118, 29.55607400, 94.53560664,   6.9
143, 118, 29.55083040, 94.53097008,   6.9
144, 118, 29.54553472, 94.52627123,   7.1
145, 118, 29.54018582, 94.52150913,   7.2
146, 118, 29.53478261, 94.51668281,   7.3
147, 118, 29.52932395, 94.51179129,   7.5
148, 118, 29.52380869, 94.50683356,   7.7
149, 118, 29.51823568, 94.50180861,   7.9
150, 118, 29.51260375, 94.49671542,   8.2
151, 118, 29.50691173, 94.49155295,   8.3
152, 118, 29.50115841, 94.48632014,   8.3
153, 118, 29.49534259, 94.48101592,   8.3
154, 118, 29.48946306, 94.47563922,   8.2
155, 118, 29.48351859, 94.47018894,   8.1
156, 118, 29.47750791, 94.46466396,   8.0
157, 118, 29.47142979, 94.45906316,   7.9
158, 118, 29.46528293, 94.45338540,   7.8
159, 118, 29.45906606, 94.44762953,   7.7
160, 118, 29.45277786, 94.44179437,   7.6
161, 118, 29.44641703, 94.43587874,   7.4
162, 118, 29.43998222, 94.42988143,   7.3
163, 118, 29.43347208, 94.42380122,   7.2
164, 118, 29.42688525, 94.41763687,   7.1
165, 118, 29.42022034, 94.41138715,   7.0
166, 118, 29.41347596, 94.40505076,   6.9
167, 118, 29.40665069, 94.39862644,   6.7
168, 118, 29.39974310, 94.39211287,   6.6
169, 118, 29.39275173, 94.38550873,   6.5
170, 118, 29.38567513, 94.37881268,   6.4
171, 118, 29.37851179, 94.37202338,   6.3
172, 118, 29.37126022, 94.36513943,   6.2
173, 118, 29.36391889, 94.35815945,   6.1
174, 118, 29.35648626, 94.35108202,   6.1
175, 118, 29.34896077, 94.34390571,   6.0
176, 118, 29.34134083, 94.33662907,   5.9
177, 118, 29.33362485, 94.32925062,   5.9
178, 118, 29.32581120, 94.32176888,   5.8
179, 118, 29.31789823, 94.31418233,   5.8
180, 118, 29.30988428, 94.30648945,   5.7
181, 118, 29.30176767, 94.29868867,   5.6
182, 118, 29.29354669, 94.29077843,   5.6
183, 118, 29.28521961, 94.28275712,   5.5
184, 118, 29.27678467, 94.27462314,   5.4
185, 118, 29.26824009, 94.26637483,   5.4
186, 118, 29.25958409, 94.25801055,   5.3
187, 118, 29.25081484, 94.24952861,   5.2
188, 118, 29.24193048, 94.24092730,   5.2
189, 118, 29.23292915, 94.23220488,   5.1
190, 118, 29.22380895, 94.22335962,   5.1
191, 118, 29.21456795, 94.21438972,   5.0
192, 118, 29.20520422, 94.20529340,   5.0
193, 118, 29.19571577, 94.19606881,   4.9
194, 118, 29.18610060, 94.18671412,   4.9
195, 118, 29.17635669, 94.17722745,   4.8
196, 118, 29.16648198, 94.16760690,   4.7
197, 118, 29.15647439, 94.15785053,   4.7
198, 118, 29.14633180, 94.14795641,   4.6
199, 118, 29.13605208, 94.13792254,   4.6
200, 118, 29.12563305, 94.12774692,   4.5
201, 118, 29.11507251, 94.11742752,   4.4
202, 118, 29.10436823, 94.10696229,   4.3
203, 118, 29.09351795, 94.09634912,   4.2
204, 118, 29.08251938, 94.08558591,   4.2
205, 118, 29.07137019, 94.07467050,   4.1
206, 118, 29.06006803, 94.06360073,   4.0
207, 118, 29.04861050, 94.05237440,   4.0
208, 118, 29.03699519, 94.04098926,   3.9
209, 118, 29.02521963, 94.02944305,   3.8
210, 118, 29.01328133, 94.01773349,   3.7
211, 118, 29.00117778, 94.00585824,   3.6
212, 118, 28.98890639, 93.99381495,   3.6
213, 118, 28.97646459, 93.98160124,   3.5
214, 118, 28.96384972, 93.96921468,   3.4
215, 118, 28.95105913, 93.95665282,   3.3
216, 118, 28.93809009, 93.94391318,   3.2
217, 118, 28.92493986, 93.93099324,   3.1
218, 118, 28.91160566, 93.91789044,   3.0
219, 118, 28.89808465, 93.90460220,   2.9
220, 118, 28.88437397, 93.89112590,   2.8
221, 118, 28.87047071, 93.87745889,   2.7
222, 118, 28.85637192, 93.86359847,   2.6
223, 118, 28.84207460, 93.84954191,   2.6
224, 118, 28.82757572, 93.83528646,   2.5
225, 118, 28.81287221, 93.82082930,   2.4
226, 118, 28.79796093, 93.80616762,   2.3
227, 118, 28.78283873, 93.79129852,   2.2
228, 118, 28.76750238, 93.77621910,   2.1
229, 118, 28.75194862, 93.76092640,   2.1
230, 118, 28.73617416, 93.74541744,   2.0
231, 118, 28.72017563, 93.72968918,   1.9
232, 118, 28.70394963, 93.71373855,   1.9
233, 118, 28.68749270, 93.69756244,   1.8
234, 118, 28.67080135, 93.68115771,   1.8
235, 118, 28.65387201, 93.66452115,   1.8
236, 118, 28.63670109, 93.64764953,   1.8
237, 118, 28.61928492, 93.63053957,   1.9
238, 118, 28.60161980, 93.61318795,   1.9
239, 118, 28.58370195, 93.59559131,   1.9
240, 118, 28.56552756, 93.57774624,   2.0
241, 118, 28.54709275, 93.55964929,   2.0
  1, 119, 30.21071220, 94.87150599,  99.9
  2, 119, 30.20370471, 94.86976399,  99.9
  3, 119, 30.19678120, 94.86802984,  99.9
  4, 119, 30.18994021, 94.86630318,  99.9
  5, 119, 30.18318033, 94.86458364,  99.9
  6, 119, 30.17650015, 94.86287086,  99.9
  7, 119, 30.16989829, 94.86116447,  99.9
  8, 119, 30.16337337, 94.85946413,  99.9
  9, 119, 30.15692403, 94.85776946,  99.9
 10, 119, 30.15054893, 94.85608011,  99.9
 11, 119, 30.14424675, 94.85439572,  99.9
 12, 119, 30.13801617, 94.85271594,  99.9
 13, 119, 30.13185589, 94.85104042,  99.9
 14, 119, 30.12576465, 94.84936880,  99.9
 15, 119, 30.11974116, 94.84770073,  99.9
 16, 119, 30.11378419, 94.84603586,  99.9
 17, 119, 30.10789247, 94.84437384,  99.9
 18, 119, 30.10206481, 94.84271431,  99.9
 19, 119, 30.09629997, 94.84105694,  99.9
 20, 119, 30.09059676, 94.83940136,  99.9
 21, 119, 30.08495399, 94.83774724,  99.9
 22, 119, 30.07937049, 94.83609423,  99.9
 23, 119, 30.07384510, 94.83444197,  99.9
 24, 119, 30.06837667, 94.83279013,  99.9
 25, 119, 30.06296406, 94.83113836,  99.9
 26, 119, 30.05760615, 94.82948630,  99.9
 27, 119, 30.05230181, 94.82783361,  99.9
 28, 119, 30.04704995, 94.82617996,  99.9
 29, 119, 30.04184947, 94.82452498,  99.9
 30, 119, 30.03669930, 94.82286833,  99.9
 31, 119, 30.03159835, 94.82120967,  99.9
 32, 119, 30.02654558, 94.81954865,  99.9
 33, 119, 30.02153992, 94.81788492,  99.9
 34, 119, 30.01658033, 94.81621814,  99.9
 35, 119, 30.01166579, 94.81454795,  99.9
 36, 119, 30.00679526, 94.81287400,  99.9
 37, 119, 30.00196775, 94.81119595,  99.9
 38, 119, 29.99718224, 94.80951344,   0.0
 39, 119, 29.99243773, 94.80782613,  99.9
 40, 119, 29.98773324, 94.80613365,  99.9
 41, 119, 29.98306779, 94.80443567,  99.9
 42, 119, 29.97844042, 94.80273181,  99.9
 43, 119, 29.97385014, 94.80102173,  99.9
 44, 119, 29.96929602, 94.79930508,  99.9
 45, 119, 29.96477710, 94.79758148,  99.9
 46, 119, 29.96029244, 94.79585059,  99.9
 47, 119, 29.95584111, 94.79411203,  99.9
 48, 119, 29.95142219, 94.79236546,  99.9
 49, 119, 29.94703474, 94.79061050,   1.5
 50, 119, 29.94267786, 94.78884679,   1.6
 51, 119, 29.93835065, 94.78707396,  99.9
 52, 119, 29.93405220, 94.78529164,  99.9
 53, 119, 29.92978161, 94.78349947,   1.8
 54, 119, 29.92553800, 94.78169706,  99.9
 55, 119, 29.92132049, 94.77988404,  99.9
 56, 119, 29.91712819, 94.77806004,  99.9
 57, 119, 29.91296023, 94.77622468,  99.9
 58, 119, 29.90881575, 94.77437757,  99.9
 59, 119, 29.90469388, 94.77251832,   3.2
 60, 119, 29.90059377, 94.77064657,   3.6
 61, 119, 29.89651456, 94.76876190,   3.9
 62, 119, 29.89245539, 94.76686394,   4.2
 63, 119, 29.88841544, 94.76495228,   4.5
 64, 119, 29.88439384, 94.76302654,   4.6
 65, 119, 29.88038978, 94.76108631,  99.9
 66, 119, 29.87640241, 94.75913118,   4.7
 67, 119, 29.87243090, 94.75716075,   4.7
 68, 119, 29.86847443, 94.75517462,   4.7
 69, 119, 29.86453217, 94.75317237,   4.7
 70, 119, 29.86060330, 94.75115358,   4.6
 71, 119, 29.85668700, 94.74911783,   4.6
 72, 119, 29.85278246, 94.74706471,   4.6
 73, 119, 29.84888886, 94.74499379,   4.7
 74, 119, 29.84500539, 94.74290463,   4.6
 75, 119, 29.84113125, 94.74079681,  99.9
 76, 119, 29.83726562, 94.73866988,  99.9
 77, 119, 29.83340770, 94.73652341,  99.9
 78, 119, 29.82955670, 94.73435695,  99.9
 79, 119, 29.82571179, 94.73217006,   4.8
 80, 119, 29.82187219, 94.72996227,   4.8
 81, 119, 29.81803709, 94.72773314,  99.9
 82, 119, 29.81420570, 94.72548219,   4.9
 83, 119, 29.81037721, 94.72320897,   4.9
 84, 119, 29.80655083, 94.72091300,   4.9
 85, 119, 29.80272576, 94.71859381,   4.9
 86, 119, 29.79890121, 94.71625092,   5.0
 87, 119, 29.79507637, 94.71388384,   5.0
 88, 119, 29.79125044, 94.71149209,   5.0
 89, 119, 29.78742264, 94.70907516,   5.0
 90, 119, 29.78359217, 94.70663256,   5.0
 91, 119, 29.77975822, 94.70416379,   5.0
 92, 119, 29.77591999, 94.70166832,   5.0
 93, 119, 29.77207669, 94.69914566,   5.1
 94, 119, 29.76822751, 94.69659527,   5.1
 95, 119, 29.76437166, 94.69401662,   5.1
 96, 119, 29.76050832, 94.69140920,   5.1
 97, 119, 29.75663669, 94.68877245,  99.9
 98, 119, 29.75275597, 94.68610583,  99.9
 99, 119, 29.74886534, 94.68340880,  99.9
100, 119, 29.74496399, 94.68068078,  99.9
101, 119, 29.74105112, 94.67792123,  99.9
102, 119, 29.73712589, 94.67512958,  99.9
103, 119, 29.73318750, 94.67230523,  99.9
104, 119, 29.72923513, 94.66944762,  99.9
105, 119, 29.72526794, 94.66655616,   3.6
106, 119, 29.72128511, 94.66363024,   3.7
107, 119, 29.71728581, 94.66066926,   3.8
108, 119, 29.71326920, 94.65767262,  99.9
109, 119, 29.70923445, 94.65463969,  99.9
110, 119, 29.70518071, 94.65156985,  99.9
111, 119, 29.70110714, 94.64846247,  99.9
112, 119, 29.69701289, 94.64531690,  99.9
113, 119, 29.69289710, 94.64213251,  99.9
114, 119, 29.68875891, 94.63890862,  99.9
115, 119, 29.68459746, 94.63564459,  99.9
116, 119, 29.68041188, 94.63233974,  99.9
117, 119, 29.67620130, 94.62899338,  99.9
118, 119, 29.67196483, 94.62560483,  99.9
119, 119, 29.66770159, 94.62217339,  99.9
120, 119, 29.66341070, 94.61869835,  99.9
121, 119, 29.65909125, 94.61517901,   6.1
122, 119, 29.65474234, 94.61161463,   6.1
123, 119, 29.65036306, 94.60800449,   6.0
124, 119, 29.64595250, 94.60434784,   6.0
125, 119, 29.64150974, 94.60064393,   6.0
126, 119, 29.63703385, 94.59689200,   5.9
127, 119, 29.63252388, 94.59309128,   5.9
128, 119, 29.62797891, 94.58924098,   6.0
129, 119, 29.62339798, 94.58534033,   6.1
130, 119, 29.61878012, 94.58138851,   6.1
131, 119, 29.61412439, 94.57738471,   6.2
132, 119, 29.60942979, 94.57332812,   6.2
133, 119, 29.60469536, 94.56921791,   6.2
134, 119, 29.59992009, 94.56505322,   6.3
135, 119, 29.59510300, 94.56083321,   6.3
136, 119, 29.59024307, 94.55655701,   6.4
137, 119, 29.58533928, 94.55222374,   6.5
138, 119, 29.58039062, 94.54783252,   6.6
139, 119, 29.57539604, 94.54338245,   6.7
140, 119, 29.57035449, 94.53887261,   6.8
141, 119, 29.56526494, 94.53430208,   6.8
142, 119, 29.56012630, 94.52966993,   6.9
143, 119, 29.55493750, 94.52497521,   7.0
144, 119, 29.54969746, 94.52021696,   7.1
145, 119, 29.54440508, 94.51539421,   7.2
146, 119, 29.53905924, 94.51050596,   7.4
147, 119, 29.53365884, 94.50555122,   7.5
148, 119, 29.52820274, 94.50052899,   7.7
149, 119, 29.52268979, 94.49543822,   7.9
150, 119, 29.51711884, 94.49027789,   8.1
151, 119, 29.51148872, 94.48504693,   8.3
152, 119, 29.50579826, 94.47974429,   8.4
153, 119, 29.50004626, 94.47436887,   8.3
154, 119, 29.49423151, 94.46891959,   8.2
155, 119, 29.48835280, 94.46339533,   8.1
156, 119, 29.48240889, 94.45779496,   8.0
157, 119, 29.47639853, 94.45211735,   7.9
158, 119, 29.47032047, 94.44636134,   7.8
159, 119, 29.46417343, 94.44052575,   7.7
160, 119, 29.45795611, 94.43460940,   7.6
161, 119, 29.45166722, 94.42861108,   7.5
162, 119, 29.44530544, 94.42252957,   7.4
163, 119, 29.43886943, 94.41636364,   7.2
164, 119, 29.43235783, 94.41011203,   7.1
165, 119, 29.42576929, 94.40377348,   7.0
166, 119, 29.41910241, 94.39734669,   6.9
167, 119, 29.41235581, 94.39083035,   6.8
168, 119, 29.40552805, 94.38422316,   6.7
169, 119, 29.39861770, 94.37752375,   6.5
170, 119, 29.39162332, 94.37073079,   6.4
171, 119, 29.38454344, 94.36384288,   6.3
172, 119, 29.37737656, 94.35685863,   6.2
173, 119, 29.37012118, 94.34977663,   6.1
174, 119, 29.36277577, 94.34259545,   6.1
175, 119, 29.35533879, 94.33531362,   6.0
176, 119, 29.34780867, 94.32792968,   5.9
177, 119, 29.34018384, 94.32044212,   5.9
178, 119, 29.33246268, 94.31284945,   5.8
179, 119, 29.32464357, 94.30515012,   5.7
180, 119, 29.31672487, 94.29734257,   5.7
181, 119, 29.30870490, 94.28942524,   5.6
182, 119, 29.30058199, 94.28139651,   5.6
183, 119, 29.29235442, 94.27325478,   5.5
184, 119, 29.28402045, 94.26499840,   5.4
185, 119, 29.27557833, 94.25662571,   5.4
186, 119, 29.26702629, 94.24813501,   5.3
187, 119, 29.25836251, 94.23952460,   5.2
188, 119, 29.24958518, 94.23079275,   5.2
189, 119, 29.24069244, 94.22193770,   5.1
190, 119, 29.23168242, 94.21295767,   5.1
191, 119, 29.22255322, 94.20385085,   5.0
192, 119, 29.21330292, 94.19461541,   5.0
193, 119, 29.20392955, 94.18524950,   4.9
194, 119, 29.19443115, 94.17575125,   4.9
195, 119, 29.18480570, 94.16611873,   4.8
196, 119, 29.17505118, 94.15635004,   4.7
197, 119, 29.16516553, 94.14644320,   4.7
198, 119, 29.15514666, 94.13639623,   4.6
199, 119, 29.14499244, 94.12620713,   4.6
200, 119, 29.13470075, 94.11587385,   4.5
201, 119, 29.12426940, 94.10539433,   4.4
202, 119, 29.11369619, 94.09476648,   4.4
203, 119, 29.10297887, 94.08398817,   4.3
204, 119, 29.09211520, 94.07305726,   4.2
205, 119, 29.08110286, 94.06197156,   4.1
206, 119, 29.06993953, 94.05072886,   4.1
207, 119, 29.05862284, 94.03932693,   4.0
208, 119, 29.04715041, 94.02776350,   3.9
209, 119, 29.03551980, 94.01603627,   3.8
210, 119, 29.02372855, 94.00414289,   3.7
211, 119, 29.01177415, 93.99208103,   3.7
212, 119, 28.99965409, 93.97984827,   3.6
213, 119, 28.98736579, 93.96744219,   3.5
214, 119, 28.97490664, 93.95486034,   3.4
215, 119, 28.96227401, 93.94210022,   3.3
216, 119, 28.94946522, 93.92915930,   3.2
217, 119, 28.93647754, 93.91603504,   3.1
218, 119, 28.92330823, 93.90272482,   3.1
219, 119, 28.90995448, 93.88922603,   3.0
220, 119, 28.89641347, 93.87553599,   2.9
221, 119, 28.88268232, 93.86165202,   2.8
222, 119, 28.86875811, 93.84757137,   2.7
223, 119, 28.85463788, 93.83329127,   2.6
224, 119, 28.84031863, 93.81880892,   2.5
225, 119, 28.82579733, 93.80412146,   2.4
226, 119, 28.81107087, 93.78922602,   2.3
227, 119, 28.79613614, 93.77411966,   2.2
228, 119, 28.78098995, 93.75879943,   2.1
229, 119, 28.76562908, 93.74326233,   2.1
230, 119, 28.75005026, 93.72750531,   2.0
231, 119, 28.73425017, 93.71152530,   1.9
232, 119, 28.71822545, 93.69531917,   1.9
233, 119, 28.70197268, 93.67888376,   1.8
234, 119, 28.68548840, 93.66221587,   1.8
235, 119, 28.66876910, 93.64531224,   1.8
236, 119, 28.65181121, 93.62816958,   1.8
237, 119, 28.63461111, 93.61078457,   1.9
238, 119, 28.61716514, 93.59315383,   1.9
239, 119, 28.59946957, 93.57527394,   1.9
240, 119, 28.58152063, 93.55714142,   2.0
241, 119, 28.56331447, 93.53875277,   2.0
  1, 120, 30.21218579, 94.86338567,  99.9
  2, 120, 30.20517216, 94.86174194,  99.9
  3, 120, 30.19824281, 94.86010436,  99.9
  4, 120, 30.19139630, 94.85847261,  99.9
  5, 120, 30.18463120, 94.85684633,  99.9
  6, 120, 30.17794612, 94.85522519,  99.9
  7, 120, 30.17133964, 94.85360883,  99.9
  8, 120, 30.16481041, 94.85199691,  99.9
  9, 120, 30.15835707, 94.85038911,  99.9
 10, 120, 30.15197826, 94.84878507,  99.9
 11, 120, 30.14567268, 94.84718446,  99.9
 12, 120, 30.13943899, 94.84558694,  99.9
 13, 120, 30.13327591, 94.84399218,  99.9
 14, 120, 30.12718216, 94.84239984,  99.9
 15, 120, 30.12115646, 94.84080959,  99.9
 16, 120, 30.11519756, 94.83922109,  99.9
 17, 120, 30.10930423, 94.83763400,  99.9
 18, 120, 30.10347524, 94.83604800,  99.9
 19, 120, 30.09770937, 94.83446274,  99.9
 20, 120, 30.09200542, 94.83287791,  99.9
 21, 120, 30.08636222, 94.83129316,  99.9
 22, 120, 30.08077857, 94.82970816,  99.9
 23, 120, 30.07525334, 94.82812257,  99.9
 24, 120, 30.06978535, 94.82653608,  99.9
 25, 120, 30.06437348, 94.82494834,  99.9
 26, 120, 30.05901660, 94.82335902,  99.9
 27, 120, 30.05371359, 94.82176778,  99.9
 28, 120, 30.04846335, 94.82017431,  99.9
 29, 120, 30.04326480, 94.81857825,  99.9
 30, 120, 30.03811684, 94.81697928,  99.9
 31, 120, 30.03301840, 94.81537706,  99.9
 32, 120, 30.02796843, 94.81377125,  99.9
 33, 120, 30.02296588, 94.81216153,  99.9
 34, 120, 30.01800970, 94.81054755,  99.9
 35, 120, 30.01309886, 94.80892898,  99.9
 36, 120, 30.00823234, 94.80730548,  99.9
 37, 120, 30.00340912, 94.80567670,  99.9
 38, 120, 29.99862821, 94.80404231,  99.9
 39, 120, 29.99388861, 94.80240198,  99.9
 40, 120, 29.98918933, 94.80075534,  99.9
 41, 120, 29.98452939, 94.79910207,  99.9
 42, 120, 29.97990783, 94.79744181,  99.9
 43, 120, 29.97532368, 94.79577422,  99.9
 44, 120, 29.97077599, 94.79409896,  99.9
 45, 120, 29.96626380, 94.79241566,  99.9
 46, 120, 29.96178619, 94.79072399,  99.9
 47, 120, 29.95734223, 94.78902359,  99.9
 48, 120, 29.95293097, 94.78731410,  99.9
 49, 120, 29.94855151, 94.78559517,  99.9
 50, 120, 29.94420294, 94.78386644,   1.7
 51, 120, 29.93988435, 94.78212755,   1.8
 52, 120, 29.93559484, 94.78037813,   1.9
 53, 120, 29.93133352, 94.77861784,   1.8
 54, 120, 29.92709949, 94.77684628,  99.9
 55, 120, 29.92289189, 94.77506311,  99.9
 56, 120, 29.91870983, 94.77326795,  99.9
 57, 120, 29.91455244, 94.77146042,  99.9
 58, 120, 29.91041886, 94.76964015,   3.0
 59, 120, 29.90630823, 94.76780675,   3.1
 60, 120, 29.90221969, 94.76595986,  99.9
 61, 120, 29.89815238, 94.76409908,  99.9
 62, 120, 29.89410547, 94.76222403,  99.9
 63, 120, 29.89007811, 94.76033432,   4.6
 64, 120, 29.88606945, 94.75842956,   4.6
 65, 120, 29.88207868, 94.75650934,   4.6
 66, 120, 29.87810495, 94.75457328,   4.7
 67, 120, 29.87414743, 94.75262097,   4.6
 68, 120, 29.87020531, 94.75065200,   4.6
 69, 120, 29.86627776, 94.74866596,   4.6
 70, 120, 29.86236397, 94.74666245,   4.6
 71, 120, 29.85846311, 94.74464105,   4.6
 72, 120, 29.85457438, 94.74260134,  99.9
 73, 120, 29.85069696, 94.74054289,   4.4
 74, 120, 29.84683006, 94.73846529,   4.3
 75, 120, 29.84297285, 94.73636809,  99.9
 76, 120, 29.83912455, 94.73425086,  99.9
 77, 120, 29.83528434, 94.73211317,  99.9
 78, 120, 29.83145143, 94.72995456,  99.9
 79, 120, 29.82762502, 94.72777461,  99.9
 80, 120, 29.82380431, 94.72557284,  99.9
 81, 120, 29.81998850, 94.72334881,  99.9
 82, 120, 29.81617680, 94.72110206,   4.9
 83, 120, 29.81236842, 94.71883212,   4.9
 84, 120, 29.80856256, 94.71653852,   4.9
 85, 120, 29.80475843, 94.71422078,   4.9
 86, 120, 29.80095524, 94.71187844,   4.9
 87, 120, 29.79715218, 94.70951099,   5.0
 88, 120, 29.79334848, 94.70711795,   5.0
 89, 120, 29.78954334, 94.70469883,   5.0
 90, 120, 29.78573596, 94.70225313,   5.0
 91, 120, 29.78192554, 94.69978034,   5.0
 92, 120, 29.77811131, 94.69727995,   5.0
 93, 120, 29.77429245, 94.69475144,   5.0
 94, 120, 29.77046818, 94.69219429,   5.0
 95, 120, 29.76663769, 94.68960797,   5.1
 96, 120, 29.76280019, 94.68699195,  99.9
 97, 120, 29.75895488, 94.68434569,  99.9
 98, 120, 29.75510096, 94.68166863,  99.9
 99, 120, 29.75123761, 94.67896023,  99.9
100, 120, 29.74736404, 94.67621993,  99.9
101, 120, 29.74347944, 94.67344717,  99.9
102, 120, 29.73958299, 94.67064136,  99.9
103, 120, 29.73567389, 94.66780193,  99.9
104, 120, 29.73175132, 94.66492830,  99.9
105, 120, 29.72781445, 94.66201987,   3.5
106, 120, 29.72386247, 94.65907604,  99.9
107, 120, 29.71989456, 94.65609621,  99.9
108, 120, 29.71590988, 94.65307976,  99.9
109, 120, 29.71190761, 94.65002607,  99.9
110, 120, 29.70788690, 94.64693450,  99.9
111, 120, 29.70384692, 94.64380443,  99.9
112, 120, 29.69978682, 94.64063521,  99.9
113, 120, 29.69570576, 94.63742618,  99.9
114, 120, 29.69160289, 94.63417668,  99.9
115, 120, 29.68747735, 94.63088605,  99.9
116, 120, 29.68332827, 94.62755361,  99.9
117, 120, 29.67915479, 94.62417866,  99.9
118, 120, 29.67495604, 94.62076053,  99.9
119, 120, 29.67073113, 94.61729849,  99.9
120, 120, 29.66647920, 94.61379185,  99.9
121, 120, 29.66219935, 94.61023987,   6.1
122, 120, 29.65789068, 94.60664184,   6.0
123, 120, 29.65355230, 94.60299700,   5.9
124, 120, 29.64918329, 94.59930462,   5.9
125, 120, 29.64478275, 94.59556392,   5.9
126, 120, 29.64034975, 94.59177415,   5.9
127, 120, 29.63588338, 94.58793452,   5.9
128, 120, 29.63138268, 94.58404425,   5.9
129, 120, 29.62684673, 94.58010253,   6.1
130, 120, 29.62227458, 94.57610856,   6.1
131, 120, 29.61766526, 94.57206152,   6.2
132, 120, 29.61301782, 94.56796058,   6.2
133, 120, 29.60833128, 94.56380489,   6.2
134, 120, 29.60360466, 94.55959360,   6.3
135, 120, 29.59883697, 94.55532586,   6.3
136, 120, 29.59402722, 94.55100078,   6.4
137, 120, 29.58917439, 94.54661748,   6.5
138, 120, 29.58427748, 94.54217506,   6.6
139, 120, 29.57933546, 94.53767261,   6.7
140, 120, 29.57434729, 94.53310920,   6.8
141, 120, 29.56931192, 94.52848392,   6.9
142, 120, 29.56422832, 94.52379579,   7.0
143, 120, 29.55909540, 94.51904388,   7.0
144, 120, 29.55391209, 94.51422720,   7.1
145, 120, 29.54867731, 94.50934477,   7.3
146, 120, 29.54338997, 94.50439560,   7.4
147, 120, 29.53804895, 94.49937866,   7.5
148, 120, 29.53265313, 94.49429294,   7.7
149, 120, 29.52720139, 94.48913739,   7.8
150, 120, 29.52169257, 94.48391097,   8.0
151, 120, 29.51612554, 94.47861260,   8.3
152, 120, 29.51049911, 94.47324120,   8.4
153, 120, 29.50481211, 94.46779568,   8.4
154, 120, 29.49906335, 94.46227493,   8.3
155, 120, 29.49325162, 94.45667782,   8.2
156, 120, 29.48737570, 94.45100321,   8.1
157, 120, 29.48143436, 94.44524994,   8.0
158, 120, 29.47542635, 94.43941684,   7.9
159, 120, 29.46935042, 94.43350272,   7.8
160, 120, 29.46320527, 94.42750638,   7.6
161, 120, 29.45698964, 94.42142660,   7.5
162, 120, 29.45070220, 94.41526214,   7.4
163, 120, 29.44434165, 94.40901174,   7.3
164, 120, 29.43790664, 94.40267414,   7.1
165, 120, 29.43139582, 94.39624804,   7.0
166, 120, 29.42480783, 94.38973215,   6.9
167, 120, 29.41814128, 94.38312513,   6.8
168, 120, 29.41139477, 94.37642565,   6.7
169, 120, 29.40456688, 94.36963234,   6.6
170, 120, 29.39765618, 94.36274383,   6.4
171, 120, 29.39066121, 94.35575872,   6.3
172, 120, 29.38358050, 94.34867559,   6.2
173, 120, 29.37641257, 94.34149301,   6.1
174, 120, 29.36915590, 94.33420952,   6.0
175, 120, 29.36180897, 94.32682364,   6.0
176, 120, 29.35437024, 94.31933389,   5.9
177, 120, 29.34683813, 94.31173875,   5.9
178, 120, 29.33921106, 94.30403667,   5.8
179, 120, 29.33148743, 94.29622611,   5.7
180, 120, 29.32366561, 94.28830548,   5.7
181, 120, 29.31574395, 94.28027319,   5.6
182, 120, 29.30772079, 94.27212761,   5.5
183, 120, 29.29959442, 94.26386709,   5.5
184, 120, 29.29136315, 94.25548998,   5.4
185, 120, 29.28302524, 94.24699458,   5.4
186, 120, 29.27457892, 94.23837918,   5.3
187, 120, 29.26602242, 94.22964204,   5.2
188, 120, 29.25735393, 94.22078141,   5.2
189, 120, 29.24857162, 94.21179549,   5.1
190, 120, 29.23967365, 94.20268250,   5.1
191, 120, 29.23065813, 94.19344058,   5.0
192, 120, 29.22152316, 94.18406789,   5.0
193, 120, 29.21226681, 94.17456254,   4.9
194, 120, 29.20288713, 94.16492262,   4.9
195, 120, 29.19338214, 94.15514620,   4.8
196, 120, 29.18374982, 94.14523132,   4.7
197, 120, 29.17398815, 94.13517599,   4.7
198, 120, 29.16409506, 94.12497819,   4.6
199, 120, 29.15406846, 94.11463589,   4.6
200, 120, 29.14390623, 94.10414702,   4.5
201, 120, 29.13360622, 94.09350947,   4.5
202, 120, 29.12316625, 94.08272113,   4.4
203, 120, 29.11258412, 94.07177983,   4.3
204, 120, 29.10185758, 94.06068339,   4.2
205, 120, 29.09098436, 94.04942961,   4.2
206, 120, 29.07996217, 94.03801622,   4.1
207, 120, 29.06878866, 94.02644097,   4.0
208, 120, 29.05746147, 94.01470154,   3.9
209, 120, 29.04597820, 94.00279561,   3.9
210, 120, 29.03433643, 93.99072079,   3.8
211, 120, 29.02253366, 93.97847470,   3.7
212, 120, 29.01056742, 93.96605490,   3.6
213, 120, 28.99843516, 93.95345892,   3.5
214, 120, 28.98613430, 93.94068426,   3.4
215, 120, 28.97366223, 93.92772841,   3.4
216, 120, 28.96101632, 93.91458878,   3.3
217, 120, 28.94819387, 93.90126278,   3.2
218, 120, 28.93519215, 93.88774777,   3.1
219, 120, 28.92200842, 93.87404108,   3.0
220, 120, 28.90863986, 93.86014001,   2.9
221, 120, 28.89508364, 93.84604182,   2.8
222, 120, 28.88133688, 93.83174371,   2.7
223, 120, 28.86739664, 93.81724288,   2.6
224, 120, 28.85325998, 93.80253648,   2.5
225, 120, 28.83892386, 93.78762160,   2.4
226, 120, 28.82438526, 93.77249532,   2.3
227, 120, 28.80964107, 93.75715467,   2.2
228, 120, 28.79468815, 93.74159664,   2.2
229, 120, 28.77952332, 93.72581817,   2.1
230, 120, 28.76414334, 93.70981618,   2.0
231, 120, 28.74854494, 93.69358754,   1.9
232, 120, 28.73272479, 93.67712907,   1.9
233, 120, 28.71667951, 93.66043756,   1.8
234, 120, 28.70040570, 93.64350975,   1.8
235, 120, 28.68389986, 93.62634234,   1.8
236, 120, 28.66715848, 93.60893199,   1.8
237, 120, 28.65017798, 93.59127531,   1.9
238, 120, 28.63295474, 93.57336886,   1.9
239, 120, 28.61548508, 93.55520917,   1.9
240, 120, 28.59776526, 93.53679271,   2.0
241, 120, 28.57979149, 93.51811593,   2.0
  1, 121, 30.21357310, 94.85525884,  99.9
  2, 121, 30.20655481, 94.85371372,  99.9
  3, 121, 30.19962108, 94.85217307,  99.9
  4, 121, 30.19277049, 94.85063657,  99.9
  5, 121, 30.18600159, 94.84910390,  99.9
  6, 121, 30.17931299, 94.84757473,  99.9
  7, 121, 30.17270329, 94.84604873,  99.9
  8, 121, 30.16617113, 94.84452559,  99.9
  9, 121, 30.15971513, 94.84300499,  99.9
 10, 121, 30.15333396, 94.84148660,  99.9
 11, 121, 30.14702628, 94.83997010,  99.9
 12, 121, 30.14079080, 94.83845519,  99.9
 13, 121, 30.13462620, 94.83694152,  99.9
 14, 121, 30.12853121, 94.83542880,  99.9
 15, 121, 30.12250456, 94.83391670,  99.9
 16, 121, 30.11654500, 94.83240490,  99.9
 17, 121, 30.11065128, 94.83089308,  99.9
 18, 121, 30.10482218, 94.82938093,  99.9
 19, 121, 30.09905649, 94.82786814,  99.9
 20, 121, 30.09335301, 94.82635437,  99.9
 21, 121, 30.08771054, 94.82483932,  99.9
 22, 121, 30.08212792, 94.82332266,  99.9
 23, 121, 30.07660399, 94.82180409,  99.9
 24, 121, 30.07113759, 94.82028327,  99.9
 25, 121, 30.06572759, 94.81875990,  99.9
 26, 121, 30.06037286, 94.81723365,  99.9
 27, 121, 30.05507230, 94.81570420,  99.9
 28, 121, 30.04982478, 94.81417124,  99.9
 29, 121, 30.04462923, 94.81263443,  99.9
 30, 121, 30.03948456, 94.81109347,  99.9
 31, 121, 30.03438971, 94.80954802,  99.9
 32, 121, 30.02934360, 94.80799777,  99.9
 33, 121, 30.02434520, 94.80644240,  99.9
 34, 121, 30.01939346, 94.80488156,  99.9
 35, 121, 30.01448734, 94.80331495,  99.9
 36, 121, 30.00962584, 94.80174222,  99.9
 37, 121, 30.00480794, 94.80016307,  99.9
 38, 121, 30.00003263, 94.79857714,  99.9
 39, 121, 29.99529892, 94.79698412,  99.9
 40, 121, 29.99060583, 94.79538367,  99.9
 41, 121, 29.98595238, 94.79377545,  99.9
 42, 121, 29.98133760, 94.79215914,  99.9
 43, 121, 29.97676052, 94.79053439,  99.9
 44, 121, 29.97222021, 94.78890086,  99.9
 45, 121, 29.96771571, 94.78725822,  99.9
 46, 121, 29.96324608, 94.78560613,  99.9
 47, 121, 29.95881040, 94.78394423,  99.9
 48, 121, 29.95440774, 94.78227218,  99.9
 49, 121, 29.95003719, 94.78058964,  99.9
 50, 121, 29.94569783, 94.77889625,  99.9
 51, 121, 29.94138876, 94.77719166,  99.9
 52, 121, 29.93710908, 94.77547551,   1.9
 53, 121, 29.93285791, 94.77374746,   2.0
 54, 121, 29.92863436, 94.77200713,  99.9
 55, 121, 29.92443755, 94.77025417,   2.6
 56, 121, 29.92026660, 94.76848822,   2.7
 57, 121, 29.91612065, 94.76670890,   2.8
 58, 121, 29.91199883, 94.76491584,   2.9
 59, 121, 29.90790029, 94.76310868,   3.2
 60, 121, 29.90382417, 94.76128704,   3.3
 61, 121, 29.89976962, 94.75945053,  99.9
 62, 121, 29.89573580, 94.75759879,  99.9
 63, 121, 29.89172187, 94.75573141,  99.9
 64, 121, 29.88772700, 94.75384802,  99.9
 65, 121, 29.88375034, 94.75194822,  99.9
 66, 121, 29.87979108, 94.75003163,  99.9
 67, 121, 29.87584839, 94.74809783,   4.5
 68, 121, 29.87192144, 94.74614644,   4.5
 69, 121, 29.86800942, 94.74417704,   4.5
 70, 121, 29.86411151, 94.74218922,   4.5
 71, 121, 29.86022691, 94.74018258,   4.5
 72, 121, 29.85635480, 94.73815670,  99.9
 73, 121, 29.85249438, 94.73611116,   4.1
 74, 121, 29.84864484, 94.73404553,   4.1
 75, 121, 29.84480538, 94.73195939,  99.9
 76, 121, 29.84097519, 94.72985230,  99.9
 77, 121, 29.83715349, 94.72772383,  99.9
 78, 121, 29.83333948, 94.72557353,  99.9
 79, 121, 29.82953236, 94.72340096,  99.9
 80, 121, 29.82573133, 94.72120568,  99.9
 81, 121, 29.82193561, 94.71898721,  99.9
 82, 121, 29.81814441, 94.71674512,  99.9
 83, 121, 29.81435693, 94.71447893,   4.9
 84, 121, 29.81057238, 94.71218817,   4.9
 85, 121, 29.80678998, 94.70987237,   4.9
 86, 121, 29.80300894, 94.70753105,   4.8
 87, 121, 29.79922846, 94.70516372,   1.3
 88, 121, 29.79544777, 94.70276990,   1.6
 89, 121, 29.79166607, 94.70034909,   1.4
 90, 121, 29.78788258, 94.69790079,   1.4
 91, 121, 29.78409650, 94.69542450,   1.5
 92, 121, 29.78030705, 94.69291969,   1.5
 93, 121, 29.77651343, 94.69038586,   5.0
 94, 121, 29.77271486, 94.68782248,   5.0
 95, 121, 29.76891054, 94.68522902,  99.9
 96, 121, 29.76509968, 94.68260494,  99.9
 97, 121, 29.76128149, 94.67994971,  99.9
 98, 121, 29.75745516, 94.67726277,  99.9
 99, 121, 29.75361990, 94.67454357,  99.9
100, 121, 29.74977491, 94.67179155,  99.9
101, 121, 29.74591939, 94.66900614,  99.9
102, 121, 29.74205253, 94.66618676,  99.9
103, 121, 29.73817353, 94.66333283,  99.9
104, 121, 29.73428158, 94.66044377,   3.3
105, 121, 29.73037586, 94.65751898,   3.4
106, 121, 29.72645555, 94.65455785,  99.9
107, 121, 29.72251985, 94.65155978,  99.9
108, 121, 29.71856793, 94.64852414,  99.9
109, 121, 29.71459896, 94.64545032,  99.9
110, 121, 29.71061212, 94.64233766,  99.9
111, 121, 29.70660657, 94.63918555,  99.9
112, 121, 29.70258147, 94.63599332,  99.9
113, 121, 29.69853600, 94.63276032,  99.9
114, 121, 29.69446929, 94.62948588,  99.9
115, 121, 29.69038051, 94.62616932,  99.9
116, 121, 29.68626879, 94.62280998,  99.9
117, 121, 29.68213328, 94.61940714,  99.9
118, 121, 29.67797312, 94.61596012,  99.9
119, 121, 29.67378743, 94.61246820,  99.9
120, 121, 29.66957534, 94.60893067,  99.9
121, 121, 29.66533598, 94.60534680,  99.9
122, 121, 29.66106845, 94.60171584,   5.9
123, 121, 29.65677186, 94.59803706,   5.8
124, 121, 29.65244531, 94.59430970,   5.8
125, 121, 29.64808791, 94.59053299,   5.8
126, 121, 29.64369873, 94.58670615,   5.8
127, 121, 29.63927687, 94.58282841,   5.8
128, 121, 29.63482139, 94.57889895,   5.8
129, 121, 29.63033137, 94.57491699,   6.0
130, 121, 29.62580586, 94.57088169,   6.1
131, 121, 29.62124392, 94.56679223,   6.1
132, 121, 29.61664459, 94.56264777,   6.2
133, 121, 29.61200692, 94.55844746,   6.2
134, 121, 29.60732993, 94.55419044,   6.2
135, 121, 29.60261264, 94.54987584,   6.3
136, 121, 29.59785406, 94.54550277,   6.4
137, 121, 29.59305321, 94.54107033,   6.5
138, 121, 29.58820906, 94.53657762,   6.7
139, 121, 29.58332062, 94.53202372,   6.8
140, 121, 29.57838686, 94.52740768,   6.9
141, 121, 29.57340673, 94.52272858,   6.9
142, 121, 29.56837921, 94.51798544,   7.0
143, 121, 29.56330323, 94.51317731,   7.1
144, 121, 29.55817774, 94.50830319,   7.2
145, 121, 29.55300165, 94.50336208,   7.3
146, 121, 29.54777389, 94.49835299,   7.4
147, 121, 29.54249336, 94.49327488,   7.5
148, 121, 29.53715895, 94.48812671,   7.6
149, 121, 29.53176954, 94.48290744,   7.7
150, 121, 29.52632401, 94.47761599,   7.9
151, 121, 29.52082121, 94.47225129,   8.2
152, 121, 29.51525998, 94.46681224,   8.4
153, 121, 29.50963917, 94.46129773,   8.4
154, 121, 29.50395759, 94.45570663,   8.3
155, 121, 29.49821405, 94.45003781,   8.2
156, 121, 29.49240734, 94.44429011,   8.1
157, 121, 29.48653625, 94.43846235,   8.0
158, 121, 29.48059954, 94.43255336,   7.9
159, 121, 29.47459596, 94.42656192,   7.8
160, 121, 29.46852427, 94.42048681,   7.7
161, 121, 29.46238317, 94.41432680,   7.6
162, 121, 29.45617139, 94.40808064,   7.4
163, 121, 29.44988761, 94.40174704,   7.3
164, 121, 29.44353052, 94.39532474,   7.2
165, 121, 29.43709878, 94.38881241,   7.1
166, 121, 29.43059104, 94.38220873,   6.9
167, 121, 29.42400593, 94.37551237,   6.8
168, 121, 29.41734206, 94.36872196,   6.7
169, 121, 29.41059804, 94.36183613,   6.6
170, 121, 29.40377245, 94.35485347,   6.5
171, 121, 29.39686384, 94.34777257,   6.3
172, 121, 29.38987078, 94.34059199,   6.2
173, 121, 29.38279178, 94.33331028,   6.1
174, 121, 29.37562535, 94.32592596,   6.0
175, 121, 29.36837000, 94.31843754,   6.0
176, 121, 29.36102418, 94.31084350,   5.9
177, 121, 29.35358636, 94.30314230,   5.9
178, 121, 29.34605497, 94.29533238,   5.8
179, 121, 29.33842841, 94.28741217,   5.7
180, 121, 29.33070509, 94.27938006,   5.7
181, 121, 29.32288338, 94.27123442,   5.6
182, 121, 29.31496162, 94.26297363,   5.5
183, 121, 29.30693815, 94.25459600,   5.5
184, 121, 29.29881128, 94.24609984,   5.4
185, 121, 29.29057929, 94.23748344,   5.4
186, 121, 29.28224044, 94.22874507,   5.3
187, 121, 29.27379298, 94.21988296,   5.2
188, 121, 29.26523513, 94.21089533,   5.2
189, 121, 29.25656507, 94.20178037,   5.1
190, 121, 29.24778098, 94.19253624,   5.1
191, 121, 29.23888101, 94.18316109,   5.0
192, 121, 29.22986326, 94.17365302,   5.0
193, 121, 29.22072585, 94.16401013,   4.9
194, 121, 29.21146683, 94.15423049,   4.9
195, 121, 29.20208425, 94.14431212,   4.8
196, 121, 29.19257613, 94.13425304,   4.8
197, 121, 29.18294046, 94.12405123,   4.7
198, 121, 29.17317520, 94.11370465,   4.7
199, 121, 29.16327828, 94.10321123,   4.6
200, 121, 29.15324761, 94.09256885,   4.5
201, 121, 29.14308107, 94.08177540,   4.5
202, 121, 29.13277651, 94.07082872,   4.4
203, 121, 29.12233173, 94.05972662,   4.3
204, 121, 29.11174454, 94.04846687,   4.3
205, 121, 29.10101269, 94.03704724,   4.2
206, 121, 29.09013391, 94.02546545,   4.1
207, 121, 29.07910588, 94.01371918,   4.1
208, 121, 29.06792628, 94.00180609,   4.0
209, 121, 29.05659272, 93.98972382,   3.9
210, 121, 29.04510282, 93.97746996,   3.8
211, 121, 29.03345412, 93.96504208,   3.7
212, 121, 29.02164416, 93.95243769,   3.6
213, 121, 29.00967044, 93.93965431,   3.5
214, 121, 28.99753040, 93.92668939,   3.5
215, 121, 28.98522147, 93.91354036,   3.4
216, 121, 28.97274104, 93.90020462,   3.3
217, 121, 28.96008646, 93.88667952,   3.2
218, 121, 28.94725502, 93.87296239,   3.1
219, 121, 28.93424402, 93.85905052,   3.0
220, 121, 28.92105067, 93.84494116,   2.9
221, 121, 28.90767218, 93.83063152,   2.8
222, 121, 28.89410569, 93.81611877,   2.7
223, 121, 28.88034831, 93.80140007,   2.6
224, 121, 28.86639713, 93.78647250,   2.5
225, 121, 28.85224916, 93.77133314,   2.4
226, 121, 28.83790140, 93.75597899,   2.3
227, 121, 28.82335078, 93.74040705,   2.2
228, 121, 28.80859421, 93.72461426,   2.2
229, 121, 28.79362853, 93.70859752,   2.1
230, 121, 28.77845056, 93.69235370,   2.0
231, 121, 28.76305705, 93.67587960,   2.0
232, 121, 28.74744472, 93.65917200,   1.9
233, 121, 28.73161024, 93.64222765,   1.8
234, 121, 28.71555023, 93.62504323,   1.8
235, 121, 28.69926124, 93.60761538,   1.8
236, 121, 28.68273981, 93.58994072,   1.8
237, 121, 28.66598240, 93.57201579,   1.9
238, 121, 28.64898543, 93.55383712,   1.9
239, 121, 28.63174525, 93.53540116,   1.9
240, 121, 28.61425819, 93.51670434,   2.0
241, 121, 28.59652049, 93.49774303,   2.0
  1, 122, 30.21487386, 94.84712720,  99.9
  2, 122, 30.20785237, 94.84568103,  99.9
  3, 122, 30.20091573, 94.84423763,  99.9
  4, 122, 30.19406248, 94.84279671,  99.9
  5, 122, 30.18729120, 94.84135797,  99.9
  6, 122, 30.18060049, 94.83992109,  99.9
  7, 122, 30.17398896, 94.83848578,  99.9
  8, 122, 30.16745522, 94.83705174,  99.9
  9, 122, 30.16099792, 94.83561866,  99.9
 10, 122, 30.15461572, 94.83418624,  99.9
 11, 122, 30.14830729, 94.83275417,  99.9
 12, 122, 30.14207131, 94.83132217,  99.9
 13, 122, 30.13590649, 94.82988993,  99.9
 14, 122, 30.12981154, 94.82845714,  99.9
 15, 122, 30.12378520, 94.82702350,  99.9
 16, 122, 30.11782622, 94.82558872,  99.9
 17, 122, 30.11193335, 94.82415250,  99.9
 18, 122, 30.10610536, 94.82271452,  99.9
 19, 122, 30.10034106, 94.82127449,  99.9
 20, 122, 30.09463922, 94.81983212,  99.9
 21, 122, 30.08899868, 94.81838708,  99.9
 22, 122, 30.08341826, 94.81693909,  99.9
 23, 122, 30.07789678, 94.81548784,  99.9
 24, 122, 30.07243312, 94.81403303,  99.9
 25, 122, 30.06702612, 94.81257434,  99.9
 26, 122, 30.06167467, 94.81111148,  99.9
 27, 122, 30.05637765, 94.80964413,  99.9
 28, 122, 30.05113395, 94.80817200,  99.9
 29, 122, 30.04594250, 94.80669478,  99.9
 30, 122, 30.04080219, 94.80521214,  99.9
 31, 122, 30.03571198, 94.80372380,  99.9
 32, 122, 30.03067079, 94.80222942,  99.9
 33, 122, 30.02567759, 94.80072871,  99.9
 34, 122, 30.02073132, 94.79922135,  99.9
 35, 122, 30.01583096, 94.79770702,  99.9
 36, 122, 30.01097549, 94.79618541,  99.9
 37, 122, 30.00616391, 94.79465620,  99.9
 38, 122, 30.00139520, 94.79311906,  99.9
 39, 122, 29.99666837, 94.79157369,  99.9
 40, 122, 29.99198245, 94.79001976,  99.9
 41, 122, 29.98733645, 94.78845694,  99.9
 42, 122, 29.98272942, 94.78688490,  99.9
 43, 122, 29.97816038, 94.78530333,  99.9
 44, 122, 29.97362840, 94.78371189,  99.9
 45, 122, 29.96913252, 94.78211024,  99.9
 46, 122, 29.96467181, 94.78049806,  99.9
 47, 122, 29.96024534, 94.77887501,  99.9
 48, 122, 29.95585219, 94.77724076,  99.9
 49, 122, 29.95149145, 94.77559495,  99.9
 50, 122, 29.94716221, 94.77393725,  99.9
 51, 122, 29.94286356, 94.77226732,  99.9
 52, 122, 29.93859462, 94.77058480,  99.9
 53, 122, 29.93435449, 94.76888935,   2.1
 54, 122, 29.93014229, 94.76718061,   2.4
 55, 122, 29.92595714, 94.76545823,   2.5
 56, 122, 29.92179817, 94.76372185,  99.9
 57, 122, 29.91766452, 94.76197111,  99.9
 58, 122, 29.91355533, 94.76020565,   2.9
 59, 122, 29.90946973, 94.75842510,  99.9
 60, 122, 29.90540689, 94.75662908,   3.3
 61, 122, 29.90136594, 94.75481723,  99.9
 62, 122, 29.89734606, 94.75298917,  99.9
 63, 122, 29.89334640, 94.75114452,   3.7
 64, 122, 29.88936613, 94.74928289,   3.8
 65, 122, 29.88540443, 94.74740391,  99.9
 66, 122, 29.88146046, 94.74550717,   4.3
 67, 122, 29.87753341, 94.74359230,   4.4
 68, 122, 29.87362245, 94.74165888,   4.5
 69, 122, 29.86972678, 94.73970652,  99.9
 70, 122, 29.86584558, 94.73773482,   4.0
 71, 122, 29.86197804, 94.73574336,   4.0
 72, 122, 29.85812336, 94.73373173,   4.0
 73, 122, 29.85428073, 94.73169951,   4.0
 74, 122, 29.85044935, 94.72964629,   4.0
 75, 122, 29.84662844, 94.72757164,   3.9
 76, 122, 29.84281718, 94.72547512,  99.9
 77, 122, 29.83901478, 94.72335631,  99.9
 78, 122, 29.83522046, 94.72121476,  99.9
 79, 122, 29.83143342, 94.71905004,  99.9
 80, 122, 29.82765287, 94.71686168,  99.9
 81, 122, 29.82387803, 94.71464925,  99.9
 82, 122, 29.82010810, 94.71241228,  99.9
 83, 122, 29.81634231, 94.71015030,  99.9
 84, 122, 29.81257987, 94.70786286,  99.9
 85, 122, 29.80881999, 94.70554947,   0.8
 86, 122, 29.80506188, 94.70320966,   0.9
 87, 122, 29.80130478, 94.70084295,   1.2
 88, 122, 29.79754788, 94.69844884,   1.3
 89, 122, 29.79379042, 94.69602684,   1.3
 90, 122, 29.79003160, 94.69357645,   1.3
 91, 122, 29.78627064, 94.69109716,   1.3
 92, 122, 29.78250676, 94.68858846,   1.4
 93, 122, 29.77873917, 94.68604983,   1.4
 94, 122, 29.77496709, 94.68348075,  99.9
 95, 122, 29.77118973, 94.68088068,  99.9
 96, 122, 29.76740631, 94.67824909,  99.9
 97, 122, 29.76361602, 94.67558544,  99.9
 98, 122, 29.75981809, 94.67288917,  99.9
 99, 122, 29.75601172, 94.67015973,  99.9
100, 122, 29.75219611, 94.66739655,  99.9
101, 122, 29.74837047, 94.66459907,  99.9
102, 122, 29.74453401, 94.66176671,  99.9
103, 122, 29.74068591, 94.65889887,  99.9
104, 122, 29.73682538, 94.65599498,   3.2
105, 122, 29.73295162, 94.65305443,  99.9
106, 122, 29.72906381, 94.65007661,  99.9
107, 122, 29.72516113, 94.64706091,  99.9
108, 122, 29.72124279, 94.64400672,  99.9
109, 122, 29.71730795, 94.64091339,  99.9
110, 122, 29.71335581, 94.63778029,  99.9
111, 122, 29.70938552, 94.63460678,  99.9
112, 122, 29.70539626, 94.63139220,  99.9
113, 122, 29.70138721, 94.62813589,  99.9
114, 122, 29.69735752, 94.62483718,  99.9
115, 122, 29.69330634, 94.62149539,  99.9
116, 122, 29.68923284, 94.61810983,  99.9
117, 122, 29.68513617, 94.61467981,  99.9
118, 122, 29.68101546, 94.61120461,  99.9
119, 122, 29.67686985, 94.60768353,  99.9
120, 122, 29.67269849, 94.60411584,  99.9
121, 122, 29.66850049, 94.60050080,  99.9
122, 122, 29.66427498, 94.59683767,   5.9
123, 122, 29.66002108, 94.59312570,   5.8
124, 122, 29.65573790, 94.58936413,   5.8
125, 122, 29.65142454, 94.58555218,   5.7
126, 122, 29.64708009, 94.58168907,   5.7
127, 122, 29.64270366, 94.57777400,   5.7
128, 122, 29.63829432, 94.57380617,   5.8
129, 122, 29.63385116, 94.56978477,   6.1
130, 122, 29.62937324, 94.56570897,   6.1
131, 122, 29.62485962, 94.56157794,   6.2
132, 122, 29.62030937, 94.55739081,   6.2
133, 122, 29.61572152, 94.55314675,   6.2
134, 122, 29.61109513, 94.54884487,   6.3
135, 122, 29.60642922, 94.54448429,   6.3
136, 122, 29.60172281, 94.54006412,   6.4
137, 122, 29.59697492, 94.53558346,   6.6
138, 122, 29.59218455, 94.53104138,   6.8
139, 122, 29.58735071, 94.52643695,   6.8
140, 122, 29.58247237, 94.52176923,   6.9
141, 122, 29.57754852, 94.51703727,   7.0
142, 122, 29.57257813, 94.51224009,   7.0
143, 122, 29.56756015, 94.50737672,   7.1
144, 122, 29.56249353, 94.50244615,   7.2
145, 122, 29.55737721, 94.49744739,   7.3
146, 122, 29.55221012, 94.49237940,   7.4
147, 122, 29.54699117, 94.48724115,   7.5
148, 122, 29.54171928, 94.48203159,   7.6
149, 122, 29.53639332, 94.47674965,   7.7
150, 122, 29.53101220, 94.47139426,   7.8
151, 122, 29.52557477, 94.46596432,   8.2
152, 122, 29.52007990, 94.46045873,   8.4
153, 122, 29.51452644, 94.45487635,   8.4
154, 122, 29.50891322, 94.44921605,   8.4
155, 122, 29.50323905, 94.44347668,   8.3
156, 122, 29.49750276, 94.43765706,   8.2
157, 122, 29.49170313, 94.43175601,   8.1
158, 122, 29.48583896, 94.42577232,   8.0
159, 122, 29.47990899, 94.41970477,   7.8
160, 122, 29.47391200, 94.41355214,   7.7
161, 122, 29.46784672, 94.40731315,   7.6
162, 122, 29.46171188, 94.40098656,   7.5
163, 122, 29.45550618, 94.39457106,   7.4
164, 122, 29.44922832, 94.38806535,   7.2
165, 122, 29.44287699, 94.38146811,   7.1
166, 122, 29.43645085, 94.37477800,   7.0
167, 122, 29.42994854, 94.36799365,   6.9
168, 122, 29.42336870, 94.36111370,   6.7
169, 122, 29.41670995, 94.35413673,   6.6
170, 122, 29.40997088, 94.34706134,   6.5
171, 122, 29.40315007, 94.33988609,   6.4
172, 122, 29.39624609, 94.33260952,   6.2
173, 122, 29.38925749, 94.32523016,   6.1
174, 122, 29.38218280, 94.31774651,   6.0
175, 122, 29.37502052, 94.31015706,   6.0
176, 122, 29.36776914, 94.30246026,   5.9
177, 122, 29.36042715, 94.29465456,   5.8
178, 122, 29.35299298, 94.28673838,   5.8
179, 122, 29.34546509, 94.27871012,   5.7
180, 122, 29.33784186, 94.27056815,   5.7
181, 122, 29.33012171, 94.26231082,   5.6
182, 122, 29.32230301, 94.25393648,   5.5
183, 122, 29.31438409, 94.24544342,   5.5
184, 122, 29.30636330, 94.23682993,   5.4
185, 122, 29.29823894, 94.22809428,   5.4
186, 122, 29.29000929, 94.21923470,   5.3
187, 122, 29.28167262, 94.21024941,   5.2
188, 122, 29.27322717, 94.20113659,   5.2
189, 122, 29.26467116, 94.19189441,   5.1
190, 122, 29.25600277, 94.18252101,   5.1
191, 122, 29.24722018, 94.17301450,   5.0
192, 122, 29.23832153, 94.16337297,   5.0
193, 122, 29.22930493, 94.15359448,   5.0
194, 122, 29.22016849, 94.14367707,   4.9
195, 122, 29.21091027, 94.13361875,   4.9
196, 122, 29.20152831, 94.12341749,   4.8
197, 122, 29.19202063, 94.11307125,   4.7
198, 122, 29.18238521, 94.10257795,   4.7
199, 122, 29.17262002, 94.09193550,   4.6
200, 122, 29.16272299, 94.08114176,   4.6
201, 122, 29.15269202, 94.07019456,   4.5
202, 122, 29.14252498, 94.05909173,   4.4
203, 122, 29.13221973, 94.04783104,   4.4
204, 122, 29.12177407, 94.03641023,   4.3
205, 122, 29.11118580, 94.02482704,   4.2
206, 122, 29.10045267, 94.01307914,   4.2
207, 122, 29.08957241, 94.00116419,   4.1
208, 122, 29.07854269, 93.98907982,   4.0
209, 122, 29.06736119, 93.97682362,   3.9
210, 122, 29.05602553, 93.96439315,   3.8
211, 122, 29.04453330, 93.95178594,   3.7
212, 122, 29.03288207, 93.93899948,   3.7
213, 122, 29.02106935, 93.92603123,   3.6
214, 122, 29.00909264, 93.91287861,   3.5
215, 122, 28.99694939, 93.89953902,   3.4
216, 122, 28.98463701, 93.88600980,   3.3
217, 122, 28.97215290, 93.87228829,   3.2
218, 122, 28.95949439, 93.85837175,   3.1
219, 122, 28.94665880, 93.84425744,   3.0
220, 122, 28.93364338, 93.82994257,   3.0
221, 122, 28.92044536, 93.81542431,   2.9
222, 122, 28.90706194, 93.80069979,   2.8
223, 122, 28.89349027, 93.78576611,   2.7
224, 122, 28.87972744, 93.77062032,   2.6
225, 122, 28.86577053, 93.75525944,   2.5
226, 122, 28.85161656, 93.73968045,   2.4
227, 122, 28.83726251, 93.72388028,   2.3
228, 122, 28.82270532, 93.70785584,   2.2
229, 122, 28.80794188, 93.69160396,   2.1
230, 122, 28.79296903, 93.67512147,   2.0
231, 122, 28.77778358, 93.65840514,   2.0
232, 122, 28.76238229, 93.64145169,   1.9
233, 122, 28.74676185, 93.62425780,   1.9
234, 122, 28.73091894, 93.60682012,   1.8
235, 122, 28.71485016, 93.58913524,   1.8
236, 122, 28.69855207, 93.57119971,   1.8
237, 122, 28.68202118, 93.55301003,   1.9
238, 122, 28.66525396, 93.53456266,   1.9
239, 122, 28.64824682, 93.51585401,   1.9
240, 122, 28.63099610, 93.49688045,   2.0
241, 122, 28.61349812, 93.47763829,   2.0
  1, 123, 30.21608779, 94.83899248,  99.9
  2, 123, 30.20906458, 94.83764555,  99.9
  3, 123, 30.20212647, 94.83629971,  99.9
  4, 123, 30.19527201, 94.83495468,  99.9
  5, 123, 30.18849977, 94.83361016,  99.9
  6, 123, 30.18180836, 94.83226589,  99.9
  7, 123, 30.17519637, 94.83092157,  99.9
  8, 123, 30.16866243, 94.82957692,  99.9
  9, 123, 30.16220519, 94.82823166,  99.9
 10, 123, 30.15582329, 94.82688551,  99.9
 11, 123, 30.14951542, 94.82553819,  99.9
 12, 123, 30.14328025, 94.82418940,  99.9
 13, 123, 30.13711650, 94.82283887,  99.9
 14, 123, 30.13102287, 94.82148632,  99.9
 15, 123, 30.12499811, 94.82013145,  99.9
 16, 123, 30.11904095, 94.81877400,  99.9
 17, 123, 30.11315016, 94.81741366,  99.9
 18, 123, 30.10732451, 94.81605016,  99.9
 19, 123, 30.10156280, 94.81468321,  99.9
 20, 123, 30.09586381, 94.81331252,  99.9
 21, 123, 30.09022637, 94.81193781,  99.9
 22, 123, 30.08464930, 94.81055878,  99.9
 23, 123, 30.07913145, 94.80917516,  99.9
 24, 123, 30.07367166, 94.80778665,  99.9
 25, 123, 30.06826880, 94.80639295,  99.9
 26, 123, 30.06292174, 94.80499379,  99.9
 27, 123, 30.05762937, 94.80358886,  99.9
 28, 123, 30.05239059, 94.80217787,  99.9
 29, 123, 30.04720431, 94.80076053,  99.9
 30, 123, 30.04206946, 94.79933653,  99.9
 31, 123, 30.03698495, 94.79790560,  99.9
 32, 123, 30.03194974, 94.79646741,  99.9
 33, 123, 30.02696277, 94.79502168,  99.9
 34, 123, 30.02202301, 94.79356811,  99.9
 35, 123, 30.01712943, 94.79210638,  99.9
 36, 123, 30.01228101, 94.79063619,  99.9
 37, 123, 30.00747674, 94.78915725,  99.9
 38, 123, 30.00271563, 94.78766923,  99.9
 39, 123, 29.99799668, 94.78617183,  99.9
 40, 123, 29.99331890, 94.78466473,  99.9
 41, 123, 29.98868133, 94.78314763,  99.9
 42, 123, 29.98408301, 94.78162021,  99.9
 43, 123, 29.97952296, 94.78008214,  99.9
 44, 123, 29.97500025, 94.77853311,  99.9
 45, 123, 29.97051393, 94.77697280,  99.9
 46, 123, 29.96606307, 94.77540087,  99.9
 47, 123, 29.96164674, 94.77381701,  99.9
 48, 123, 29.95726402, 94.77222088,  99.9
 49, 123, 29.95291401, 94.77061216,  99.9
 50, 123, 29.94859579, 94.76899050,  99.9
 51, 123, 29.94430846, 94.76735556,  99.9
 52, 123, 29.94005114, 94.76570702,  99.9
 53, 123, 29.93582293, 94.76404453,   2.2
 54, 123, 29.93162296, 94.76236773,   2.3
 55, 123, 29.92745035, 94.76067629,  99.9
 56, 123, 29.92330423, 94.75896985,  99.9
 57, 123, 29.91918375, 94.75724805,  99.9
 58, 123, 29.91508803, 94.75551055,   2.9
 59, 123, 29.91101624, 94.75375697,  99.9
 60, 123, 29.90696751, 94.75198695,   3.4
 61, 123, 29.90294101, 94.75020013,  99.9
 62, 123, 29.89893590, 94.74839614,   3.6
 63, 123, 29.89495135, 94.74657459,   3.7
 64, 123, 29.89098652, 94.74473512,   3.8
 65, 123, 29.88704059, 94.74287734,  99.9
 66, 123, 29.88311274, 94.74100086,   4.2
 67, 123, 29.87920215, 94.73910530,  99.9
 68, 123, 29.87530800, 94.73719026,  99.9
 69, 123, 29.87142948, 94.73525535,  99.9
 70, 123, 29.86756579, 94.73330016,   4.0
 71, 123, 29.86371612, 94.73132429,   4.0
 72, 123, 29.85987967, 94.72932733,   3.9
 73, 123, 29.85605564, 94.72730887,   3.9
 74, 123, 29.85224324, 94.72526848,   4.0
 75, 123, 29.84844166, 94.72320575,   4.0
 76, 123, 29.84465011, 94.72112024,  99.9
 77, 123, 29.84086781, 94.71901153,  99.9
 78, 123, 29.83709397, 94.71687917,  99.9
 79, 123, 29.83332781, 94.71472274,  99.9
 80, 123, 29.82956852, 94.71254177,  99.9
 81, 123, 29.82581534, 94.71033582,  99.9
 82, 123, 29.82206749, 94.70810443,  99.9
 83, 123, 29.81832417, 94.70584715,   0.6
 84, 123, 29.81458461, 94.70356349,   0.6
 85, 123, 29.81084803, 94.70125300,   0.6
 86, 123, 29.80711365, 94.69891518,   0.7
 87, 123, 29.80338069, 94.69654957,   0.8
 88, 123, 29.79964837, 94.69415567,   0.9
 89, 123, 29.79591593, 94.69173298,   0.9
 90, 123, 29.79218256, 94.68928100,   1.0
 91, 123, 29.78844751, 94.68679923,   1.1
 92, 123, 29.78470999, 94.68428716,   1.3
 93, 123, 29.78096921, 94.68174425,   1.4
 94, 123, 29.77722441, 94.67917000,  99.9
 95, 123, 29.77347480, 94.67656387,  99.9
 96, 123, 29.76971959, 94.67392531,  99.9
 97, 123, 29.76595800, 94.67125378,  99.9
 98, 123, 29.76218926, 94.66854874,  99.9
 99, 123, 29.75841256, 94.66580962,  99.9
100, 123, 29.75462713, 94.66303586,  99.9
101, 123, 29.75083217, 94.66022689,  99.9
102, 123, 29.74702690, 94.65738212,  99.9
103, 123, 29.74321051, 94.65450097,  99.9
104, 123, 29.73938221, 94.65158284,   3.1
105, 123, 29.73554121, 94.64862714,  99.9
106, 123, 29.73168670, 94.64563324,  99.9
107, 123, 29.72781787, 94.64260055,  99.9
108, 123, 29.72393392, 94.63952842,  99.9
109, 123, 29.72003403, 94.63641622,  99.9
110, 123, 29.71611740, 94.63326333,  99.9
111, 123, 29.71218320, 94.63006908,  99.9
112, 123, 29.70823061, 94.62683281,  99.9
113, 123, 29.70425882, 94.62355386,  99.9
114, 123, 29.70026697, 94.62023156,  99.9
115, 123, 29.69625425, 94.61686522,  99.9
116, 123, 29.69221982, 94.61345415,  99.9
117, 123, 29.68816283, 94.60999764,  99.9
118, 123, 29.68408243, 94.60649499,  99.9
119, 123, 29.67997777, 94.60294546,  99.9
120, 123, 29.67584799, 94.59934834,  99.9
121, 123, 29.67169224, 94.59570289,  99.9
122, 123, 29.66750963, 94.59200834,   5.8
123, 123, 29.66329930, 94.58826395,   5.8
124, 123, 29.65906037, 94.58446894,   5.7
125, 123, 29.65479194, 94.58062253,  99.9
126, 123, 29.65049313, 94.57672394,   5.7
127, 123, 29.64616304, 94.57277235,   5.7
128, 123, 29.64180076, 94.56876697,   5.9
129, 123, 29.63740538, 94.56470696,   6.4
130, 123, 29.63297597, 94.56059149,   6.3
131, 123, 29.62851162, 94.55641972,   6.2
132, 123, 29.62401139, 94.55219080,   6.2
133, 123, 29.61947433, 94.54790384,   6.2
134, 123, 29.61489949, 94.54355798,   6.3
135, 123, 29.61028592, 94.53915233,   6.4
136, 123, 29.60563266, 94.53468597,   6.5
137, 123, 29.60093872, 94.53015800,   6.7
138, 123, 29.59620313, 94.52556748,   6.8
139, 123, 29.59142488, 94.52091347,   6.9
140, 123, 29.58660299, 94.51619502,   6.9
141, 123, 29.58173644, 94.51141117,   7.0
142, 123, 29.57682420, 94.50656094,   7.0
143, 123, 29.57186526, 94.50164332,   7.1
144, 123, 29.56685857, 94.49665732,   7.2
145, 123, 29.56180308, 94.49160191,   7.3
146, 123, 29.55669773, 94.48647606,   7.4
147, 123, 29.55154145, 94.48127873,   7.5
148, 123, 29.54633316, 94.47600884,   7.6
149, 123, 29.54107177, 94.47066532,   7.6
150, 123, 29.53575617, 94.46524708,   7.8
151, 123, 29.53038525, 94.45975302,   8.1
152, 123, 29.52495788, 94.45418200,   8.4
153, 123, 29.51947292, 94.44853290,   8.4
154, 123, 29.51392922, 94.44280455,   8.4
155, 123, 29.50832561, 94.43699579,   8.3
156, 123, 29.50266092, 94.43110544,   8.2
157, 123, 29.49693396, 94.42513229,   8.1
158, 123, 29.49114353, 94.41907513,   8.0
159, 123, 29.48528841, 94.41293272,   7.9
160, 123, 29.47936737, 94.40670380,   7.8
161, 123, 29.47337916, 94.40038712,   7.7
162, 123, 29.46732252, 94.39398138,   7.5
163, 123, 29.46119619, 94.38748528,   7.4
164, 123, 29.45499888, 94.38089749,   7.3
165, 123, 29.44872927, 94.37421668,   7.2
166, 123, 29.44238606, 94.36744149,   7.0
167, 123, 29.43596790, 94.36057055,   6.9
168, 123, 29.42947345, 94.35360244,   6.8
169, 123, 29.42290134, 94.34653576,   6.6
170, 123, 29.41625019, 94.33936908,   6.5
171, 123, 29.40951860, 94.33210093,   6.4
172, 123, 29.40270514, 94.32472985,   6.3
173, 123, 29.39580839, 94.31725433,   6.2
174, 123, 29.38882689, 94.30967287,   6.0
175, 123, 29.38175917, 94.30198392,   6.0
176, 123, 29.37460374, 94.29418592,   5.9
177, 123, 29.36735909, 94.28627730,   5.8
178, 123, 29.36002370, 94.27825646,   5.8
179, 123, 29.35259601, 94.27012177,   5.7
180, 123, 29.34507447, 94.26187159,   5.7
181, 123, 29.33745748, 94.25350424,   5.6
182, 123, 29.32974344, 94.24501804,   5.5
183, 123, 29.32193072, 94.23641127,   5.5
184, 123, 29.31401767, 94.22768219,   5.4
185, 123, 29.30600262, 94.21882905,   5.4
186, 123, 29.29788387, 94.20985004,   5.3
187, 123, 29.28965972, 94.20074338,   5.3
188, 123, 29.28132843, 94.19150720,   5.2
189, 123, 29.27288822, 94.18213967,   5.1
190, 123, 29.26433733, 94.17263888,   5.1
191, 123, 29.25567394, 94.16300293,   5.1
192, 123, 29.24689622, 94.15322988,   5.0
193, 123, 29.23800231, 94.14331775,   5.0
194, 123, 29.22899034, 94.13326457,   4.9
195, 123, 29.21985839, 94.12306830,   4.9
196, 123, 29.21060453, 94.11272691,   4.8
197, 123, 29.20122680, 94.10223831,   4.8
198, 123, 29.19172322, 94.09160041,   4.7
199, 123, 29.18209178, 94.08081106,   4.6
200, 123, 29.17233042, 94.06986811,   4.6
201, 123, 29.16243709, 94.05876936,   4.5
202, 123, 29.15240969, 94.04751260,   4.5
203, 123, 29.14224609, 94.03609557,   4.4
204, 123, 29.13194413, 94.02451598,   4.3
205, 123, 29.12150163, 94.01277153,   4.3
206, 123, 29.11091637, 94.00085987,   4.2
207, 123, 29.10018610, 93.98877862,   4.1
208, 123, 29.08930856, 93.97652538,   4.0
209, 123, 29.07828142, 93.96409769,   3.9
210, 123, 29.06710234, 93.95149308,   3.9
211, 123, 29.05576896, 93.93870906,   3.8
212, 123, 29.04427885, 93.92574306,   3.7
213, 123, 29.03262957, 93.91259251,   3.6
214, 123, 29.02081866, 93.89925481,   3.5
215, 123, 29.00884359, 93.88572729,   3.4
216, 123, 28.99670181, 93.87200729,   3.4
217, 123, 28.98439075, 93.85809207,   3.3
218, 123, 28.97190778, 93.84397888,   3.2
219, 123, 28.95925024, 93.82966492,   3.1
220, 123, 28.94641543, 93.81514737,   3.0
221, 123, 28.93340061, 93.80042336,   2.9
222, 123, 28.92020302, 93.78548996,   2.8
223, 123, 28.90681984, 93.77034425,   2.7
224, 123, 28.89324821, 93.75498322,   2.6
225, 123, 28.87948523, 93.73940385,   2.5
226, 123, 28.86552797, 93.72360308,   2.4
227, 123, 28.85137344, 93.70757779,   2.3
228, 123, 28.83701863, 93.69132483,   2.2
229, 123, 28.82246046, 93.67484101,   2.1
230, 123, 28.80769582, 93.65812309,   2.1
231, 123, 28.79272156, 93.64116779,   2.0
232, 123, 28.77753446, 93.62397180,   1.9
233, 123, 28.76213129, 93.60653174,   1.9
234, 123, 28.74650873, 93.58884421,   1.8
235, 123, 28.73066346, 93.57090574,   1.8
236, 123, 28.71459206, 93.55271283,   1.8
237, 123, 28.69829110, 93.53426194,   1.9
238, 123, 28.68175708, 93.51554946,   1.9
239, 123, 28.66498646, 93.49657176,   1.9
240, 123, 28.64797563, 93.47732514,   2.0
241, 123, 28.63072095, 93.45780587,   2.0
  1, 124, 30.21721464, 94.83085639,  99.9
  2, 124, 30.21019118, 94.82960899,  99.9
  3, 124, 30.20325306, 94.82836099,  99.9
  4, 124, 30.19639882, 94.82711212,  99.9
  5, 124, 30.18962705, 94.82586212,  99.9
  6, 124, 30.18293633, 94.82461073,  99.9
  7, 124, 30.17632528, 94.82335768,  99.9
  8, 124, 30.16979251, 94.82210271,  99.9
  9, 124, 30.16333667, 94.82084556,  99.9
 10, 124, 30.15695642, 94.81958596,  99.9
 11, 124, 30.15065043, 94.81832366,  99.9
 12, 124, 30.14441738, 94.81705837,  99.9
 13, 124, 30.13825598, 94.81578984,  99.9
 14, 124, 30.13216495, 94.81451781,  99.9
 15, 124, 30.12614302, 94.81324200,  99.9
 16, 124, 30.12018894, 94.81196215,  99.9
 17, 124, 30.11430147, 94.81067799,  99.9
 18, 124, 30.10847937, 94.80938924,  99.9
 19, 124, 30.10272146, 94.80809565,  99.9
 20, 124, 30.09702651, 94.80679694,  99.9
 21, 124, 30.09139335, 94.80549284,  99.9
 22, 124, 30.08582081, 94.80418307,  99.9
 23, 124, 30.08030773, 94.80286737,  99.9
 24, 124, 30.07485296, 94.80154545,  99.9
 25, 124, 30.06945536, 94.80021704,  99.9
 26, 124, 30.06411382, 94.79888186,  99.9
 27, 124, 30.05882721, 94.79753964,  99.9
 28, 124, 30.05359444, 94.79619008,  99.9
 29, 124, 30.04841443, 94.79483292,  99.9
 30, 124, 30.04328609, 94.79346787,  99.9
 31, 124, 30.03820835, 94.79209464,  99.9
 32, 124, 30.03318016, 94.79071295,  99.9
 33, 124, 30.02820048, 94.78932250,  99.9
 34, 124, 30.02326826, 94.78792301,  99.9
 35, 124, 30.01838248, 94.78651419,  99.9
 36, 124, 30.01354212, 94.78509574,  99.9
 37, 124, 30.00874618, 94.78366737,  99.9
 38, 124, 30.00399366, 94.78222877,  99.9
 39, 124, 29.99928356, 94.78077966,  99.9
 40, 124, 29.99461492, 94.77931972,  99.9
 41, 124, 29.98998674, 94.77784865,  99.9
 42, 124, 29.98539808, 94.77636615,  99.9
 43, 124, 29.98084798, 94.77487191,  99.9
 44, 124, 29.97633549, 94.77336562,  99.9
 45, 124, 29.97185966, 94.77184696,  99.9
 46, 124, 29.96741958, 94.77031562,  99.9
 47, 124, 29.96301431, 94.76877127,  99.9
 48, 124, 29.95864294, 94.76721361,  99.9
 49, 124, 29.95430456, 94.76564229,  99.9
 50, 124, 29.94999826, 94.76405701,  99.9
 51, 124, 29.94572315, 94.76245742,  99.9
 52, 124, 29.94147833, 94.76084320,  99.9
 53, 124, 29.93726293, 94.75921400,  99.9
 54, 124, 29.93307607, 94.75756950,  99.9
 55, 124, 29.92891687, 94.75590935,  99.9
 56, 124, 29.92478447, 94.75423320,  99.9
 57, 124, 29.92067801, 94.75254071,  99.9
 58, 124, 29.91659663, 94.75083152,  99.9
 59, 124, 29.91253948, 94.74910528,  99.9
 60, 124, 29.90850572, 94.74736163,   3.4
 61, 124, 29.90449450, 94.74560021,   3.5
 62, 124, 29.90050501, 94.74382066,   3.6
 63, 124, 29.89653639, 94.74202260,  99.9
 64, 124, 29.89258782, 94.74020566,   3.9
 65, 124, 29.88865849, 94.73836947,   4.0
 66, 124, 29.88474758, 94.73651364,   4.1
 67, 124, 29.88085426, 94.73463779,   4.0
 68, 124, 29.87697773, 94.73274152,  99.9
 69, 124, 29.87311718, 94.73082446,   3.9
 70, 124, 29.86927181, 94.72888619,   3.9
 71, 124, 29.86544081, 94.72692632,   3.9
 72, 124, 29.86162340, 94.72494445,   3.9
 73, 124, 29.85781876, 94.72294015,   3.9
 74, 124, 29.85402611, 94.72091302,   3.8
 75, 124, 29.85024466, 94.71886263,   3.7
 76, 124, 29.84647362, 94.71678856,  99.9
 77, 124, 29.84271221, 94.71469039,  99.9
 78, 124, 29.83895964, 94.71256767,  99.9
 79, 124, 29.83521513, 94.71041997,  99.9
 80, 124, 29.83147789, 94.70824684,  99.9
 81, 124, 29.82774716, 94.70604783,  99.9
 82, 124, 29.82402215, 94.70382249,  99.9
 83, 124, 29.82030208, 94.70157035,   0.6
 84, 124, 29.81658619, 94.69929096,   0.5
 85, 124, 29.81287368, 94.69698384,   0.5
 86, 124, 29.80916380, 94.69464851,   0.5
 87, 124, 29.80545577, 94.69228448,   0.5
 88, 124, 29.80174882, 94.68989128,   0.5
 89, 124, 29.79804216, 94.68746840,   0.6
 90, 124, 29.79433503, 94.68501535,   0.7
 91, 124, 29.79062666, 94.68253161,   1.0
 92, 124, 29.78691627, 94.68001668,   1.3
 93, 124, 29.78320309, 94.67747003,   1.4
 94, 124, 29.77948634, 94.67489114,  99.9
 95, 124, 29.77576526, 94.67227947,  99.9
 96, 124, 29.77203905, 94.66963449,  99.9
 97, 124, 29.76830695, 94.66695565,  99.9
 98, 124, 29.76456817, 94.66424239,  99.9
 99, 124, 29.76082194, 94.66149416,  99.9
100, 124, 29.75706747, 94.65871039,  99.9
101, 124, 29.75330398, 94.65589050,  99.9
102, 124, 29.74953069, 94.65303391,  99.9
103, 124, 29.74574680, 94.65014004,   3.0
104, 124, 29.74195154, 94.64720828,   3.0
105, 124, 29.73814409, 94.64423803,  99.9
106, 124, 29.73432368, 94.64122868,  99.9
107, 124, 29.73048950, 94.63817961,  99.9
108, 124, 29.72664075, 94.63509018,  99.9
109, 124, 29.72277663, 94.63195977,  99.9
110, 124, 29.71889632, 94.62878772,  99.9
111, 124, 29.71499903, 94.62557338,  99.9
112, 124, 29.71108394, 94.62231610,  99.9
113, 124, 29.70715022, 94.61901519,  99.9
114, 124, 29.70319706, 94.61566998,  99.9
115, 124, 29.69922363, 94.61227979,  99.9
116, 124, 29.69522910, 94.60884390,  99.9
117, 124, 29.69121263, 94.60536162,  99.9
118, 124, 29.68717339, 94.60183223,  99.9
119, 124, 29.68311053, 94.59825499,  99.9
120, 124, 29.67902320, 94.59462919,  99.9
121, 124, 29.67491055, 94.59095406,  99.9
122, 124, 29.67077172, 94.58722885,   5.7
123, 124, 29.66660583, 94.58345281,   5.7
124, 124, 29.66241203, 94.57962514,   5.7
125, 124, 29.65818943, 94.57574507,  99.9
126, 124, 29.65393715, 94.57181179,   5.7
127, 124, 29.64965430, 94.56782450,   6.0
128, 124, 29.64533998, 94.56378238,   6.1
129, 124, 29.64099329, 94.55968460,   6.8
130, 124, 29.63661333, 94.55553031,   6.8
131, 124, 29.63219917, 94.55131867,   6.3
132, 124, 29.62774988, 94.54704881,   6.3
133, 124, 29.62326455, 94.54271984,   6.3
134, 124, 29.61874223, 94.53833090,   6.4
135, 124, 29.61418196, 94.53388107,   6.6
136, 124, 29.60958281, 94.52936943,   6.7
137, 124, 29.60494380, 94.52479508,   6.8
138, 124, 29.60026395, 94.52015706,   6.9
139, 124, 29.59554230, 94.51545443,   7.0
140, 124, 29.59077786, 94.51068622,   7.0
141, 124, 29.58596961, 94.50585146,   7.0
142, 124, 29.58111656, 94.50094916,   7.1
143, 124, 29.57621768, 94.49597830,   7.1
144, 124, 29.57127196, 94.49093789,   7.2
145, 124, 29.56627835, 94.48582687,   7.2
146, 124, 29.56123580, 94.48064421,   7.3
147, 124, 29.55614326, 94.47538885,   7.4
148, 124, 29.55099966, 94.47005971,   7.5
149, 124, 29.54580392, 94.46465571,   7.6
150, 124, 29.54055495, 94.45917573,   7.7
151, 124, 29.53525165, 94.45361866,   7.9
152, 124, 29.52989290, 94.44798336,   8.2
153, 124, 29.52447758, 94.44226868,   8.4
154, 124, 29.51900455, 94.43647345,   8.5
155, 124, 29.51347267, 94.43059650,   8.4
156, 124, 29.50788076, 94.42463662,   8.3
157, 124, 29.50222766, 94.41859259,   8.2
158, 124, 29.49651218, 94.41246319,   8.1
159, 124, 29.49073311, 94.40624716,   7.9
160, 124, 29.48488924, 94.39994324,   7.8
161, 124, 29.47897934, 94.39355014,   7.7
162, 124, 29.47300218, 94.38706656,   7.6
163, 124, 29.46695649, 94.38049118,   7.5
164, 124, 29.46084099, 94.37382266,   7.3
165, 124, 29.45465441, 94.36705964,   7.2
166, 124, 29.44839545, 94.36020075,   7.1
167, 124, 29.44206277, 94.35324459,   6.9
168, 124, 29.43565506, 94.34618975,   6.8
169, 124, 29.42917096, 94.33903479,   6.7
170, 124, 29.42260911, 94.33177827,   6.6
171, 124, 29.41596812, 94.32441870,   6.4
172, 124, 29.40924660, 94.31695460,   6.3
173, 124, 29.40244312, 94.30938444,   6.2
174, 124, 29.39555626, 94.30170670,   6.1
175, 124, 29.38858457, 94.29391981,   6.0
176, 124, 29.38152656, 94.28602220,   5.9
177, 124, 29.37438076, 94.27801227,   5.8
178, 124, 29.36714566, 94.26988838,   5.8
179, 124, 29.35981973, 94.26164891,   5.7
180, 124, 29.35240142, 94.25329218,   5.7
181, 124, 29.34488917, 94.24481650,   5.6
182, 124, 29.33728140, 94.23622016,   5.5
183, 124, 29.32957649, 94.22750142,   5.5
184, 124, 29.32177282, 94.21865851,   5.4
185, 124, 29.31386874, 94.20968966,   5.4
186, 124, 29.30586258, 94.20059305,   5.3
187, 124, 29.29775265, 94.19136684,   5.2
188, 124, 29.28953723, 94.18200918,   5.2
189, 124, 29.28121458, 94.17251817,   5.2
190, 124, 29.27278296, 94.16289191,   5.1
191, 124, 29.26424056, 94.15312846,   5.1
192, 124, 29.25558559, 94.14322584,   5.0
193, 124, 29.24681621, 94.13318208,   5.0
194, 124, 29.23793056, 94.12299514,   5.0
195, 124, 29.22892677, 94.11266299,   4.9
196, 124, 29.21980293, 94.10218353,   4.8
197, 124, 29.21055710, 94.09155468,   4.8
198, 124, 29.20118732, 94.08077430,   4.7
199, 124, 29.19169161, 94.06984022,   4.7
200, 124, 29.18206796, 94.05875025,   4.6
201, 124, 29.17231432, 94.04750217,   4.6
202, 124, 29.16242862, 94.03609373,   4.5
203, 124, 29.15240876, 94.02452264,   4.4
204, 124, 29.14225263, 94.01278659,   4.3
205, 124, 29.13195805, 94.00088323,   4.3
206, 124, 29.12152285, 93.98881019,   4.2
207, 124, 29.11094481, 93.97656505,   4.1
208, 124, 29.10022168, 93.96414536,   4.1
209, 124, 29.08935118, 93.95154866,   4.0
210, 124, 29.07833100, 93.93877243,   3.9
211, 124, 29.06715879, 93.92581413,   3.8
212, 124, 29.05583219, 93.91267117,   3.7
213, 124, 29.04434876, 93.89934095,   3.6
214, 124, 29.03270608, 93.88582080,   3.6
215, 124, 29.02090167, 93.87210805,   3.5
216, 124, 29.00893300, 93.85819998,   3.4
217, 124, 28.99679752, 93.84409381,   3.3
218, 124, 28.98449266, 93.82978676,   3.2
219, 124, 28.97201578, 93.81527600,   3.1
220, 124, 28.95936423, 93.80055864,   3.0
221, 124, 28.94653530, 93.78563177,   2.9
222, 124, 28.93352626, 93.77049246,   2.8
223, 124, 28.92033433, 93.75513769,   2.7
224, 124, 28.90695669, 93.73956445,   2.6
225, 124, 28.89339048, 93.72376967,   2.5
226, 124, 28.87963280, 93.70775022,   2.4
227, 124, 28.86568072, 93.69150295,   2.3
228, 124, 28.85153124, 93.67502467,   2.2
229, 124, 28.83718135, 93.65831214,   2.1
230, 124, 28.82262796, 93.64136207,   2.1
231, 124, 28.80786796, 93.62417114,   2.0
232, 124, 28.79289819, 93.60673597,   1.9
233, 124, 28.77771545, 93.58905315,   1.9
234, 124, 28.76231647, 93.57111922,   1.8
235, 124, 28.74669795, 93.55293066,   1.8
236, 124, 28.73085656, 93.53448393,   1.8
237, 124, 28.71478887, 93.51577542,   1.8
238, 124, 28.69849146, 93.49680149,   1.9
239, 124, 28.68196080, 93.47755842,   1.9
240, 124, 28.66519337, 93.45804249,   2.0
241, 124, 28.64818554, 93.43824989,   2.0
  1, 125, 30.21825417, 94.82272064,  99.9
  2, 125, 30.21123194, 94.82157303,  99.9
  3, 125, 30.20429526, 94.82042313,  99.9
  4, 125, 30.19744268, 94.81927069,  99.9
  5, 125, 30.19067279, 94.81811547,  99.9
  6, 125, 30.18398418, 94.81695722,  99.9
  7, 125, 30.17737544, 94.81579571,  99.9
  8, 125, 30.17084521, 94.81463069,  99.9
  9, 125, 30.16439214, 94.81346191,  99.9
 10, 125, 30.15801487, 94.81228913,  99.9
 11, 125, 30.15171208, 94.81111210,  99.9
 12, 125, 30.14548246, 94.80993058,  99.9
 13, 125, 30.13932471, 94.80874432,  99.9
 14, 125, 30.13323755, 94.80755307,  99.9
 15, 125, 30.12721971, 94.80635659,  99.9
 16, 125, 30.12126995, 94.80515461,  99.9
 17, 125, 30.11538703, 94.80394689,  99.9
 18, 125, 30.10956971, 94.80273318,  99.9
 19, 125, 30.10381680, 94.80151322,  99.9
 20, 125, 30.09812708, 94.80028676,  99.9
 21, 125, 30.09249939, 94.79905354,  99.9
 22, 125, 30.08693254, 94.79781330,  99.9
 23, 125, 30.08142538, 94.79656579,  99.9
 24, 125, 30.07597677, 94.79531074,  99.9
 25, 125, 30.07058557, 94.79404789,  99.9
 26, 125, 30.06525065, 94.79277698,  99.9
 27, 125, 30.05997091, 94.79149774,  99.9
 28, 125, 30.05474525, 94.79020991,  99.9
 29, 125, 30.04957259, 94.78891321,  99.9
 30, 125, 30.04445183, 94.78760738,  99.9
 31, 125, 30.03938193, 94.78629215,  99.9
 32, 125, 30.03436182, 94.78496723,  99.9
 33, 125, 30.02939046, 94.78363236,  99.9
 34, 125, 30.02446681, 94.78228725,  99.9
 35, 125, 30.01958985, 94.78093163,  99.9
 36, 125, 30.01475857, 94.77956521,  99.9
 37, 125, 30.00997196, 94.77818771,  99.9
 38, 125, 30.00522902, 94.77679884,  99.9
 39, 125, 30.00052876, 94.77539831,  99.9
 40, 125, 29.99587022, 94.77398583,  99.9
 41, 125, 29.99125241, 94.77256110,  99.9
 42, 125, 29.98667437, 94.77112384,  99.9
 43, 125, 29.98213516, 94.76967374,  99.9
 44, 125, 29.97763383, 94.76821049,  99.9
 45, 125, 29.97316944, 94.76673380,  99.9
 46, 125, 29.96874106, 94.76524336,  99.9
 47, 125, 29.96434777, 94.76373886,  99.9
 48, 125, 29.95998866, 94.76221998,  99.9
 49, 125, 29.95566282, 94.76068640,  99.9
 50, 125, 29.95136934, 94.75913782,  99.9
 51, 125, 29.94710733, 94.75757391,  99.9
 52, 125, 29.94287592, 94.75599434,  99.9
 53, 125, 29.93867420, 94.75439879,  99.9
 54, 125, 29.93450132, 94.75278692,  99.9
 55, 125, 29.93035640, 94.75115840,  99.9
 56, 125, 29.92623857, 94.74951289,  99.9
 57, 125, 29.92214699, 94.74785005,  99.9
 58, 125, 29.91808080, 94.74616954,  99.9
 59, 125, 29.91403914, 94.74447100,  99.9
 60, 125, 29.91002119, 94.74275408,  99.9
 61, 125, 29.90602610, 94.74101843,  99.9
 62, 125, 29.90205304, 94.73926368,  99.9
 63, 125, 29.89810119, 94.73748948,  99.9
 64, 125, 29.89416971, 94.73569545,  99.9
 65, 125, 29.89025780, 94.73388123,   4.1
 66, 125, 29.88636463, 94.73204643,   4.0
 67, 125, 29.88248940, 94.73019068,   4.0
 68, 125, 29.87863130, 94.72831358,   3.9
 69, 125, 29.87478953, 94.72641476,   3.9
 70, 125, 29.87096327, 94.72449382,   3.9
 71, 125, 29.86715175, 94.72255036,   3.9
 72, 125, 29.86335416, 94.72058398,   3.8
 73, 125, 29.85956971, 94.71859426,   3.8
 74, 125, 29.85579761, 94.71658081,   3.8
 75, 125, 29.85203708, 94.71454319,  99.9
 76, 125, 29.84828733, 94.71248099,  99.9
 77, 125, 29.84454759, 94.71039379,  99.9
 78, 125, 29.84081707, 94.70828115,  99.9
 79, 125, 29.83709499, 94.70614262,  99.9
 80, 125, 29.83338059, 94.70397778,  99.9
 81, 125, 29.82967307, 94.70178617,  99.9
 82, 125, 29.82597169, 94.69956734,  99.9
 83, 125, 29.82227565, 94.69732082,   0.5
 84, 125, 29.81858419, 94.69504616,   0.4
 85, 125, 29.81489654, 94.69274289,   0.4
 86, 125, 29.81121193, 94.69041052,   0.3
 87, 125, 29.80752960, 94.68804857,   0.2
 88, 125, 29.80384877, 94.68565656,   0.2
 89, 125, 29.80016868, 94.68323400,   0.4
 90, 125, 29.79648856, 94.68078037,   0.7
 91, 125, 29.79280765, 94.67829518,   1.0
 92, 125, 29.78912516, 94.67577791,   1.2
 93, 125, 29.78544035, 94.67322804,   1.3
 94, 125, 29.78175243, 94.67064504,  99.9
 95, 125, 29.77806064, 94.66802839,  99.9
 96, 125, 29.77436421, 94.66537753,  99.9
 97, 125, 29.77066237, 94.66269192,  99.9
 98, 125, 29.76695434, 94.65997101,  99.9
 99, 125, 29.76323935, 94.65721423,  99.9
100, 125, 29.75951663, 94.65442103,  99.9
101, 125, 29.75578539, 94.65159081,  99.9
102, 125, 29.75204487, 94.64872299,  99.9
103, 125, 29.74829427, 94.64581699,   2.9
104, 125, 29.74453282, 94.64287221,  99.9
105, 125, 29.74075973, 94.63988803,  99.9
106, 125, 29.73697421, 94.63686384,  99.9
107, 125, 29.73317548, 94.63379902,  99.9
108, 125, 29.72936273, 94.63069293,  99.9
109, 125, 29.72553517, 94.62754494,  99.9
110, 125, 29.72169201, 94.62435440,  99.9
111, 125, 29.71783244, 94.62112064,  99.9
112, 125, 29.71395564, 94.61784301,  99.9
113, 125, 29.71006083, 94.61452082,  99.9
114, 125, 29.70614717, 94.61115339,  99.9
115, 125, 29.70221385, 94.60774004,  99.9
116, 125, 29.69826006, 94.60428005,  99.9
117, 125, 29.69428495, 94.60077271,  99.9
118, 125, 29.69028771, 94.59721730,  99.9
119, 125, 29.68626749, 94.59361310,  99.9
120, 125, 29.68222346, 94.58995935,  99.9
121, 125, 29.67815477, 94.58625531,  99.9
122, 125, 29.67406057, 94.58250021,  99.9
123, 125, 29.66994000, 94.57869328,  99.9
124, 125, 29.66579220, 94.57483375,  99.9
125, 125, 29.66161630, 94.57092081,  99.9
126, 125, 29.65741143, 94.56695365,  99.9
127, 125, 29.65317671, 94.56293148,   5.6
128, 125, 29.64891125, 94.55885345,   6.0
129, 125, 29.64461417, 94.55471874,   7.0
130, 125, 29.64028455, 94.55052648,  99.9
131, 125, 29.63592150, 94.54627583,   6.3
132, 125, 29.63152409, 94.54196591,   6.4
133, 125, 29.62709142, 94.53759583,   6.9
134, 125, 29.62262254, 94.53316470,   6.8
135, 125, 29.61811653, 94.52867160,   7.0
136, 125, 29.61357244, 94.52411562,   7.0
137, 125, 29.60898932, 94.51949582,   7.0
138, 125, 29.60436620, 94.51481125,   7.0
139, 125, 29.59970213, 94.51006096,   7.0
140, 125, 29.59499611, 94.50524397,   7.0
141, 125, 29.59024717, 94.50035929,   7.0
142, 125, 29.58545431, 94.49540592,   7.1
143, 125, 29.58061652, 94.49038285,   7.1
144, 125, 29.57573279, 94.48528905,   7.2
145, 125, 29.57080210, 94.48012347,   7.2
146, 125, 29.56582340, 94.47488507,   7.3
147, 125, 29.56079566, 94.46957276,   7.4
148, 125, 29.55571782, 94.46418546,   7.4
149, 125, 29.55058881, 94.45872206,   7.5
150, 125, 29.54540755, 94.45318146,   7.6
151, 125, 29.54017297, 94.44756252,   7.8
152, 125, 29.53488396, 94.44186409,   8.0
153, 125, 29.52953940, 94.43608500,   8.4
154, 125, 29.52413818, 94.43022408,   8.5
155, 125, 29.51867917, 94.42428013,   8.5
156, 125, 29.51316120, 94.41825194,   8.3
157, 125, 29.50758313, 94.41213827,   8.2
158, 125, 29.50194378, 94.40593788,   8.1
159, 125, 29.49624197, 94.39964950,   8.0
160, 125, 29.49047649, 94.39327185,   7.9
161, 125, 29.48464613, 94.38680364,   7.8
162, 125, 29.47874967, 94.38024354,   7.6
163, 125, 29.47278587, 94.37359021,   7.5
164, 125, 29.46675347, 94.36684231,   7.4
165, 125, 29.46065120, 94.35999846,   7.2
166, 125, 29.45447778, 94.35305726,   7.1
167, 125, 29.44823190, 94.34601731,   7.0
168, 125, 29.44191226, 94.33887717,   6.9
169, 125, 29.43551751, 94.33163539,   6.7
170, 125, 29.42904632, 94.32429050,   6.6
171, 125, 29.42249731, 94.31684101,   6.5
172, 125, 29.41586912, 94.30928540,   6.4
173, 125, 29.40916033, 94.30162214,   6.2
174, 125, 29.40236954, 94.29384967,   6.1
175, 125, 29.39549531, 94.28596643,   6.0
176, 125, 29.38853620, 94.27797080,   5.9
177, 125, 29.38149073, 94.26986117,   5.9
178, 125, 29.37435741, 94.26163590,   5.8
179, 125, 29.36713475, 94.25329331,   5.7
180, 125, 29.35982122, 94.24483173,   5.7
181, 125, 29.35241527, 94.23624943,   5.6
182, 125, 29.34491534, 94.22754468,   5.5
183, 125, 29.33731983, 94.21871573,   5.5
184, 125, 29.32962716, 94.20976078,   5.4
185, 125, 29.32183569, 94.20067803,   5.4
186, 125, 29.31394377, 94.19146564,   5.3
187, 125, 29.30594974, 94.18212176,   5.3
188, 125, 29.29785190, 94.17264449,   5.2
189, 125, 29.28964854, 94.16303192,   5.2
190, 125, 29.28133792, 94.15328213,   5.2
191, 125, 29.27291829, 94.14339314,   5.1
192, 125, 29.26438786, 94.13336296,   5.1
193, 125, 29.25574482, 94.12318957,   5.0
194, 125, 29.24698734, 94.11287093,   5.0
195, 125, 29.23811358, 94.10240496,   4.9
196, 125, 29.22912164, 94.09178955,   4.9
197, 125, 29.22000962, 94.08102258,   4.8
198, 125, 29.21077558, 94.07010188,   4.8
199, 125, 29.20141757, 94.05902526,   4.7
200, 125, 29.19193361, 94.04779049,   4.6
201, 125, 29.18232167, 94.03639534,   4.6
202, 125, 29.17257972, 94.02483750,   4.5
203, 125, 29.16270569, 94.01311467,   4.4
204, 125, 29.15269747, 94.00122450,   4.4
205, 125, 29.14255296, 93.98916461,   4.3
206, 125, 29.13226997, 93.97693260,   4.2
207, 125, 29.12184634, 93.96452601,   4.2
208, 125, 29.11127984, 93.95194237,   4.1
209, 125, 29.10056823, 93.93917916,   4.0
210, 125, 29.08970922, 93.92623385,   3.9
211, 125, 29.07870050, 93.91310385,   3.8
212, 125, 29.06753973, 93.89978655,   3.8
213, 125, 29.05622453, 93.88627930,   3.7
214, 125, 29.04475249, 93.87257940,   3.6
215, 125, 29.03312116, 93.85868414,   3.5
216, 125, 29.02132807, 93.84459075,   3.4
217, 125, 29.00937069, 93.83029643,   3.3
218, 125, 28.99724648, 93.81579836,   3.2
219, 125, 28.98495284, 93.80109365,   3.1
220, 125, 28.97248716, 93.78617939,   3.1
221, 125, 28.95984676, 93.77105264,   3.0
222, 125, 28.94702896, 93.75571038,   2.9
223, 125, 28.93403100, 93.74014961,   2.8
224, 125, 28.92085011, 93.72436723,   2.7
225, 125, 28.90748347, 93.70836013,   2.5
226, 125, 28.89392821, 93.69212516,   2.4
227, 125, 28.88018145, 93.67565912,   2.3
228, 125, 28.86624022, 93.65895876,   2.2
229, 125, 28.85210156, 93.64202080,   2.2
230, 125, 28.83776241, 93.62484191,   2.1
231, 125, 28.82321972, 93.60741871,   2.0
232, 125, 28.80847037, 93.58974779,   1.9
233, 125, 28.79351118, 93.57182567,   1.9
234, 125, 28.77833895, 93.55364884,   1.8
235, 125, 28.76295041, 93.53521376,   1.8
236, 125, 28.74734228, 93.51651680,   1.8
237, 125, 28.73151118, 93.49755433,   1.8
238, 125, 28.71545372, 93.47832263,   1.9
239, 125, 28.69916644, 93.45881795,   1.9
240, 125, 28.68264583, 93.43903650,   2.0
241, 125, 28.66588835, 93.41897441,   2.0
  1, 126, 30.21920617, 94.81458694,  99.9
  2, 126, 30.21218664, 94.81353937,  99.9
  3, 126, 30.20525286, 94.81248782,  99.9
  4, 126, 30.19840338, 94.81143205,  99.9
  5, 126, 30.19163679, 94.81037184,  99.9
  6, 126, 30.18495168, 94.80930699,  99.9
  7, 126, 30.17834665, 94.80823725,  99.9
  8, 126, 30.17182033, 94.80716242,  99.9
  9, 126, 30.16537137, 94.80608226,  99.9
 10, 126, 30.15899842, 94.80499654,  99.9
 11, 126, 30.15270015, 94.80390504,  99.9
 12, 126, 30.14647526, 94.80280754,  99.9
 13, 126, 30.14032245, 94.80170379,  99.9
 14, 126, 30.13424044, 94.80059358,  99.9
 15, 126, 30.12822796, 94.79947666,  99.9
 16, 126, 30.12228377, 94.79835281,  99.9
 17, 126, 30.11640662, 94.79722179,  99.9
 18, 126, 30.11059530, 94.79608336,  99.9
 19, 126, 30.10484859, 94.79493729,  99.9
 20, 126, 30.09916530, 94.79378334,  99.9
 21, 126, 30.09354424, 94.79262125,  99.9
 22, 126, 30.08798426, 94.79145081,  99.9
 23, 126, 30.08248418, 94.79027175,  99.9
 24, 126, 30.07704286, 94.78908383,  99.9
 25, 126, 30.07165918, 94.78788681,  99.9
 26, 126, 30.06633201, 94.78668043,  99.9
 27, 126, 30.06106025, 94.78546444,  99.9
 28, 126, 30.05584279, 94.78423860,  99.9
 29, 126, 30.05067855, 94.78300264,  99.9
 30, 126, 30.04556645, 94.78175630,  99.9
 31, 126, 30.04050544, 94.78049934,  99.9
 32, 126, 30.03549446, 94.77923147,  99.9
 33, 126, 30.03053246, 94.77795245,  99.9
 34, 126, 30.02561841, 94.77666201,  99.9
 35, 126, 30.02075130, 94.77535987,  99.9
 36, 126, 30.01593010, 94.77404576,  99.9
 37, 126, 30.01115382, 94.77271942,  99.9
 38, 126, 30.00642145, 94.77138056,  99.9
 39, 126, 30.00173202, 94.77002891,  99.9
 40, 126, 29.99708455, 94.76866418,  99.9
 41, 126, 29.99247807, 94.76728609,  99.9
 42, 126, 29.98791161, 94.76589436,  99.9
 43, 126, 29.98338425, 94.76448870,  99.9
 44, 126, 29.97889502, 94.76306881,  99.9
 45, 126, 29.97444299, 94.76163440,  99.9
 46, 126, 29.97002724, 94.76018517,  99.9
 47, 126, 29.96564685, 94.75872081,  99.9
 48, 126, 29.96130091, 94.75724104,  99.9
 49, 126, 29.95698850, 94.75574552,  99.9
 50, 126, 29.95270874, 94.75423397,  99.9
 51, 126, 29.94846074, 94.75270606,  99.9
 52, 126, 29.94424360, 94.75116147,  99.9
 53, 126, 29.94005645, 94.74959989,  99.9
 54, 126, 29.93589841, 94.74802099,  99.9
 55, 126, 29.93176863, 94.74642444,  99.9
 56, 126, 29.92766625, 94.74480991,  99.9
 57, 126, 29.92359040, 94.74317707,  99.9
 58, 126, 29.91954024, 94.74152558,  99.9
 59, 126, 29.91551492, 94.73985509,  99.9
 60, 126, 29.91151361, 94.73816526,  99.9
 61, 126, 29.90753548, 94.73645574,  99.9
 62, 126, 29.90357969, 94.73472617,  99.9
 63, 126, 29.89964542, 94.73297619,  99.9
 64, 126, 29.89573186, 94.73120544,  99.9
 65, 126, 29.89183818, 94.72941356,   3.9
 66, 126, 29.88796358, 94.72760018,  99.9
 67, 126, 29.88410724, 94.72576491,  99.9
 68, 126, 29.88026837, 94.72390737,  99.9
 69, 126, 29.87644617, 94.72202719,   3.9
 70, 126, 29.87263983, 94.72012397,   3.9
 71, 126, 29.86884857, 94.71819732,   3.8
 72, 126, 29.86507160, 94.71624684,   3.8
 73, 126, 29.86130813, 94.71427212,   3.8
 74, 126, 29.85755737, 94.71227275,   3.4
 75, 126, 29.85381854, 94.71024833,  99.9
 76, 126, 29.85009087, 94.70819843,  99.9
 77, 126, 29.84637357, 94.70612263,  99.9
 78, 126, 29.84266588, 94.70402050,  99.9
 79, 126, 29.83896701, 94.70189160,  99.9
 80, 126, 29.83527621, 94.69973549,  99.9
 81, 126, 29.83159269, 94.69755173,  99.9
 82, 126, 29.82791570, 94.69533986,  99.9
 83, 126, 29.82424446, 94.69309943,  99.9
 84, 126, 29.82057820, 94.69082998,   0.3
 85, 126, 29.81691618, 94.68853103,   0.3
 86, 126, 29.81325761, 94.68620210,   0.2
 87, 126, 29.80960174, 94.68384272,   0.2
 88, 126, 29.80594781, 94.68145241,   0.2
 89, 126, 29.80229505, 94.67903065,   0.3
 90, 126, 29.79864271, 94.67657697,   0.6
 91, 126, 29.79499001, 94.67409083,   1.0
 92, 126, 29.79133620, 94.67157175,   1.1
 93, 126, 29.78768052, 94.66901918,  99.9
 94, 126, 29.78402220, 94.66643261,  99.9
 95, 126, 29.78036048, 94.66381150,  99.9
 96, 126, 29.77669459, 94.66115531,  99.9
 97, 126, 29.77302378, 94.65846350,  99.9
 98, 126, 29.76934727, 94.65573549,  99.9
 99, 126, 29.76566430, 94.65297074,  99.9
100, 126, 29.76197410, 94.65016867,  99.9
101, 126, 29.75827589, 94.64732871,  99.9
102, 126, 29.75456891, 94.64445026,   2.8
103, 126, 29.75085239, 94.64153273,   2.8
104, 126, 29.74712553, 94.63857553,  99.9
105, 126, 29.74338758, 94.63557803,  99.9
106, 126, 29.73963775, 94.63253963,  99.9
107, 126, 29.73587525, 94.62945969,  99.9
108, 126, 29.73209929, 94.62633759,  99.9
109, 126, 29.72830910, 94.62317267,  99.9
110, 126, 29.72450387, 94.61996428,  99.9
111, 126, 29.72068282, 94.61671177,  99.9
112, 126, 29.71684514, 94.61341447,  99.9
113, 126, 29.71299004, 94.61007168,  99.9
114, 126, 29.70911670, 94.60668273,  99.9
115, 126, 29.70522431, 94.60324692,  99.9
116, 126, 29.70131207, 94.59976354,  99.9
117, 126, 29.69737916, 94.59623187,  99.9
118, 126, 29.69342474, 94.59265118,  99.9
119, 126, 29.68944801, 94.58902074,  99.9
120, 126, 29.68544811, 94.58533981,  99.9
121, 126, 29.68142423, 94.58160761,  99.9
122, 126, 29.67737551, 94.57782339,  99.9
123, 126, 29.67330111, 94.57398637,  99.9
124, 126, 29.66920017, 94.57009576,  99.9
125, 126, 29.66507185, 94.56615075,  99.9
126, 126, 29.66091526, 94.56215054,  99.9
127, 126, 29.65672956, 94.55809431,  99.9
128, 126, 29.65251385, 94.55398121,  99.9
129, 126, 29.64826725, 94.54981041,   7.2
130, 126, 29.64398888, 94.54558106,  99.9
131, 126, 29.63967784, 94.54129227,   7.1
132, 126, 29.63533323, 94.53694317,   7.2
133, 126, 29.63095413, 94.53253286,   7.2
134, 126, 29.62653964, 94.52806045,   7.1
135, 126, 29.62208881, 94.52352502,   7.0
136, 126, 29.61760073, 94.51892562,   7.0
137, 126, 29.61307445, 94.51426132,   7.0
138, 126, 29.60850903, 94.50953117,   7.0
139, 126, 29.60390349, 94.50473419,   7.0
140, 126, 29.59925689, 94.49986940,   7.0
141, 126, 29.59456824, 94.49493580,   7.0
142, 126, 29.58983657, 94.48993239,   7.0
143, 126, 29.58506087, 94.48485813,   7.1
144, 126, 29.58024015, 94.47971198,   7.1
145, 126, 29.57537339, 94.47449290,   7.2
146, 126, 29.57045958, 94.46919982,   7.3
147, 126, 29.56549768, 94.46383165,   7.4
148, 126, 29.56048665, 94.45838729,   7.4
149, 126, 29.55542543, 94.45286563,   7.4
150, 126, 29.55031298, 94.44726554,   7.5
151, 126, 29.54514820, 94.44158587,   7.6
152, 126, 29.53993002, 94.43582547,   7.6
153, 126, 29.53465734, 94.42998316,   7.4
154, 126, 29.52932905, 94.42405774,   8.6
155, 126, 29.52394403, 94.41804800,   8.5
156, 126, 29.51850116, 94.41195273,   8.4
157, 126, 29.51299927, 94.40577066,   8.3
158, 126, 29.50743723, 94.39950054,   8.2
159, 126, 29.50181385, 94.39314110,   8.0
160, 126, 29.49612796, 94.38669103,   7.9
161, 126, 29.49037835, 94.38014902,   7.8
162, 126, 29.48456383, 94.37351373,   7.7
163, 126, 29.47868316, 94.36678382,   7.6
164, 126, 29.47273510, 94.35995792,   7.4
165, 126, 29.46671841, 94.35303462,   7.3
166, 126, 29.46063181, 94.34601253,   7.2
167, 126, 29.45447402, 94.33889022,   7.0
168, 126, 29.44824376, 94.33166623,   6.9
169, 126, 29.44193969, 94.32433910,   6.8
170, 126, 29.43556050, 94.31690734,   6.7
171, 126, 29.42910483, 94.30936943,   6.5
172, 126, 29.42257134, 94.30172385,   6.4
173, 126, 29.41595863, 94.29396904,   6.3
174, 126, 29.40926532, 94.28610343,   6.2
175, 126, 29.40248998, 94.27812542,   6.0
176, 126, 29.39563120, 94.27003340,   6.0
177, 126, 29.38868752, 94.26182572,   5.9
178, 126, 29.38165748, 94.25350071,   5.8
179, 126, 29.37453959, 94.24505671,   5.7
180, 126, 29.36733235, 94.23649198,   5.7
181, 126, 29.36003423, 94.22780480,   5.6
182, 126, 29.35264369, 94.21899341,   5.5
183, 126, 29.34515917, 94.21005603,   5.5
184, 126, 29.33757909, 94.20099085,   5.4
185, 126, 29.32990184, 94.19179603,   5.4
186, 126, 29.32212580, 94.18246973,   5.3
187, 126, 29.31424932, 94.17301005,   5.3
188, 126, 29.30627073, 94.16341509,   5.3
189, 126, 29.29818835, 94.15368291,   5.2
190, 126, 29.29000047, 94.14381154,   5.2
191, 126, 29.28170534, 94.13379900,   5.1
192, 126, 29.27330122, 94.12364328,   5.1
193, 126, 29.26478632, 94.11334231,   5.1
194, 126, 29.25615883, 94.10289404,   5.0
195, 126, 29.24741692, 94.09229636,   5.0
196, 126, 29.23855874, 94.08154713,   4.9
197, 126, 29.22958242, 94.07064420,   4.8
198, 126, 29.22048603, 94.05958538,   4.8
199, 126, 29.21126767, 94.04836844,   4.7
200, 126, 29.20192535, 94.03699113,   4.7
201, 126, 29.19245711, 94.02545118,   4.6
202, 126, 29.18286092, 94.01374626,   4.5
203, 126, 29.17313476, 94.00187403,   4.5
204, 126, 29.16327654, 93.98983212,   4.4
205, 126, 29.15328417, 93.97761812,   4.3
206, 126, 29.14315554, 93.96522957,   4.3
207, 126, 29.13288847, 93.95266401,   4.2
208, 126, 29.12248079, 93.93991892,   4.1
209, 126, 29.11193027, 93.92699176,   4.0
210, 126, 29.10123468, 93.91387995,   4.0
211, 126, 29.09039173, 93.90058088,   3.9
212, 126, 29.07939910, 93.88709188,   3.8
213, 126, 29.06825447, 93.87341028,   3.7
214, 126, 29.05695544, 93.85953335,   3.6
215, 126, 29.04549960, 93.84545834,   3.5
216, 126, 29.03388452, 93.83118244,   3.5
217, 126, 29.02210771, 93.81670281,   3.4
218, 126, 29.01016665, 93.80201658,   3.3
219, 126, 28.99805879, 93.78712085,   3.2
220, 126, 28.98578155, 93.77201265,   3.1
221, 126, 28.97333230, 93.75668899,   3.0
222, 126, 28.96070837, 93.74114683,   2.9
223, 126, 28.94790707, 93.72538311,   2.8
224, 126, 28.93492565, 93.70939471,   2.7
225, 126, 28.92176133, 93.69317846,   2.6
226, 126, 28.90841130, 93.67673118,   2.5
227, 126, 28.89487269, 93.66004960,   2.4
228, 126, 28.88114259, 93.64313045,   2.3
229, 126, 28.86721807, 93.62597039,   2.2
230, 126, 28.85309613, 93.60856605,   2.1
231, 126, 28.83877375, 93.59091400,   2.0
232, 126, 28.82424784, 93.57301079,   1.9
233, 126, 28.80951530, 93.55485288,   1.9
234, 126, 28.79457294, 93.53643673,   1.8
235, 126, 28.77941756, 93.51775872,   1.7
236, 126, 28.76404589, 93.49881519,   1.8
237, 126, 28.74845464, 93.47960245,   1.8
238, 126, 28.73264044, 93.46011674,   1.9
239, 126, 28.71659989, 93.44035424,   1.9
240, 126, 28.70032952, 93.42031112,   2.0
241, 126, 28.68382584, 93.39998346,   2.0
  1, 127, 30.22007044, 94.80645702,  99.9
  2, 127, 30.21305508, 94.80550970,  99.9
  3, 127, 30.20612565, 94.80455671,  99.9
  4, 127, 30.19928071, 94.80359783,  99.9
  5, 127, 30.19251884, 94.80263287,  99.9
  6, 127, 30.18583863, 94.80166163,  99.9
  7, 127, 30.17923870, 94.80068390,  99.9
  8, 127, 30.17271766, 94.79969948,  99.9
  9, 127, 30.16627416, 94.79870816,  99.9
 10, 127, 30.15990686, 94.79770973,  99.9
 11, 127, 30.15361444, 94.79670399,  99.9
 12, 127, 30.14739558, 94.79569073,  99.9
 13, 127, 30.14124900, 94.79466973,  99.9
 14, 127, 30.13517341, 94.79364078,  99.9
 15, 127, 30.12916755, 94.79260367,  99.9
 16, 127, 30.12323017, 94.79155818,  99.9
 17, 127, 30.11736003, 94.79050410,  99.9
 18, 127, 30.11155592, 94.78944119,  99.9
 19, 127, 30.10581662, 94.78836924,  99.9
 20, 127, 30.10014094, 94.78728804,  99.9
 21, 127, 30.09452771, 94.78619734,  99.9
 22, 127, 30.08897574, 94.78509692,  99.9
 23, 127, 30.08348389, 94.78398656,  99.9
 24, 127, 30.07805102, 94.78286602,  99.9
 25, 127, 30.07267598, 94.78173508,  99.9
 26, 127, 30.06735767, 94.78059348,  99.9
 27, 127, 30.06209498, 94.77944100,  99.9
 28, 127, 30.05688681, 94.77827740,  99.9
 29, 127, 30.05173208, 94.77710243,  99.9
 30, 127, 30.04662972, 94.77591586,  99.9
 31, 127, 30.04157866, 94.77471742,  99.9
 32, 127, 30.03657785, 94.77350688,  99.9
 33, 127, 30.03162625, 94.77228397,  99.9
 34, 127, 30.02672283, 94.77104846,  99.9
 35, 127, 30.02186658, 94.76980007,  99.9
 36, 127, 30.01705647, 94.76853855,  99.9
 37, 127, 30.01229151, 94.76726364,  99.9
 38, 127, 30.00757071, 94.76597507,  99.9
 39, 127, 30.00289308, 94.76467258,  99.9
 40, 127, 29.99825766, 94.76335589,  99.9
 41, 127, 29.99366346, 94.76202473,  99.9
 42, 127, 29.98910955, 94.76067882,  99.9
 43, 127, 29.98459497, 94.75931789,  99.9
 44, 127, 29.98011878, 94.75794165,  99.9
 45, 127, 29.97568005, 94.75654981,  99.9
 46, 127, 29.97127785, 94.75514209,  99.9
 47, 127, 29.96691127, 94.75371820,  99.9
 48, 127, 29.96257940, 94.75227783,  99.9
 49, 127, 29.95828134, 94.75082069,  99.9
 50, 127, 29.95401619, 94.74934647,  99.9
 51, 127, 29.94978307, 94.74785488,  99.9
 52, 127, 29.94558109, 94.74634560,  99.9
 53, 127, 29.94140938, 94.74481831,  99.9
 54, 127, 29.93726706, 94.74327270,  99.9
 55, 127, 29.93315329, 94.74170846,  99.9
 56, 127, 29.92906719, 94.74012525,  99.9
 57, 127, 29.92500793, 94.73852275,  99.9
 58, 127, 29.92097465, 94.73690062,  99.9
 59, 127, 29.91696651, 94.73525852,  99.9
 60, 127, 29.91298268, 94.73359613,  99.9
 61, 127, 29.90902233, 94.73191309,  99.9
 62, 127, 29.90508464, 94.73020905,  99.9
 63, 127, 29.90116878, 94.72848366,  99.9
 64, 127, 29.89727394, 94.72673657,  99.9
 65, 127, 29.89339931, 94.72496741,  99.9
 66, 127, 29.88954408, 94.72317581,  99.9
 67, 127, 29.88570744, 94.72136140,  99.9
 68, 127, 29.88188860, 94.71952381,  99.9
 69, 127, 29.87808677, 94.71766266,  99.9
 70, 127, 29.87430114, 94.71577755,  99.9
 71, 127, 29.87053094, 94.71386811,   3.8
 72, 127, 29.86677537, 94.71193393,   3.8
 73, 127, 29.86303366, 94.70997462,  99.9
 74, 127, 29.85930502, 94.70798976,  99.9
 75, 127, 29.85558867, 94.70597895,  99.9
 76, 127, 29.85188385, 94.70394177,  99.9
 77, 127, 29.84818978, 94.70187780,  99.9
 78, 127, 29.84450569, 94.69978662,  99.9
 79, 127, 29.84083080, 94.69766778,  99.9
 80, 127, 29.83716437, 94.69552086,  99.9
 81, 127, 29.83350561, 94.69334540,  99.9
 82, 127, 29.82985378, 94.69114095,  99.9
 83, 127, 29.82620810, 94.68890707,  99.9
 84, 127, 29.82256782, 94.68664329,   0.2
 85, 127, 29.81893218, 94.68434914,   0.2
 86, 127, 29.81530041, 94.68202414,   0.2
 87, 127, 29.81167177, 94.67966782,   0.2
 88, 127, 29.80804550, 94.67727968,   0.2
 89, 127, 29.80442083, 94.67485924,   0.3
 90, 127, 29.80079702, 94.67240600,   0.7
 91, 127, 29.79717330, 94.66991944,   0.9
 92, 127, 29.79354893, 94.66739906,   1.1
 93, 127, 29.78992314, 94.66484432,  99.9
 94, 127, 29.78629518, 94.66225472,  99.9
 95, 127, 29.78266429, 94.65962970,  99.9
 96, 127, 29.77902971, 94.65696873,  99.9
 97, 127, 29.77539069, 94.65427125,  99.9
 98, 127, 29.77174647, 94.65153672,  99.9
 99, 127, 29.76809628, 94.64876457,  99.9
100, 127, 29.76443937, 94.64595422,  99.9
101, 127, 29.76077496, 94.64310509,  99.9
102, 127, 29.75710230, 94.64021660,   2.8
103, 127, 29.75342062, 94.63728815,  99.9
104, 127, 29.74972914, 94.63431913,  99.9
105, 127, 29.74602711, 94.63130894,  99.9
106, 127, 29.74231373, 94.62825695,  99.9
107, 127, 29.73858825, 94.62516253,  99.9
108, 127, 29.73484988, 94.62202505,  99.9
109, 127, 29.73109784, 94.61884386,  99.9
110, 127, 29.72733134, 94.61561830,  99.9
111, 127, 29.72354960, 94.61234770,  99.9
112, 127, 29.71975183, 94.60903140,  99.9
113, 127, 29.71593724, 94.60566871,  99.9
114, 127, 29.71210502, 94.60225893,  99.9
115, 127, 29.70825438, 94.59880137,  99.9
116, 127, 29.70438451, 94.59529531,  99.9
117, 127, 29.70049460, 94.59174004,  99.9
118, 127, 29.69658384, 94.58813481,  99.9
119, 127, 29.69265141, 94.58447888,  99.9
120, 127, 29.68869649, 94.58077152,  99.9
121, 127, 29.68471825, 94.57701194,  99.9
122, 127, 29.68071585, 94.57319938,  99.9
123, 127, 29.67668847, 94.56933305,  99.9
124, 127, 29.67263525, 94.56541216,  99.9
125, 127, 29.66855535, 94.56143590,  99.9
126, 127, 29.66444792, 94.55740345,  99.9
127, 127, 29.66031210, 94.55331399,  99.9
128, 127, 29.65614701, 94.54916668,  99.9
129, 127, 29.65195179, 94.54496065,   7.2
130, 127, 29.64772556, 94.54069505,   7.2
131, 127, 29.64346743, 94.53636901,   7.2
132, 127, 29.63917651, 94.53198163,   7.1
133, 127, 29.63485190, 94.52753201,   7.1
134, 127, 29.63049270, 94.52301924,   7.1
135, 127, 29.62609799, 94.51844239,   7.0
136, 127, 29.62166686, 94.51380052,   7.0
137, 127, 29.61719836, 94.50909269,   6.9
138, 127, 29.61269157, 94.50431792,   7.0
139, 127, 29.60814554, 94.49947523,   7.0
140, 127, 29.60355931, 94.49456364,   7.0
141, 127, 29.59893193, 94.48958213,   7.0
142, 127, 29.59426242, 94.48452969,   7.0
143, 127, 29.58954981, 94.47940528,   7.1
144, 127, 29.58479309, 94.47420785,   7.1
145, 127, 29.57999129, 94.46893634,   7.2
146, 127, 29.57514338, 94.46358966,   7.3
147, 127, 29.57024835, 94.45816672,   7.4
148, 127, 29.56530517, 94.45266642,   7.4
149, 127, 29.56031281, 94.44708762,   7.4
150, 127, 29.55527021, 94.44142918,   7.4
151, 127, 29.55017631, 94.43568996,   7.4
152, 127, 29.54503005, 94.42986877,   7.4
153, 127, 29.53983034, 94.42396442,   7.3
154, 127, 29.53457609, 94.41797571,   8.6
155, 127, 29.52926619, 94.41190142,   8.5
156, 127, 29.52389953, 94.40574030,   8.5
157, 127, 29.51847498, 94.39949110,   8.3
158, 127, 29.51299139, 94.39315254,   8.2
159, 127, 29.50744762, 94.38672332,   8.1
160, 127, 29.50184249, 94.38020214,   8.0
161, 127, 29.49617483, 94.37358767,   7.8
162, 127, 29.49044344, 94.36687855,   7.7
163, 127, 29.48464712, 94.36007343,   7.6
164, 127, 29.47878464, 94.35317091,   7.5
165, 127, 29.47285477, 94.34616958,   7.3
166, 127, 29.46685627, 94.33906803,   7.2
167, 127, 29.46078785, 94.33186480,   7.1
168, 127, 29.45464825, 94.32455843,   7.0
169, 127, 29.44843618, 94.31714743,   6.8
170, 127, 29.44215031, 94.30963031,   6.7
171, 127, 29.43578933, 94.30200552,   6.6
172, 127, 29.42935189, 94.29427152,   6.5
173, 127, 29.42283663, 94.28642673,   6.3
174, 127, 29.41624218, 94.27846957,   6.2
175, 127, 29.40956715, 94.27039842,   6.1
176, 127, 29.40281012, 94.26221165,   6.0
177, 127, 29.39596967, 94.25390758,   5.9
178, 127, 29.38904436, 94.24548454,   5.8
179, 127, 29.38203271, 94.23694081,   5.8
180, 127, 29.37493325, 94.22827468,   5.7
181, 127, 29.36774448, 94.21948438,   5.6
182, 127, 29.36046487, 94.21056813,   5.6
183, 127, 29.35309288, 94.20152412,   5.5
184, 127, 29.34562696, 94.19235054,   5.5
185, 127, 29.33806553, 94.18304552,   5.4
186, 127, 29.33040698, 94.17360718,   5.4
187, 127, 29.32264968, 94.16403362,   5.3
188, 127, 29.31479201, 94.15432290,   5.3
189, 127, 29.30683229, 94.14447306,   5.2
190, 127, 29.29876884, 94.13448212,   5.2
191, 127, 29.29059994, 94.12434806,   5.2
192, 127, 29.28232386, 94.11406883,   5.1
193, 127, 29.27393885, 94.10364236,   5.1
194, 127, 29.26544313, 94.09306656,   5.0
195, 127, 29.25683490, 94.08233930,   5.0
196, 127, 29.24811232, 94.07145841,   4.9
197, 127, 29.23927355, 94.06042171,   4.9
198, 127, 29.23031670, 94.04922698,   4.8
199, 127, 29.22123988, 94.03787198,   4.8
200, 127, 29.21204115, 94.02635441,   4.7
201, 127, 29.20271857, 94.01467197,   4.6
202, 127, 29.19327013, 94.00282232,   4.6
203, 127, 29.18369384, 93.99080308,   4.5
204, 127, 29.17398766, 93.97861184,   4.4
205, 127, 29.16414952, 93.96624615,   4.4
206, 127, 29.15417732, 93.95370356,   4.3
207, 127, 29.14406894, 93.94098154,   4.2
208, 127, 29.13382223, 93.92807755,   4.2
209, 127, 29.12343500, 93.91498901,   4.1
210, 127, 29.11290503, 93.90171331,   4.0
211, 127, 29.10223009, 93.88824781,   3.9
212, 127, 29.09140789, 93.87458981,   3.8
213, 127, 29.08043612, 93.86073659,   3.7
214, 127, 29.06931243, 93.84668539,   3.7
215, 127, 29.05803446, 93.83243342,   3.6
216, 127, 29.04659979, 93.81797784,   3.5
217, 127, 29.03500598, 93.80331578,   3.4
218, 127, 29.02325054, 93.78844431,   3.3
219, 127, 29.01133097, 93.77336050,   3.2
220, 127, 28.99924471, 93.75806135,   3.1
221, 127, 28.98698917, 93.74254382,   3.0
222, 127, 28.97456173, 93.72680484,   2.9
223, 127, 28.96195973, 93.71084130,   2.8
224, 127, 28.94918046, 93.69465003,   2.7
225, 127, 28.93622119, 93.67822783,   2.6
226, 127, 28.92307913, 93.66157147,   2.5
227, 127, 28.90975146, 93.64467765,   2.4
228, 127, 28.89623533, 93.62754303,   2.3
229, 127, 28.88252783, 93.61016426,   2.2
230, 127, 28.86862601, 93.59253789,   2.1
231, 127, 28.85452689, 93.57466046,   2.0
232, 127, 28.84022743, 93.55652846,   1.9
233, 127, 28.82572456, 93.53813833,   1.9
234, 127, 28.81101516, 93.51948645,   1.8
235, 127, 28.79609606, 93.50056918,   1.7
236, 127, 28.78096404, 93.48138279,   1.8
237, 127, 28.76561584, 93.46192354,   1.8
238, 127, 28.75004816, 93.44218761,   1.9
239, 127, 28.73425764, 93.42217116,   1.9
240, 127, 28.71824087, 93.40187028,   2.0
241, 127, 28.70199439, 93.38128099,   2.0
  1, 128, 30.22084681, 94.79833257,  99.9
  2, 128, 30.21383709, 94.79748571,  99.9
  3, 128, 30.20691346, 94.79663148,  99.9
  4, 128, 30.20007450, 94.79576970,  99.9
  5, 128, 30.19331877, 94.79490018,  99.9
  6, 128, 30.18664486, 94.79402276,  99.9
  7, 128, 30.18005140, 94.79313723,  99.9
  8, 128, 30.17353700, 94.79224343,  99.9
  9, 128, 30.16710032, 94.79134116,  99.9
 10, 128, 30.16074001, 94.79043023,  99.9
 11, 128, 30.15445475, 94.78951046,  99.9
 12, 128, 30.14824323, 94.78858166,  99.9
 13, 128, 30.14210417, 94.78764362,  99.9
 14, 128, 30.13603627, 94.78669615,  99.9
 15, 128, 30.13003829, 94.78573907,  99.9
 16, 128, 30.12410896, 94.78477216,  99.9
 17, 128, 30.11824707, 94.78379522,  99.9
 18, 128, 30.11245138, 94.78280806,  99.9
 19, 128, 30.10672069, 94.78181046,  99.9
 20, 128, 30.10105382, 94.78080222,  99.9
 21, 128, 30.09544957, 94.77978313,  99.9
 22, 128, 30.08990679, 94.77875298,  99.9
 23, 128, 30.08442432, 94.77771155,  99.9
 24, 128, 30.07900102, 94.77665863,  99.9
 25, 128, 30.07363576, 94.77559399,  99.9
 26, 128, 30.06832742, 94.77451742,  99.9
 27, 128, 30.06307491, 94.77342869,  99.9
 28, 128, 30.05787712, 94.77232757,  99.9
 29, 128, 30.05273298, 94.77121384,  99.9
 30, 128, 30.04764141, 94.77008726,  99.9
 31, 128, 30.04260135, 94.76894761,  99.9
 32, 128, 30.03761176, 94.76779463,  99.9
 33, 128, 30.03267160, 94.76662810,  99.9
 34, 128, 30.02777984, 94.76544777,  99.9
 35, 128, 30.02293546, 94.76425340,  99.9
 36, 128, 30.01813745, 94.76304473,  99.9
 37, 128, 30.01338481, 94.76182152,  99.9
 38, 128, 30.00867656, 94.76058351,  99.9
 39, 128, 30.00401171, 94.75933045,  99.9
 40, 128, 29.99938930, 94.75806207,  99.9
 41, 128, 29.99480836, 94.75677811,  99.9
 42, 128, 29.99026793, 94.75547831,  99.9
 43, 128, 29.98576708, 94.75416239,  99.9
 44, 128, 29.98130486, 94.75283009,  99.9
 45, 128, 29.97688035, 94.75148111,  99.9
 46, 128, 29.97249263, 94.75011520,  99.9
 47, 128, 29.96814077, 94.74873205,  99.9
 48, 128, 29.96382389, 94.74733139,  99.9
 49, 128, 29.95954106, 94.74591292,  99.9
 50, 128, 29.95529142, 94.74447636,  99.9
 51, 128, 29.95107406, 94.74302139,  99.9
 52, 128, 29.94688812, 94.74154772,  99.9
 53, 128, 29.94273271, 94.74005505,  99.9
 54, 128, 29.93860699, 94.73854306,  99.9
 55, 128, 29.93451007, 94.73701144,  99.9
 56, 128, 29.93044112, 94.73545988,  99.9
 57, 128, 29.92639929, 94.73388804,  99.9
 58, 128, 29.92238373, 94.73229561,  99.9
 59, 128, 29.91839361, 94.73068226,  99.9
 60, 128, 29.91442809, 94.72904765,  99.9
 61, 128, 29.91048635, 94.72739144,  99.9
 62, 128, 29.90656758, 94.72571329,  99.9
 63, 128, 29.90267094, 94.72401285,  99.9
 64, 128, 29.89879564, 94.72228976,  99.9
 65, 128, 29.89494086, 94.72054368,  99.9
 66, 128, 29.89110580, 94.71877424,  99.9
 67, 128, 29.88728967, 94.71698108,  99.9
 68, 128, 29.88349166, 94.71516381,  99.9
 69, 128, 29.87971099, 94.71332207,  99.9
 70, 128, 29.87594686, 94.71145547,  99.9
 71, 128, 29.87219850, 94.70956363,  99.9
 72, 128, 29.86846512, 94.70764616,  99.9
 73, 128, 29.86474595, 94.70570266,  99.9
 74, 128, 29.86104020, 94.70373272,  99.9
 75, 128, 29.85734712, 94.70173594,  99.9
 76, 128, 29.85366592, 94.69971190,  99.9
 77, 128, 29.84999584, 94.69766019,  99.9
 78, 128, 29.84633611, 94.69558039,  99.9
 79, 128, 29.84268598, 94.69347205,  99.9
 80, 128, 29.83904468, 94.69133475,  99.9
 81, 128, 29.83541145, 94.68916804,  99.9
 82, 128, 29.83178553, 94.68697148,  99.9
 83, 128, 29.82816617, 94.68474461,  99.9
 84, 128, 29.82455262, 94.68248697,  99.9
 85, 128, 29.82094412, 94.68019809,   0.2
 86, 128, 29.81733992, 94.67787750,   0.2
 87, 128, 29.81373926, 94.67552472,   0.2
 88, 128, 29.81014139, 94.67313926,   0.1
 89, 128, 29.80654558, 94.67072064,   0.3
 90, 128, 29.80295105, 94.66826834,   0.6
 91, 128, 29.79935707, 94.66578187,   0.8
 92, 128, 29.79576289, 94.66326071,  99.9
 93, 128, 29.79216775, 94.66070434,  99.9
 94, 128, 29.78857090, 94.65811223,  99.9
 95, 128, 29.78497160, 94.65548384,  99.9
 96, 128, 29.78136909, 94.65281864,  99.9
 97, 128, 29.77776262, 94.65011607,  99.9
 98, 128, 29.77415144, 94.64737558,  99.9
 99, 128, 29.77053480, 94.64459659,  99.9
100, 128, 29.76691193, 94.64177854,  99.9
101, 128, 29.76328209, 94.63892084,  99.9
102, 128, 29.75964451, 94.63602290,   2.7
103, 128, 29.75599843, 94.63308413,  99.9
104, 128, 29.75234310, 94.63010392,  99.9
105, 128, 29.74867775, 94.62708165,  99.9
106, 128, 29.74500162, 94.62401670,  99.9
107, 128, 29.74131393, 94.62090844,  99.9
108, 128, 29.73761392, 94.61775623,  99.9
109, 128, 29.73390081, 94.61455942,  99.9
110, 128, 29.73017382, 94.61131734,  99.9
111, 128, 29.72643219, 94.60802933,  99.9
112, 128, 29.72267512, 94.60469472,  99.9
113, 128, 29.71890183, 94.60131282,  99.9
114, 128, 29.71511153, 94.59788292,  99.9
115, 128, 29.71130344, 94.59440432,  99.9
116, 128, 29.70747674, 94.59087631,  99.9
117, 128, 29.70363065, 94.58729816,  99.9
118, 128, 29.69976435, 94.58366913,  99.9
119, 128, 29.69587705, 94.57998847,  99.9
120, 128, 29.69196792, 94.57625543,  99.9
121, 128, 29.68803615, 94.57246924,  99.9
122, 128, 29.68408091, 94.56862912,  99.9
123, 128, 29.68010138, 94.56473429,  99.9
124, 128, 29.67609672, 94.56078392,  99.9
125, 128, 29.67206610, 94.55677723,   7.3
126, 128, 29.66800868, 94.55271338,   7.2
127, 128, 29.66392359, 94.54859153,   7.2
128, 128, 29.65980999, 94.54441084,   7.2
129, 128, 29.65566702, 94.54017046,   7.2
130, 128, 29.65149381, 94.53586950,   7.2
131, 128, 29.64728947, 94.53150709,   7.1
132, 128, 29.64305314, 94.52708232,   7.1
133, 128, 29.63878392, 94.52259430,   7.0
134, 128, 29.63448093, 94.51804209,   7.0
135, 128, 29.63014325, 94.51342477,   7.0
136, 128, 29.62576997, 94.50874139,   6.9
137, 128, 29.62136019, 94.50399098,   6.9
138, 128, 29.61691297, 94.49917257,   7.0
139, 128, 29.61242738, 94.49428517,   7.0
140, 128, 29.60790249, 94.48932779,   7.0
141, 128, 29.60333733, 94.48429940,   7.0
142, 128, 29.59873096, 94.47919897,   7.0
143, 128, 29.59408241, 94.47402546,   7.1
144, 128, 29.58939070, 94.46877780,   7.1
145, 128, 29.58465484, 94.46345493,   7.2
146, 128, 29.57987384, 94.45805575,   7.3
147, 128, 29.57504670, 94.45257916,   7.3
148, 128, 29.57017240, 94.44702404,   7.3
149, 128, 29.56524992, 94.44138924,   7.3
150, 128, 29.56027823, 94.43567362,   7.3
151, 128, 29.55525627, 94.42987600,   7.3
152, 128, 29.55018299, 94.42399521,   7.3
153, 128, 29.54505733, 94.41803004,   7.2
154, 128, 29.53987821, 94.41197927,   8.6
155, 128, 29.53464453, 94.40584166,   8.6
156, 128, 29.52935521, 94.39961595,   8.5
157, 128, 29.52400911, 94.39330089,   8.4
158, 128, 29.51860512, 94.38689518,   8.3
159, 128, 29.51314211, 94.38039751,   8.1
160, 128, 29.50761891, 94.37380655,   8.0
161, 128, 29.50203437, 94.36712096,   7.9
162, 128, 29.49638731, 94.36033938,   7.8
163, 128, 29.49067654, 94.35346043,   7.7
164, 128, 29.48490086, 94.34648269,   7.5
165, 128, 29.47905905, 94.33940476,   7.4
166, 128, 29.47314987, 94.33222519,   7.3
167, 128, 29.46717209, 94.32494251,   7.2
168, 128, 29.46112443, 94.31755525,   7.0
169, 128, 29.45500563, 94.31006190,   6.9
170, 128, 29.44881440, 94.30246094,   6.8
171, 128, 29.44254942, 94.29475081,   6.7
172, 128, 29.43620937, 94.28692997,   6.5
173, 128, 29.42979292, 94.27899680,   6.4
174, 128, 29.42329870, 94.27094971,   6.3
175, 128, 29.41672535, 94.26278705,   6.2
176, 128, 29.41007148, 94.25450718,   6.0
177, 128, 29.40333569, 94.24610841,   5.9
178, 128, 29.39651653, 94.23758903,   5.9
179, 128, 29.38961259, 94.22894733,   5.8
180, 128, 29.38262239, 94.22018154,   5.7
181, 128, 29.37554445, 94.21128989,   5.6
182, 128, 29.36837728, 94.20227059,   5.6
183, 128, 29.36111935, 94.19312180,   5.5
184, 128, 29.35376915, 94.18384167,   5.5
185, 128, 29.34632509, 94.17442832,   5.4
186, 128, 29.33878562, 94.16487986,   5.4
187, 128, 29.33114912, 94.15519435,   5.4
188, 128, 29.32341399, 94.14536983,   5.3
189, 128, 29.31557857, 94.13540433,   5.3
190, 128, 29.30764122, 94.12529582,   5.2
191, 128, 29.29960024, 94.11504227,   5.2
192, 128, 29.29145393, 94.10464161,   5.2
193, 128, 29.28320055, 94.09409174,   5.1
194, 128, 29.27483836, 94.08339054,   5.1
195, 128, 29.26636559, 94.07253586,   5.0
196, 128, 29.25778042, 94.06152550,   5.0
197, 128, 29.24908103, 94.05035725,   4.9
198, 128, 29.24026558, 94.03902887,   4.9
199, 128, 29.23133218, 94.02753807,   4.8
200, 128, 29.22227895, 94.01588255,   4.7
201, 128, 29.21310394, 94.00405998,   4.7
202, 128, 29.20380522, 93.99206797,   4.6
203, 128, 29.19438079, 93.97990411,   4.5
204, 128, 29.18482865, 93.96756598,   4.5
205, 128, 29.17514677, 93.95505110,   4.4
206, 128, 29.16533308, 93.94235696,   4.3
207, 128, 29.15538548, 93.92948102,   4.3
208, 128, 29.14530186, 93.91642071,   4.2
209, 128, 29.13508006, 93.90317341,   4.1
210, 128, 29.12471791, 93.88973648,   4.0
211, 128, 29.11421318, 93.87610723,   3.9
212, 128, 29.10356364, 93.86228294,   3.9
213, 128, 29.09276700, 93.84826087,   3.8
214, 128, 29.08182097, 93.83403820,   3.7
215, 128, 29.07072319, 93.81961211,   3.6
216, 128, 29.05947130, 93.80497972,   3.5
217, 128, 29.04806288, 93.79013813,   3.4
218, 128, 29.03649550, 93.77508439,   3.4
219, 128, 29.02476667, 93.75981550,   3.3
220, 128, 29.01287389, 93.74432842,   3.2
221, 128, 29.00081460, 93.72862010,   3.1
222, 128, 28.98858622, 93.71268741,   3.0
223, 128, 28.97618612, 93.69652720,   2.9
224, 128, 28.96361165, 93.68013627,   2.8
225, 128, 28.95086010, 93.66351136,   2.7
226, 128, 28.93792873, 93.64664921,   2.6
227, 128, 28.92481476, 93.62954648,   2.4
228, 128, 28.91151539, 93.61219978,   2.3
229, 128, 28.89802774, 93.59460570,   2.2
230, 128, 28.88434891, 93.57676077,   2.1
231, 128, 28.87047596, 93.55866148,   2.0
232, 128, 28.85640590, 93.54030427,   2.0
233, 128, 28.84213570, 93.52168552,   1.9
234, 128, 28.82766229, 93.50280158,   1.8
235, 128, 28.81298254, 93.48364874,   1.7
236, 128, 28.79809329, 93.46422324,   1.8
237, 128, 28.78299132, 93.44452129,   1.8
238, 128, 28.76767337, 93.42453901,   1.8
239, 128, 28.75213614, 93.40427251,   1.9
240, 128, 28.73637626, 93.38371782,   1.9
241, 128, 28.72039033, 93.36287093,   2.0
  1, 129, 30.22153510, 94.79021533,  99.9
  2, 129, 30.21453249, 94.78946910,  99.9
  3, 129, 30.20761613, 94.78871381,  99.9
  4, 129, 30.20078457, 94.78794930,  99.9
  5, 129, 30.19403640, 94.78717541,  99.9
  6, 129, 30.18737020, 94.78639198,  99.9
  7, 129, 30.18078459, 94.78559885,  99.9
  8, 129, 30.17427821, 94.78479585,  99.9
  9, 129, 30.16784969, 94.78398282,  99.9
 10, 129, 30.16149770, 94.78315958,  99.9
 11, 129, 30.15522092, 94.78232597,  99.9
 12, 129, 30.14901804, 94.78148181,  99.9
 13, 129, 30.14288778, 94.78062693,  99.9
 14, 129, 30.13682885, 94.77976115,  99.9
 15, 129, 30.13083999, 94.77888428,  99.9
 16, 129, 30.12491997, 94.77799615,  99.9
 17, 129, 30.11906754, 94.77709657,  99.9
 18, 129, 30.11328149, 94.77618536,  99.9
 19, 129, 30.10756062, 94.77526232,  99.9
 20, 129, 30.10190373, 94.77432726,  99.9
 21, 129, 30.09630965, 94.77338000,  99.9
 22, 129, 30.09077721, 94.77242032,  99.9
 23, 129, 30.08530527, 94.77144804,  99.9
 24, 129, 30.07989268, 94.77046295,  99.9
 25, 129, 30.07453831, 94.76946484,  99.9
 26, 129, 30.06924106, 94.76845352,  99.9
 27, 129, 30.06399982, 94.76742876,  99.9
 28, 129, 30.05881350, 94.76639036,  99.9
 29, 129, 30.05368102, 94.76533809,  99.9
 30, 129, 30.04860131, 94.76427175,  99.9
 31, 129, 30.04357332, 94.76319111,  99.9
 32, 129, 30.03859599, 94.76209595,  99.9
 33, 129, 30.03366830, 94.76098603,  99.9
 34, 129, 30.02878921, 94.75986114,  99.9
 35, 129, 30.02395772, 94.75872102,  99.9
 36, 129, 30.01917281, 94.75756546,  99.9
 37, 129, 30.01443349, 94.75639420,  99.9
 38, 129, 30.00973877, 94.75520701,  99.9
 39, 129, 30.00508768, 94.75400363,  99.9
 40, 129, 30.00047925, 94.75278383,  99.9
 41, 129, 29.99591251, 94.75154734,  99.9
 42, 129, 29.99138653, 94.75029391,  99.9
 43, 129, 29.98690034, 94.74902328,  99.9
 44, 129, 29.98245303, 94.74773518,  99.9
 45, 129, 29.97804367, 94.74642936,  99.9
 46, 129, 29.97367133, 94.74510553,  99.9
 47, 129, 29.96933511, 94.74376342,  99.9
 48, 129, 29.96503410, 94.74240276,  99.9
 49, 129, 29.96076741, 94.74102326,  99.9
 50, 129, 29.95653416, 94.73962464,  99.9
 51, 129, 29.95233345, 94.73820660,  99.9
 52, 129, 29.94816441, 94.73676885,  99.9
 53, 129, 29.94402619, 94.73531110,  99.9
 54, 129, 29.93991790, 94.73383304,  99.9
 55, 129, 29.93583871, 94.73233437,  99.9
 56, 129, 29.93178775, 94.73081477,  99.9
 57, 129, 29.92776419, 94.72927393,  99.9
 58, 129, 29.92376719, 94.72771154,  99.9
 59, 129, 29.91979592, 94.72612726,  99.9
 60, 129, 29.91584954, 94.72452076,  99.9
 61, 129, 29.91192724, 94.72289173,  99.9
 62, 129, 29.90802819, 94.72123981,  99.9
 63, 129, 29.90415160, 94.71956467,  99.9
 64, 129, 29.90029664, 94.71786596,  99.9
 65, 129, 29.89646252, 94.71614332,  99.9
 66, 129, 29.89264844, 94.71439640,  99.9
 67, 129, 29.88885360, 94.71262485,  99.9
 68, 129, 29.88507721, 94.71082828,  99.9
 69, 129, 29.88131849, 94.70900634,  99.9
 70, 129, 29.87757665, 94.70715863,  99.9
 71, 129, 29.87385091, 94.70528479,  99.9
 72, 129, 29.87014050, 94.70338442,  99.9
 73, 129, 29.86644464, 94.70145713,  99.9
 74, 129, 29.86276256, 94.69950251,  99.9
 75, 129, 29.85909350, 94.69752018,  99.9
 76, 129, 29.85543669, 94.69550970,  99.9
 77, 129, 29.85179137, 94.69347068,  99.9
 78, 129, 29.84815677, 94.69140268,  99.9
 79, 129, 29.84453215, 94.68930529,  99.9
 80, 129, 29.84091674, 94.68717805,  99.9
 81, 129, 29.83730979, 94.68502055,  99.9
 82, 129, 29.83371055, 94.68283232,  99.9
 83, 129, 29.83011827, 94.68061292,  99.9
 84, 129, 29.82653220, 94.67836188,  99.9
 85, 129, 29.82295159, 94.67607875,   0.2
 86, 129, 29.81937570, 94.67376305,   0.2
 87, 129, 29.81580377, 94.67141430,   0.1
 88, 129, 29.81223507, 94.66903201,   0.1
 89, 129, 29.80866885, 94.66661570,   0.3
 90, 129, 29.80510436, 94.66416486,   0.5
 91, 129, 29.80154087, 94.66167899,   0.7
 92, 129, 29.79797762, 94.65915758,  99.9
 93, 129, 29.79441388, 94.65660010,  99.9
 94, 129, 29.79084890, 94.65400602,  99.9
 95, 129, 29.78728193, 94.65137481,  99.9
 96, 129, 29.78371224, 94.64870592,  99.9
 97, 129, 29.78013907, 94.64599881,  99.9
 98, 129, 29.77656169, 94.64325292,  99.9
 99, 129, 29.77297934, 94.64046767,  99.9
100, 129, 29.76939128, 94.63764250,  99.9
101, 129, 29.76579675, 94.63477682,  99.9
102, 129, 29.76219501, 94.63187003,   2.7
103, 129, 29.75858531, 94.62892155,  99.9
104, 129, 29.75496688, 94.62593075,  99.9
105, 129, 29.75133898, 94.62289703,  99.9
106, 129, 29.74770085, 94.61981976,  99.9
107, 129, 29.74405172, 94.61669830,  99.9
108, 129, 29.74039084, 94.61353201,  99.9
109, 129, 29.73671743, 94.61032023,  99.9
110, 129, 29.73303074, 94.60706231,  99.9
111, 129, 29.72932998, 94.60375757,  99.9
112, 129, 29.72561439, 94.60040534,  99.9
113, 129, 29.72188320, 94.59700491,  99.9
114, 129, 29.71813561, 94.59355560,  99.9
115, 129, 29.71437085, 94.59005668,  99.9
116, 129, 29.71058812, 94.58650744,  99.9
117, 129, 29.70678665, 94.58290715,  99.9
118, 129, 29.70296562, 94.57925507,  99.9
119, 129, 29.69912425, 94.57555044,  99.9
120, 129, 29.69526172, 94.57179250,  99.9
121, 129, 29.69137724, 94.56798048,  99.9
122, 129, 29.68746998, 94.56411359,  99.9
123, 129, 29.68353914, 94.56019104,  99.9
124, 129, 29.67958388, 94.55621202,   7.2
125, 129, 29.67560337, 94.55217572,   7.2
126, 129, 29.67159679, 94.54808129,   7.2
127, 129, 29.66756330, 94.54392791,   7.2
128, 129, 29.66350205, 94.53971471,   7.2
129, 129, 29.65941218, 94.53544083,   7.1
130, 129, 29.65529285, 94.53110540,   7.1
131, 129, 29.65114319, 94.52670751,   7.0
132, 129, 29.64696233, 94.52224628,   7.0
133, 129, 29.64274939, 94.51772077,   7.0
134, 129, 29.63850348, 94.51313006,   7.0
135, 129, 29.63422373, 94.50847322,   6.9
136, 129, 29.62990923, 94.50374928,   6.9
137, 129, 29.62555907, 94.49895727,   6.9
138, 129, 29.62117235, 94.49409621,   7.0
139, 129, 29.61674814, 94.48916511,   7.0
140, 129, 29.61228552, 94.48416294,   7.0
141, 129, 29.60778354, 94.47908869,   7.0
142, 129, 29.60324127, 94.47394132,   7.1
143, 129, 29.59865775, 94.46871977,   7.1
144, 129, 29.59403201, 94.46342297,   7.1
145, 129, 29.58936308, 94.45804983,   7.2
146, 129, 29.58464999, 94.45259926,   7.3
147, 129, 29.57989174, 94.44707013,   7.3
148, 129, 29.57508734, 94.44146132,   7.3
149, 129, 29.57023576, 94.43577168,   7.3
150, 129, 29.56533600, 94.43000004,   7.3
151, 129, 29.56038703, 94.42414523,   7.2
152, 129, 29.55538779, 94.41820604,   7.2
153, 129, 29.55033725, 94.41218126,   7.1
154, 129, 29.54523433, 94.40606965,   7.1
155, 129, 29.54007796, 94.39986998,   8.6
156, 129, 29.53486706, 94.39358097,   8.5
157, 129, 29.52960054, 94.38720134,   8.4
158, 129, 29.52427727, 94.38072978,   8.3
159, 129, 29.51889615, 94.37416497,   8.2
160, 129, 29.51345603, 94.36750558,   8.1
161, 129, 29.50795577, 94.36075024,   7.9
162, 129, 29.50239421, 94.35389758,   7.8
163, 129, 29.49677018, 94.34694620,   7.7
164, 129, 29.49108249, 94.33989468,   7.6
165, 129, 29.48532995, 94.33274158,   7.5
166, 129, 29.47951133, 94.32548545,   7.3
167, 129, 29.47362542, 94.31812481,   7.2
168, 129, 29.46767097, 94.31065816,   7.1
169, 129, 29.46164671, 94.30308398,   7.0
170, 129, 29.45555139, 94.29540072,   6.8
171, 129, 29.44938371, 94.28760683,   6.7
172, 129, 29.44314238, 94.27970073,   6.6
173, 129, 29.43682606, 94.27168079,   6.5
174, 129, 29.43043343, 94.26354540,   6.4
175, 129, 29.42396313, 94.25529290,   6.2
176, 129, 29.41741380, 94.24692161,   6.1
177, 129, 29.41078405, 94.23842984,   6.0
178, 129, 29.40407247, 94.22981586,   5.9
179, 129, 29.39727766, 94.22107792,   5.8
180, 129, 29.39039816, 94.21221426,   5.7
181, 129, 29.38343253, 94.20322307,   5.7
182, 129, 29.37637929, 94.19410253,   5.6
183, 129, 29.36923693, 94.18485080,   5.6
184, 129, 29.36200396, 94.17546600,   5.5
185, 129, 29.35467883, 94.16594624,   5.5
186, 129, 29.34726000, 94.15628958,   5.4
187, 129, 29.33974588, 94.14649408,   5.4
188, 129, 29.33213489, 94.13655775,   5.3
189, 129, 29.32442541, 94.12647858,   5.3
190, 129, 29.31661580, 94.11625455,   5.3
191, 129, 29.30870441, 94.10588358,   5.2
192, 129, 29.30068955, 94.09536359,   5.2
193, 129, 29.29256952, 94.08469245,   5.1
194, 129, 29.28434260, 94.07386800,   5.1
195, 129, 29.27600703, 94.06288808,   5.1
196, 129, 29.26756105, 94.05175046,   5.0
197, 129, 29.25900285, 94.04045291,   5.0
198, 129, 29.25033062, 94.02899315,   4.9
199, 129, 29.24154251, 94.01736888,   4.8
200, 129, 29.23263664, 94.00557776,   4.8
201, 129, 29.22361112, 93.99361741,   4.7
202, 129, 29.21446403, 93.98148545,   4.7
203, 129, 29.20519342, 93.96917942,   4.6
204, 129, 29.19579731, 93.95669688,   4.5
205, 129, 29.18627369, 93.94403530,   4.4
206, 129, 29.17662053, 93.93119216,   4.4
207, 129, 29.16683578, 93.91816488,   4.3
208, 129, 29.15691734, 93.90495085,   4.2
209, 129, 29.14686309, 93.89154744,   4.2
210, 129, 29.13667089, 93.87795195,   4.1
211, 129, 29.12633855, 93.86416168,   4.0
212, 129, 29.11586387, 93.85017387,   3.9
213, 129, 29.10524461, 93.83598573,   3.8
214, 129, 29.09447849, 93.82159442,   3.8
215, 129, 29.08356321, 93.80699708,   3.7
216, 129, 29.07249642, 93.79219080,   3.6
217, 129, 29.06127576, 93.77717264,   3.5
218, 129, 29.04989883, 93.76193960,   3.4
219, 129, 29.03836318, 93.74648866,   3.3
220, 129, 29.02666634, 93.73081674,   3.2
221, 129, 29.01480579, 93.71492074,   3.1
222, 129, 29.00277899, 93.69879750,   3.0
223, 129, 28.99058337, 93.68244382,   2.9
224, 129, 28.97821628, 93.66585646,   2.8
225, 129, 28.96567509, 93.64903214,   2.7
226, 129, 28.95295709, 93.63196753,   2.6
227, 129, 28.94005954, 93.61465926,   2.5
228, 129, 28.92697966, 93.59710390,   2.4
229, 129, 28.91371465, 93.57929799,   2.3
230, 129, 28.90026164, 93.56123802,   2.2
231, 129, 28.88661773, 93.54292042,   2.1
232, 129, 28.87277998, 93.52434160,   2.0
233, 129, 28.85874540, 93.50549789,   1.9
234, 129, 28.84451097, 93.48638559,   1.8
235, 129, 28.83007361, 93.46700095,   1.7
236, 129, 28.81543020, 93.44734015,   1.8
237, 129, 28.80057757, 93.42739934,   1.8
238, 129, 28.78551252, 93.40717462,   1.8
239, 129, 28.77023178, 93.38666203,   1.9
240, 129, 28.75473204, 93.36585755,   1.9
241, 129, 28.73900995, 93.34475712,   2.0
  1, 130, 30.22213518, 94.78210699,  99.9
  2, 130, 30.21514116, 94.78146154,  99.9
  3, 130, 30.20823351, 94.78080535,  99.9
  4, 130, 30.20141079, 94.78013827,  99.9
  5, 130, 30.19467159, 94.77946017,  99.9
  6, 130, 30.18801449, 94.77877091,  99.9
  7, 130, 30.18143812, 94.77807033,  99.9
  8, 130, 30.17494111, 94.77735831,  99.9
  9, 130, 30.16852211, 94.77663468,  99.9
 10, 130, 30.16217977, 94.77589931,  99.9
 11, 130, 30.15591279, 94.77515203,  99.9
 12, 130, 30.14971985, 94.77439269,  99.9
 13, 130, 30.14359967, 94.77362114,  99.9
 14, 130, 30.13755097, 94.77283722,  99.9
 15, 130, 30.13157251, 94.77204076,  99.9
 16, 130, 30.12566302, 94.77123159,  99.9
 17, 130, 30.11982128, 94.77040956,  99.9
 18, 130, 30.11404609, 94.76957448,  99.9
 19, 130, 30.10833622, 94.76872619,  99.9
 20, 130, 30.10269051, 94.76786451,  99.9
 21, 130, 30.09710776, 94.76698926,  99.9
 22, 130, 30.09158683, 94.76610027,  99.9
 23, 130, 30.08612655, 94.76519733,  99.9
 24, 130, 30.08072581, 94.76428028,  99.9
 25, 130, 30.07538346, 94.76334891,  99.9
 26, 130, 30.07009840, 94.76240304,  99.9
 27, 130, 30.06486953, 94.76144247,  99.9
 28, 130, 30.05969576, 94.76046700,  99.9
 29, 130, 30.05457602, 94.75947642,  99.9
 30, 130, 30.04950923, 94.75847054,  99.9
 31, 130, 30.04449435, 94.75744914,  99.9
 32, 130, 30.03953033, 94.75641202,  99.9
 33, 130, 30.03461614, 94.75535895,  99.9
 34, 130, 30.02975075, 94.75428971,  99.9
 35, 130, 30.02493315, 94.75320410,  99.9
 36, 130, 30.02016234, 94.75210187,  99.9
 37, 130, 30.01543733, 94.75098281,  99.9
 38, 130, 30.01075713, 94.74984668,  99.9
 39, 130, 30.00612076, 94.74869325,  99.9
 40, 130, 30.00152727, 94.74752227,  99.9
 41, 130, 29.99697570, 94.74633351,  99.9
 42, 130, 29.99246509, 94.74512671,  99.9
 43, 130, 29.98799452, 94.74390163,  99.9
 44, 130, 29.98356304, 94.74265801,  99.9
 45, 130, 29.97916974, 94.74139560,  99.9
 46, 130, 29.97481371, 94.74011413,  99.9
 47, 130, 29.97049402, 94.73881335,  99.9
 48, 130, 29.96620980, 94.73749296,  99.9
 49, 130, 29.96196013, 94.73615272,  99.9
 50, 130, 29.95774415, 94.73479233,  99.9
 51, 130, 29.95356097, 94.73341151,  99.9
 52, 130, 29.94940971, 94.73200999,  99.9
 53, 130, 29.94528953, 94.73058746,  99.9
 54, 130, 29.94119954, 94.72914364,  99.9
 55, 130, 29.93713892, 94.72767822,  99.9
 56, 130, 29.93310680, 94.72619091,  99.9
 57, 130, 29.92910236, 94.72468138,  99.9
 58, 130, 29.92512475, 94.72314934,  99.9
 59, 130, 29.92117315, 94.72159446,  99.9
 60, 130, 29.91724673, 94.72001642,  99.9
 61, 130, 29.91334468, 94.71841490,  99.9
 62, 130, 29.90946619, 94.71678956,  99.9
 63, 130, 29.90561044, 94.71514006,  99.9
 64, 130, 29.90177663, 94.71346607,  99.9
 65, 130, 29.89796397, 94.71176724,  99.9
 66, 130, 29.89417166, 94.71004321,  99.9
 67, 130, 29.89039890, 94.70829363,  99.9
 68, 130, 29.88664492, 94.70651814,  99.9
 69, 130, 29.88290894, 94.70471636,  99.9
 70, 130, 29.87919016, 94.70288794,  99.9
 71, 130, 29.87548782, 94.70103248,  99.9
 72, 130, 29.87180115, 94.69914960,  99.9
 73, 130, 29.86812938, 94.69723892,  99.9
 74, 130, 29.86447174, 94.69530004,  99.9
 75, 130, 29.86082747, 94.69333255,  99.9
 76, 130, 29.85719581, 94.69133606,  99.9
 77, 130, 29.85357601, 94.68931014,  99.9
 78, 130, 29.84996730, 94.68725438,  99.9
 79, 130, 29.84636894, 94.68516835,  99.9
 80, 130, 29.84278018, 94.68305163,  99.9
 81, 130, 29.83920026, 94.68090377,  99.9
 82, 130, 29.83562845, 94.67872433,  99.9
 83, 130, 29.83206400, 94.67651286,  99.9
 84, 130, 29.82850616, 94.67426890,  99.9
 85, 130, 29.82495418, 94.67199198,   0.1
 86, 130, 29.82140735, 94.66968165,  99.9
 87, 130, 29.81786490, 94.66733741,   0.1
 88, 130, 29.81432610, 94.66495879,   0.1
 89, 130, 29.81079022, 94.66254529,   0.3
 90, 130, 29.80725651, 94.66009642,   0.4
 91, 130, 29.80372424, 94.65761166,  99.9
 92, 130, 29.80019267, 94.65509051,  99.9
 93, 130, 29.79666107, 94.65253244,  99.9
 94, 130, 29.79312870, 94.64993693,  99.9
 95, 130, 29.78959481, 94.64730344,  99.9
 96, 130, 29.78605868, 94.64463143,  99.9
 97, 130, 29.78251956, 94.64192034,  99.9
 98, 130, 29.77897672, 94.63916961,  99.9
 99, 130, 29.77542941, 94.63637868,  99.9
100, 130, 29.77187689, 94.63354697,  99.9
101, 130, 29.76831843, 94.63067390,  99.9
102, 130, 29.76475328, 94.62775886,   2.7
103, 130, 29.76118070, 94.62480127,  99.9
104, 130, 29.75759993, 94.62180051,  99.9
105, 130, 29.75401024, 94.61875597,  99.9
106, 130, 29.75041086, 94.61566700,  99.9
107, 130, 29.74680105, 94.61253298,  99.9
108, 130, 29.74318006, 94.60935327,  99.9
109, 130, 29.73954713, 94.60612719,  99.9
110, 130, 29.73590149, 94.60285410,  99.9
111, 130, 29.73224238, 94.59953331,  99.9
112, 130, 29.72856905, 94.59616414,  99.9
113, 130, 29.72488072, 94.59274590,  99.9
114, 130, 29.72117662, 94.58927788,  99.9
115, 130, 29.71745598, 94.58575936,  99.9
116, 130, 29.71371801, 94.58218963,  99.9
117, 130, 29.70996194, 94.57856794,  99.9
118, 130, 29.70618698, 94.57489355,  99.9
119, 130, 29.70239234, 94.57116571,  99.9
120, 130, 29.69857723, 94.56738365,  99.9
121, 130, 29.69474084, 94.56354658,  99.9
122, 130, 29.69088238, 94.55965372,  99.9
123, 130, 29.68700103, 94.55570427,  99.9
124, 130, 29.68309599, 94.55169741,   7.1
125, 130, 29.67916643, 94.54763232,   7.1
126, 130, 29.67521153, 94.54350817,   7.1
127, 130, 29.67123047, 94.53932410,   7.1
128, 130, 29.66722241, 94.53507926,   7.1
129, 130, 29.66318650, 94.53077276,   7.0
130, 130, 29.65912191, 94.52640374,   7.0
131, 130, 29.65502778, 94.52197129,   7.0
132, 130, 29.65090326, 94.51747449,   6.9
133, 130, 29.64674747, 94.51291244,   6.9
134, 130, 29.64255955, 94.50828417,   6.9
135, 130, 29.63833861, 94.50358876,   6.8
136, 130, 29.63408378, 94.49882523,   6.8
137, 130, 29.62979416, 94.49399261,   6.9
138, 130, 29.62546885, 94.48908990,   7.0
139, 130, 29.62110694, 94.48411609,   7.0
140, 130, 29.61670751, 94.47907018,   7.0
141, 130, 29.61226965, 94.47395111,   7.1
142, 130, 29.60779241, 94.46875785,   7.1
143, 130, 29.60327487, 94.46348933,   7.1
144, 130, 29.59871607, 94.45814447,   7.2
145, 130, 29.59411504, 94.45272216,   7.2
146, 130, 29.58947084, 94.44722131,   7.3
147, 130, 29.58478247, 94.44164079,   7.3
148, 130, 29.58004896, 94.43597944,   7.3
149, 130, 29.57526930, 94.43023612,   7.3
150, 130, 29.57044250, 94.42440964,   7.3
151, 130, 29.56556753, 94.41849882,   7.2
152, 130, 29.56064337, 94.41250245,   7.1
153, 130, 29.55566899, 94.40641929,   7.0
154, 130, 29.55064334, 94.40024811,   7.0
155, 130, 29.54556535, 94.39398764,   8.6
156, 130, 29.54043397, 94.38763660,   8.6
157, 130, 29.53524810, 94.38119370,   8.5
158, 130, 29.53000666, 94.37465762,   8.4
159, 130, 29.52470855, 94.36802702,   8.2
160, 130, 29.51935264, 94.36130055,   8.1
161, 130, 29.51393780, 94.35447684,   8.0
162, 130, 29.50846290, 94.34755450,   7.9
163, 130, 29.50292678, 94.34053211,   7.8
164, 130, 29.49732827, 94.33340823,   7.6
165, 130, 29.49166619, 94.32618143,   7.5
166, 130, 29.48593934, 94.31885022,   7.4
167, 130, 29.48014652, 94.31141311,   7.3
168, 130, 29.47428651, 94.30386859,   7.2
169, 130, 29.46835805, 94.29621512,   7.0
170, 130, 29.46235991, 94.28845114,   6.9
171, 130, 29.45629082, 94.28057507,   6.8
172, 130, 29.45014948, 94.27258531,   6.7
173, 130, 29.44393461, 94.26448024,   6.5
174, 130, 29.43764489, 94.25625820,   6.4
175, 130, 29.43127899, 94.24791753,   6.3
176, 130, 29.42483555, 94.23945652,   6.2
177, 130, 29.41831323, 94.23087348,   6.0
178, 130, 29.41171063, 94.22216664,   5.9
179, 130, 29.40502636, 94.21333424,   5.9
180, 130, 29.39825900, 94.20437450,   5.8
181, 130, 29.39140711, 94.19528559,   5.7
182, 130, 29.38446926, 94.18606567,   5.6
183, 130, 29.37744396, 94.17671287,   5.6
184, 130, 29.37032972, 94.16722530,   5.5
185, 130, 29.36312504, 94.15760104,   5.5
186, 130, 29.35582838, 94.14783814,   5.5
187, 130, 29.34843821, 94.13793463,   5.4
188, 130, 29.34095294, 94.12788849,   5.4
189, 130, 29.33337099, 94.11769771,   5.3
190, 130, 29.32569075, 94.10736021,   5.3
191, 130, 29.31791059, 94.09687392,   5.3
192, 130, 29.31002884, 94.08623671,   5.2
193, 130, 29.30204385, 94.07544645,   5.2
194, 130, 29.29395390, 94.06450094,   5.1
195, 130, 29.28575727, 94.05339799,   5.1
196, 130, 29.27745222, 94.04213536,   5.0
197, 130, 29.26903699, 94.03071078,   5.0
198, 130, 29.26050978, 94.01912195,   4.9
199, 130, 29.25186877, 94.00736653,   4.9
200, 130, 29.24311211, 93.99544217,   4.8
201, 130, 29.23423796, 93.98334646,   4.8
202, 130, 29.22524440, 93.97107698,   4.7
203, 130, 29.21612952, 93.95863126,   4.6
204, 130, 29.20689138, 93.94600679,   4.6
205, 130, 29.19752800, 93.93320106,   4.5
206, 130, 29.18803738, 93.92021149,   4.4
207, 130, 29.17841750, 93.90703548,   4.3
208, 130, 29.16866629, 93.89367038,   4.3
209, 130, 29.15878168, 93.88011353,   4.2
210, 130, 29.14876154, 93.86636221,   4.1
211, 130, 29.13860374, 93.85241367,   4.0
212, 130, 29.12830610, 93.83826512,   4.0
213, 130, 29.11786641, 93.82391374,   3.9
214, 130, 29.10728243, 93.80935667,   3.8
215, 130, 29.09655190, 93.79459099,   3.7
216, 130, 29.08567251, 93.77961377,   3.6
217, 130, 29.07464194, 93.76442202,   3.5
218, 130, 29.06345781, 93.74901271,   3.4
219, 130, 29.05211772, 93.73338279,   3.4
220, 130, 29.04061923, 93.71752914,   3.3
221, 130, 29.02895989, 93.70144861,   3.2
222, 130, 29.01713717, 93.68513801,   3.1
223, 130, 29.00514853, 93.66859410,   3.0
224, 130, 28.99299140, 93.65181361,   2.8
225, 130, 28.98066316, 93.63479320,   2.7
226, 130, 28.96816115, 93.61752951,   2.6
227, 130, 28.95548268, 93.60001911,   2.5
228, 130, 28.94262502, 93.58225856,   2.4
229, 130, 28.92958539, 93.56424433,   2.3
230, 130, 28.91636098, 93.54597287,   2.2
231, 130, 28.90294893, 93.52744058,   2.1
232, 130, 28.88934635, 93.50864381,   2.0
233, 130, 28.87555029, 93.48957885,   1.9
234, 130, 28.86155778, 93.47024194,   1.8
235, 130, 28.84736579, 93.45062930,   1.7
236, 130, 28.83297125, 93.43073705,   1.8
237, 130, 28.81837103, 93.41056131,   1.8
238, 130, 28.80356199, 93.39009811,   1.8
239, 130, 28.78854090, 93.36934343,   1.9
240, 130, 28.77330451, 93.34829323,   1.9
241, 130, 28.75784952, 93.32694337,   2.0
  1, 131, 30.22264693, 94.77400926,  99.9
  2, 131, 30.21566296, 94.77346474,  99.9
  3, 131, 30.20876547, 94.77290778,  99.9
  4, 131, 30.20195302, 94.77233827,  99.9
  5, 131, 30.19522420, 94.77175610,  99.9
  6, 131, 30.18857761, 94.77116114,  99.9
  7, 131, 30.18201185, 94.77055327,  99.9
  8, 131, 30.17552558, 94.76993236,  99.9
  9, 131, 30.16911743, 94.76929829,  99.9
 10, 131, 30.16278608, 94.76865093,  99.9
 11, 131, 30.15653021, 94.76799014,  99.9
 12, 131, 30.15034851, 94.76731579,  99.9
 13, 131, 30.14423970, 94.76662773,  99.9
 14, 131, 30.13820250, 94.76592583,  99.9
 15, 131, 30.13223567, 94.76520994,  99.9
 16, 131, 30.12633796, 94.76447990,  99.9
 17, 131, 30.12050814, 94.76373558,  99.9
 18, 131, 30.11474501, 94.76297682,  99.9
 19, 131, 30.10904735, 94.76220345,  99.9
 20, 131, 30.10341399, 94.76141533,  99.9
 21, 131, 30.09784375, 94.76061228,  99.9
 22, 131, 30.09233547, 94.75979415,  99.9
 23, 131, 30.08688801, 94.75896075,  99.9
 24, 131, 30.08150024, 94.75811192,  99.9
 25, 131, 30.07617102, 94.75724749,  99.9
 26, 131, 30.07089926, 94.75636727,  99.9
 27, 131, 30.06568386, 94.75547108,  99.9
 28, 131, 30.06052373, 94.75455874,  99.9
 29, 131, 30.05541779, 94.75363006,  99.9
 30, 131, 30.05036499, 94.75268485,  99.9
 31, 131, 30.04536427, 94.75172290,  99.9
 32, 131, 30.04041459, 94.75074403,  99.9
 33, 131, 30.03551492, 94.74974802,  99.9
 34, 131, 30.03066425, 94.74873467,  99.9
 35, 131, 30.02586155, 94.74770378,  99.9
 36, 131, 30.02110584, 94.74665513,  99.9
 37, 131, 30.01639612, 94.74558850,  99.9
 38, 131, 30.01173141, 94.74450366,  99.9
 39, 131, 30.00711075, 94.74340041,  99.9
 40, 131, 30.00253316, 94.74227850,  99.9
 41, 131, 29.99799770, 94.74113771,  99.9
 42, 131, 29.99350342, 94.73997779,  99.9
 43, 131, 29.98904938, 94.73879852,  99.9
 44, 131, 29.98463467, 94.73759964,  99.9
 45, 131, 29.98025835, 94.73638090,  99.9
 46, 131, 29.97591953, 94.73514206,  99.9
 47, 131, 29.97161728, 94.73388286,  99.9
 48, 131, 29.96735073, 94.73260303,  99.9
 49, 131, 29.96311898, 94.73130232,  99.9
 50, 131, 29.95892115, 94.72998045,  99.9
 51, 131, 29.95475637, 94.72863714,  99.9
 52, 131, 29.95062376, 94.72727213,  99.9
 53, 131, 29.94652247, 94.72588512,  99.9
 54, 131, 29.94245165, 94.72447583,  99.9
 55, 131, 29.93841044, 94.72304398,  99.9
 56, 131, 29.93439801, 94.72158925,  99.9
 57, 131, 29.93041351, 94.72011135,  99.9
 58, 131, 29.92645612, 94.71860998,  99.9
 59, 131, 29.92252502, 94.71708483,  99.9
 60, 131, 29.91861939, 94.71553557,  99.9
 61, 131, 29.91473841, 94.71396189,  99.9
 62, 131, 29.91088127, 94.71236346,  99.9
 63, 131, 29.90704717, 94.71073995,  99.9
 64, 131, 29.90323531, 94.70909102,  99.9
 65, 131, 29.89944490, 94.70741634,  99.9
 66, 131, 29.89567515, 94.70571556,  99.9
 67, 131, 29.89192527, 94.70398832,  99.9
 68, 131, 29.88819448, 94.70223427,  99.9
 69, 131, 29.88448201, 94.70045304,  99.9
 70, 131, 29.88078707, 94.69864427,  99.9
 71, 131, 29.87710891, 94.69680758,  99.9
 72, 131, 29.87344675, 94.69494259,  99.9
 73, 131, 29.86979983, 94.69304891,  99.9
 74, 131, 29.86616738, 94.69112616,  99.9
 75, 131, 29.86254867, 94.68917393,  99.9
 76, 131, 29.85894292, 94.68719183,  99.9
 77, 131, 29.85534938, 94.68517944,  99.9
 78, 131, 29.85176732, 94.68313634,  99.9
 79, 131, 29.84819597, 94.68106212,  99.9
 80, 131, 29.84463460, 94.67895634,  99.9
 81, 131, 29.84108247, 94.67681857,  99.9
 82, 131, 29.83753883, 94.67464837,  99.9
 83, 131, 29.83400294, 94.67244528,  99.9
 84, 131, 29.83047407, 94.67020886,   0.1
 85, 131, 29.82695148, 94.66793864,   0.1
 86, 131, 29.82343443, 94.66563414,  99.9
 87, 131, 29.81992220, 94.66329491,  99.9
 88, 131, 29.81641404, 94.66092044,   0.2
 89, 131, 29.81290924, 94.65851025,  99.9
 90, 131, 29.80940704, 94.65606385,  99.9
 91, 131, 29.80590674, 94.65358072,  99.9
 92, 131, 29.80240759, 94.65106036,  99.9
 93, 131, 29.79890886, 94.64850224,  99.9
 94, 131, 29.79540982, 94.64590583,  99.9
 95, 131, 29.79190976, 94.64327060,  99.9
 96, 131, 29.78840792, 94.64059601,  99.9
 97, 131, 29.78490358, 94.63788150,  99.9
 98, 131, 29.78139602, 94.63512651,  99.9
 99, 131, 29.77788449, 94.63233047,  99.9
100, 131, 29.77436827, 94.62949281,  99.9
101, 131, 29.77084662, 94.62661293,  99.9
102, 131, 29.76731880, 94.62369025,  99.9
103, 131, 29.76378408, 94.62072417,  99.9
104, 131, 29.76024171, 94.61771406,  99.9
105, 131, 29.75669097, 94.61465932,  99.9
106, 131, 29.75313110, 94.61155930,  99.9
107, 131, 29.74956137, 94.60841337,  99.9
108, 131, 29.74598102, 94.60522088,  99.9
109, 131, 29.74238931, 94.60198117,  99.9
110, 131, 29.73878548, 94.59869358,  99.9
111, 131, 29.73516879, 94.59535743,  99.9
112, 131, 29.73153848, 94.59197202,  99.9
113, 131, 29.72789379, 94.58853666,  99.9
114, 131, 29.72423395, 94.58505065,  99.9
115, 131, 29.72055820, 94.58151326,  99.9
116, 131, 29.71686577, 94.57792376,  99.9
117, 131, 29.71315589, 94.57428143,  99.9
118, 131, 29.70942778, 94.57058550,  99.9
119, 131, 29.70568066, 94.56683521,  99.9
120, 131, 29.70191375, 94.56302979,  99.9
121, 131, 29.69812626, 94.55916847,  99.9
122, 131, 29.69431739, 94.55525044,  99.9
123, 131, 29.69048635, 94.55127489,   7.0
124, 131, 29.68663234, 94.54724102,   7.1
125, 131, 29.68275454, 94.54314799,   7.1
126, 131, 29.67885215, 94.53899495,   7.0
127, 131, 29.67492434, 94.53478106,   7.0
128, 131, 29.67097030, 94.53050544,   6.9
129, 131, 29.66698920, 94.52616723,   6.8
130, 131, 29.66298019, 94.52176552,   6.8
131, 131, 29.65894245, 94.51729940,   6.8
132, 131, 29.65487512, 94.51276798,   6.7
133, 131, 29.65077734, 94.50817030,   6.7
134, 131, 29.64664827, 94.50350543,   6.7
135, 131, 29.64248704, 94.49877242,   6.7
136, 131, 29.63829276, 94.49397028,   6.8
137, 131, 29.63406456, 94.48909803,   6.9
138, 131, 29.62980156, 94.48415467,   7.0
139, 131, 29.62550285, 94.47913919,   7.0
140, 131, 29.62116754, 94.47405056,   7.0
141, 131, 29.61679472, 94.46888773,   7.1
142, 131, 29.61238345, 94.46364965,   7.1
143, 131, 29.60793283, 94.45833523,   7.1
144, 131, 29.60344191, 94.45294340,   7.2
145, 131, 29.59890975, 94.44747304,   7.2
146, 131, 29.59433539, 94.44192304,   7.3
147, 131, 29.58971788, 94.43629226,   7.3
148, 131, 29.58505624, 94.43057953,   7.3
149, 131, 29.58034949, 94.42478371,   7.3
150, 131, 29.57559665, 94.41890359,   7.2
151, 131, 29.57079671, 94.41293797,   7.2
152, 131, 29.56594865, 94.40688564,   7.1
153, 131, 29.56105147, 94.40074535,   7.0
154, 131, 29.55610413, 94.39451585,   6.8
155, 131, 29.55110558, 94.38819586,   8.6
156, 131, 29.54605477, 94.38178410,   8.6
157, 131, 29.54095065, 94.37527924,   8.5
158, 131, 29.53579213, 94.36867997,   8.4
159, 131, 29.53057812, 94.36198494,   8.3
160, 131, 29.52530753, 94.35519277,   8.2
161, 131, 29.51997924, 94.34830208,   8.1
162, 131, 29.51459214, 94.34131146,   7.9
163, 131, 29.50914507, 94.33421949,   7.8
164, 131, 29.50363690, 94.32702472,   7.7
165, 131, 29.49806646, 94.31972568,   7.6
166, 131, 29.49243258, 94.31232089,   7.5
167, 131, 29.48673405, 94.30480883,   7.3
168, 131, 29.48096969, 94.29718797,   7.2
169, 131, 29.47513827, 94.28945677,   7.1
170, 131, 29.46923856, 94.28161364,   7.0
171, 131, 29.46326930, 94.27365699,   6.9
172, 131, 29.45722925, 94.26558521,   6.7
173, 131, 29.45111712, 94.25739664,   6.6
174, 131, 29.44493161, 94.24908963,   6.5
175, 131, 29.43867142, 94.24066248,   6.4
176, 131, 29.43233523, 94.23211348,   6.2
177, 131, 29.42592168, 94.22344090,   6.1
178, 131, 29.41942942, 94.21464297,   6.0
179, 131, 29.41285708, 94.20571790,   5.9
180, 131, 29.40620326, 94.19666390,   5.8
181, 131, 29.39946656, 94.18747911,   5.7
182, 131, 29.39264553, 94.17816167,   5.7
183, 131, 29.38573874, 94.16870971,   5.6
184, 131, 29.37874472, 94.15912129,   5.6
185, 131, 29.37166198, 94.14939448,   5.5
186, 131, 29.36448902, 94.13952732,   5.5
187, 131, 29.35722432, 94.12951779,   5.4
188, 131, 29.34986633, 94.11936388,   5.4
189, 131, 29.34241348, 94.10906353,   5.4
190, 131, 29.33486420, 94.09861466,   5.3
191, 131, 29.32721688, 94.08801517,   5.3
192, 131, 29.31946989, 94.07726289,   5.3
193, 131, 29.31162158, 94.06635568,   5.2
194, 131, 29.30367028, 94.05529132,   5.2
195, 131, 29.29561430, 94.04406758,   5.1
196, 131, 29.28745191, 94.03268221,   5.1
197, 131, 29.27918139, 94.02113290,   5.0
198, 131, 29.27080096, 94.00941732,   5.0
199, 131, 29.26230885, 93.99753313,   4.9
200, 131, 29.25370323, 93.98547793,   4.9
201, 131, 29.24498227, 93.97324928,   4.8
202, 131, 29.23614411, 93.96084474,   4.8
203, 131, 29.22718686, 93.94826182,   4.7
204, 131, 29.21810860, 93.93549797,   4.6
205, 131, 29.20890740, 93.92255065,   4.5
206, 131, 29.19958129, 93.90941725,   4.5
207, 131, 29.19012828, 93.89609515,   4.4
208, 131, 29.18054633, 93.88258166,   4.3
209, 131, 29.17083340, 93.86887408,   4.2
210, 131, 29.16098741, 93.85496967,   4.2
211, 131, 29.15100624, 93.84086565,   4.1
212, 131, 29.14088777, 93.82655920,   4.0
213, 131, 29.13062981, 93.81204745,   3.9
214, 131, 29.12023017, 93.79732751,   3.8
215, 131, 29.10968662, 93.78239643,   3.8
216, 131, 29.09899689, 93.76725125,   3.7
217, 131, 29.08815868, 93.75188894,   3.6
218, 131, 29.07716967, 93.73630644,   3.5
219, 131, 29.06602749, 93.72050064,   3.4
220, 131, 29.05472975, 93.70446841,   3.3
221, 131, 29.04327402, 93.68820655,   3.2
222, 131, 29.03165782, 93.67171183,   3.1
223, 131, 29.01987867, 93.65498097,   3.0
224, 131, 29.00793401, 93.63801067,   2.9
225, 131, 28.99582127, 93.62079754,   2.8
226, 131, 28.98353785, 93.60333818,   2.7
227, 131, 28.97108108, 93.58562913,   2.6
228, 131, 28.95844829, 93.56766688,   2.5
229, 131, 28.94563674, 93.54944789,   2.3
230, 131, 28.93264366, 93.53096856,   2.2
231, 131, 28.91946625, 93.51222522,   2.1
232, 131, 28.90610165, 93.49321420,   2.0
233, 131, 28.89254697, 93.47393173,   1.9
234, 131, 28.87879928, 93.45437403,   1.8
235, 131, 28.86485560, 93.43453724,   1.7
236, 131, 28.85071290, 93.41441745,   1.8
237, 131, 28.83636812, 93.39401072,   1.8
238, 131, 28.82181814, 93.37331305,   1.8
239, 131, 28.80705981, 93.35232036,   1.9
240, 131, 28.79208992, 93.33102855,   1.9
241, 131, 28.77690521, 93.30943344,   2.0
  1, 132, 30.22307024, 94.76592386,  99.9
  2, 132, 30.21609779, 94.76548037,  99.9
  3, 132, 30.20921191, 94.76502276,  99.9
  4, 132, 30.20241116, 94.76455094,  99.9
  5, 132, 30.19569413, 94.76406481,  99.9
  6, 132, 30.18905943, 94.76356428,  99.9
  7, 132, 30.18250567, 94.76304924,  99.9
  8, 132, 30.17603150, 94.76251958,  99.9
  9, 132, 30.16963555, 94.76197520,  99.9
 10, 132, 30.16331651, 94.76141599,  99.9
 11, 132, 30.15707305, 94.76084182,  99.9
 12, 132, 30.15090389, 94.76025259,  99.9
 13, 132, 30.14480772, 94.75964817,  99.9
 14, 132, 30.13878330, 94.75902843,  99.9
 15, 132, 30.13282936, 94.75839325,  99.9
 16, 132, 30.12694466, 94.75774251,  99.9
 17, 132, 30.12112798, 94.75707605,  99.9
 18, 132, 30.11537811, 94.75639376,  99.9
 19, 132, 30.10969385, 94.75569548,  99.9
 20, 132, 30.10407402, 94.75498107,  99.9
 21, 132, 30.09851745, 94.75425039,  99.9
 22, 132, 30.09302299, 94.75350328,  99.9
 23, 132, 30.08758948, 94.75273960,  99.9
 24, 132, 30.08221581, 94.75195917,  99.9
 25, 132, 30.07690084, 94.75116185,  99.9
 26, 132, 30.07164348, 94.75034747,  99.9
 27, 132, 30.06644264, 94.74951585,  99.9
 28, 132, 30.06129722, 94.74866683,  99.9
 29, 132, 30.05620616, 94.74780023,  99.9
 30, 132, 30.05116840, 94.74691588,  99.9
 31, 132, 30.04618288, 94.74601359,  99.9
 32, 132, 30.04124858, 94.74509317,  99.9
 33, 132, 30.03636447, 94.74415443,  99.9
 34, 132, 30.03152952, 94.74319718,  99.9
 35, 132, 30.02674273, 94.74222123,  99.9
 36, 132, 30.02200311, 94.74122636,  99.9
 37, 132, 30.01730967, 94.74021238,  99.9
 38, 132, 30.01266143, 94.73917907,  99.9
 39, 132, 30.00805743, 94.73812622,  99.9
 40, 132, 30.00349670, 94.73705361,  99.9
 41, 132, 29.99897830, 94.73596103,  99.9
 42, 132, 29.99450128, 94.73484824,  99.9
 43, 132, 29.99006472, 94.73371501,  99.9
 44, 132, 29.98566769, 94.73256112,  99.9
 45, 132, 29.98130927, 94.73138631,  99.9
 46, 132, 29.97698856, 94.73019035,  99.9
 47, 132, 29.97270466, 94.72897300,  99.9
 48, 132, 29.96845667, 94.72773399,  99.9
 49, 132, 29.96424372, 94.72647308,  99.9
 50, 132, 29.96006492, 94.72518999,  99.9
 51, 132, 29.95591940, 94.72388448,  99.9
 52, 132, 29.95180630, 94.72255626,  99.9
 53, 132, 29.94772477, 94.72120506,  99.9
 54, 132, 29.94367395, 94.71983060,  99.9
 55, 132, 29.93965300, 94.71843259,  99.9
 56, 132, 29.93566109, 94.71701076,  99.9
 57, 132, 29.93169738, 94.71556480,  99.9
 58, 132, 29.92776104, 94.71409441,  99.9
 59, 132, 29.92385126, 94.71259929,  99.9
 60, 132, 29.91996722, 94.71107913,  99.9
 61, 132, 29.91610811, 94.70953362,  99.9
 62, 132, 29.91227314, 94.70796244,  99.9
 63, 132, 29.90846149, 94.70636525,  99.9
 64, 132, 29.90467238, 94.70474174,  99.9
 65, 132, 29.90090501, 94.70309155,  99.9
 66, 132, 29.89715861, 94.70141437,  99.9
 67, 132, 29.89343238, 94.69970982,  99.9
 68, 132, 29.88972556, 94.69797758,  99.9
 69, 132, 29.88603738, 94.69621726,  99.9
 70, 132, 29.88236705, 94.69442852,  99.9
 71, 132, 29.87871383, 94.69261097,  99.9
 72, 132, 29.87507694, 94.69076425,  99.9
 73, 132, 29.87145563, 94.68888798,  99.9
 74, 132, 29.86784914, 94.68698176,  99.9
 75, 132, 29.86425673, 94.68504519,  99.9
 76, 132, 29.86067764, 94.68307789,  99.9
 77, 132, 29.85711113, 94.68107944,  99.9
 78, 132, 29.85355645, 94.67904943,  99.9
 79, 132, 29.85001287, 94.67698744,  99.9
 80, 132, 29.84647963, 94.67489304,  99.9
 81, 132, 29.84295602, 94.67276581,  99.9
 82, 132, 29.83944129, 94.67060529,  99.9
 83, 132, 29.83593470, 94.66841105,  99.9
 84, 132, 29.83243554, 94.66618262,   0.1
 85, 132, 29.82894306, 94.66391956,  99.9
 86, 132, 29.82545654, 94.66162139,  99.9
 87, 132, 29.82197525, 94.65928763,  99.9
 88, 132, 29.81849847, 94.65691781,  99.9
 89, 132, 29.81502547, 94.65451143,  99.9
 90, 132, 29.81155552, 94.65206800,  99.9
 91, 132, 29.80808791, 94.64958702,  99.9
 92, 132, 29.80462190, 94.64706796,  99.9
 93, 132, 29.80115678, 94.64451031,  99.9
 94, 132, 29.79769181, 94.64191355,  99.9
 95, 132, 29.79422629, 94.63927713,  99.9
 96, 132, 29.79075948, 94.63660051,  99.9
 97, 132, 29.78729066, 94.63388313,  99.9
 98, 132, 29.78381910, 94.63112445,  99.9
 99, 132, 29.78034409, 94.62832388,  99.9
100, 132, 29.77686489, 94.62548085,  99.9
101, 132, 29.77338077, 94.62259477,  99.9
102, 132, 29.76989102, 94.61966505,  99.9
103, 132, 29.76639490, 94.61669108,  99.9
104, 132, 29.76289168, 94.61367225,  99.9
105, 132, 29.75938063, 94.61060794,  99.9
106, 132, 29.75586101, 94.60749750,  99.9
107, 132, 29.75233209, 94.60434031,  99.9
108, 132, 29.74879313, 94.60113571,  99.9
109, 132, 29.74524339, 94.59788304,  99.9
110, 132, 29.74168213, 94.59458163,  99.9
111, 132, 29.73810861, 94.59123079,  99.9
112, 132, 29.73452207, 94.58782984,  99.9
113, 132, 29.73092177, 94.58437808,  99.9
114, 132, 29.72730695, 94.58087479,  99.9
115, 132, 29.72367686, 94.57731926,  99.9
116, 132, 29.72003074, 94.57371074,  99.9
117, 132, 29.71636782, 94.57004850,  99.9
118, 132, 29.71268733, 94.56633179,  99.9
119, 132, 29.70898852, 94.56255983,  99.9
120, 132, 29.70527059, 94.55873185,  99.9
121, 132, 29.70153278, 94.55484706,  99.9
122, 132, 29.69777431, 94.55090467,  99.9
123, 132, 29.69399437, 94.54690385,   7.0
124, 132, 29.69019219, 94.54284379,   7.0
125, 132, 29.68636696, 94.53872366,   7.0
126, 132, 29.68251788, 94.53454259,   7.0
127, 132, 29.67864415, 94.53029974,   6.9
128, 132, 29.67474496, 94.52599423,   6.7
129, 132, 29.67081948, 94.52162518,   6.6
130, 132, 29.66686690, 94.51719168,   6.6
131, 132, 29.66288638, 94.51269283,   6.5
132, 132, 29.65887709, 94.50812771,   6.5
133, 132, 29.65483819, 94.50349536,   6.5
134, 132, 29.65076883, 94.49879484,   6.5
135, 132, 29.64666815, 94.49402519,   6.6
136, 132, 29.64253530, 94.48918543,   6.8
137, 132, 29.63836941, 94.48427456,   6.9
138, 132, 29.63416960, 94.47929157,   7.0
139, 132, 29.62993500, 94.47423544,   7.0
140, 132, 29.62566470, 94.46910513,   7.1
141, 132, 29.62135782, 94.46389960,   7.1
142, 132, 29.61701344, 94.45861776,   7.1
143, 132, 29.61263067, 94.45325855,   7.2
144, 132, 29.60820856, 94.44782085,   7.2
145, 132, 29.60374620, 94.44230356,   7.3
146, 132, 29.59924265, 94.43670555,   7.3
147, 132, 29.59469695, 94.43102566,   7.3
148, 132, 29.59010816, 94.42526273,   7.3
149, 132, 29.58547530, 94.41941558,   7.3
150, 132, 29.58079740, 94.41348302,   7.2
151, 132, 29.57607348, 94.40746383,   7.2
152, 132, 29.57130254, 94.40135678,   7.1
153, 132, 29.56648357, 94.39516062,  99.9
154, 132, 29.56161557, 94.38887407,  99.9
155, 132, 29.55669750, 94.38249586,   8.7
156, 132, 29.55172832, 94.37602468,   8.6
157, 132, 29.54670700, 94.36945920,   8.6
158, 132, 29.54163246, 94.36279809,   8.5
159, 132, 29.53650365, 94.35603998,   8.4
160, 132, 29.53131948, 94.34918350,   8.2
161, 132, 29.52607885, 94.34222723,   8.1
162, 132, 29.52078066, 94.33516977,   8.0
163, 132, 29.51542378, 94.32800967,   7.9
164, 132, 29.51000710, 94.32074547,   7.8
165, 132, 29.50452946, 94.31337568,   7.7
166, 132, 29.49898970, 94.30589881,   7.5
167, 132, 29.49338666, 94.29831333,   7.4
168, 132, 29.48771915, 94.29061769,   7.3
169, 132, 29.48198597, 94.28281033,   7.2
170, 132, 29.47618591, 94.27488966,   7.1
171, 132, 29.47031774, 94.26685405,   6.9
172, 132, 29.46438022, 94.25870188,   6.8
173, 132, 29.45837210, 94.25043149,   6.7
174, 132, 29.45229209, 94.24204119,   6.6
175, 132, 29.44613892, 94.23352927,   6.4
176, 132, 29.43991128, 94.22489402,   6.3
177, 132, 29.43360784, 94.21613366,   6.2
178, 132, 29.42722728, 94.20724643,   6.1
179, 132, 29.42076823, 94.19823051,   5.9
180, 132, 29.41422934, 94.18908407,   5.8
181, 132, 29.40760920, 94.17980527,   5.8
182, 132, 29.40090643, 94.17039221,   5.7
183, 132, 29.39411958, 94.16084299,   5.7
184, 132, 29.38724722, 94.15115567,   5.6
185, 132, 29.38028790, 94.14132828,   5.6
186, 132, 29.37324013, 94.13135884,   5.5
187, 132, 29.36610241, 94.12124533,   5.5
188, 132, 29.35887322, 94.11098570,   5.4
189, 132, 29.35155103, 94.10057787,   5.4
190, 132, 29.34413428, 94.09001974,   5.4
191, 132, 29.33662139, 94.07930918,   5.3
192, 132, 29.32901076, 94.06844401,   5.3
193, 132, 29.32130077, 94.05742205,   5.3
194, 132, 29.31348977, 94.04624107,   5.2
195, 132, 29.30557610, 94.03489881,   5.2
196, 132, 29.29755807, 94.02339298,   5.1
197, 132, 29.28943398, 94.01172127,   5.1
198, 132, 29.28120208, 93.99988131,   5.0
199, 132, 29.27286062, 93.98787073,   5.0
200, 132, 29.26440782, 93.97568711,   4.9
201, 132, 29.25584187, 93.96332799,   4.9
202, 132, 29.24716094, 93.95079089,   4.8
203, 132, 29.23836317, 93.93807329,   4.8
204, 132, 29.22944669, 93.92517263,   4.7
205, 132, 29.22040958, 93.91208632,   4.6
206, 132, 29.21124991, 93.89881172,   4.5
207, 132, 29.20196572, 93.88534619,   4.4
208, 132, 29.19255502, 93.87168702,   4.4
209, 132, 29.18301579, 93.85783146,   4.3
210, 132, 29.17334598, 93.84377675,   4.2
211, 132, 29.16354353, 93.82952007,   4.1
212, 132, 29.15360632, 93.81505856,   4.1
213, 132, 29.14353223, 93.80038934,   4.0
214, 132, 29.13331908, 93.78550947,   3.9
215, 132, 29.12296469, 93.77041598,   3.8
216, 132, 29.11246683, 93.75510586,   3.7
217, 132, 29.10182324, 93.73957604,   3.6
218, 132, 29.09103163, 93.72382344,   3.5
219, 132, 29.08008967, 93.70784492,   3.4
220, 132, 29.06899502, 93.69163729,   3.4
221, 132, 29.05774527, 93.67519733,   3.3
222, 132, 29.04633801, 93.65852177,   3.2
223, 132, 29.03477077, 93.64160729,   3.0
224, 132, 29.02304106, 93.62445053,   2.9
225, 132, 29.01114634, 93.60704810,   2.8
226, 132, 28.99908404, 93.58939653,   2.7
227, 132, 28.98685157, 93.57149232,   2.6
228, 132, 28.97444626, 93.55333194,   2.5
229, 132, 28.96186545, 93.53491179,   2.4
230, 132, 28.94910640, 93.51622822,   2.3
231, 132, 28.93616635, 93.49727755,   2.2
232, 132, 28.92304250, 93.47805602,   2.1
233, 132, 28.90973201, 93.45855985,   2.0
234, 132, 28.89623198, 93.43878520,   1.9
235, 132, 28.88253949, 93.41872816,   1.8
236, 132, 28.86865156, 93.39838478,   1.8
237, 132, 28.85456518, 93.37775108,   1.8
238, 132, 28.84027728, 93.35682299,   1.8
239, 132, 28.82578476, 93.33559640,   1.9
240, 132, 28.81108447, 93.31406715,   1.9
241, 132, 28.79617319, 93.29223102,   2.0
  1, 133, 30.22340503, 94.75785248,  99.9
  2, 133, 30.21644556, 94.75751011,  99.9
  3, 133, 30.20957273, 94.75715195,  99.9
  4, 133, 30.20278511, 94.75677791,  99.9
  5, 133, 30.19608128, 94.75638793,  99.9
  6, 133, 30.18945987, 94.75598193,  99.9
  7, 133, 30.18291948, 94.75555982,  99.9
  8, 133, 30.17645875, 94.75512152,  99.9
  9, 133, 30.17007635, 94.75466694,  99.9
 10, 133, 30.16377094, 94.75419599,  99.9
 11, 133, 30.15754122, 94.75370857,  99.9
 12, 133, 30.15138588, 94.75320457,  99.9
 13, 133, 30.14530364, 94.75268391,  99.9
 14, 133, 30.13929324, 94.75214647,  99.9
 15, 133, 30.13335344, 94.75159214,  99.9
 16, 133, 30.12748298, 94.75102081,  99.9
 17, 133, 30.12168066, 94.75043236,  99.9
 18, 133, 30.11594526, 94.74982668,  99.9
 19, 133, 30.11027559, 94.74920363,  99.9
 20, 133, 30.10467047, 94.74856309,  99.9
 21, 133, 30.09912874, 94.74790492,  99.9
 22, 133, 30.09364923, 94.74722900,  99.9
 23, 133, 30.08823082, 94.74653518,  99.9
 24, 133, 30.08287237, 94.74582332,  99.9
 25, 133, 30.07757277, 94.74509327,  99.9
 26, 133, 30.07233091, 94.74434489,  99.9
 27, 133, 30.06714571, 94.74357802,  99.9
 28, 133, 30.06201608, 94.74279249,  99.9
 29, 133, 30.05694096, 94.74198816,  99.9
 30, 133, 30.05191929, 94.74116485,  99.9
 31, 133, 30.04695003, 94.74032240,  99.9
 32, 133, 30.04203214, 94.73946062,  99.9
 33, 133, 30.03716459, 94.73857935,  99.9
 34, 133, 30.03234639, 94.73767840,  99.9
 35, 133, 30.02757651, 94.73675758,  99.9
 36, 133, 30.02285397, 94.73581670,  99.9
 37, 133, 30.01817779, 94.73485558,  99.9
 38, 133, 30.01354699, 94.73387401,  99.9
 39, 133, 30.00896061, 94.73287179,  99.9
 40, 133, 30.00441770, 94.73184870,  99.9
 41, 133, 29.99991730, 94.73080455,  99.9
 42, 133, 29.99545848, 94.72973912,  99.9
 43, 133, 29.99104032, 94.72865217,  99.9
 44, 133, 29.98666189, 94.72754350,  99.9
 45, 133, 29.98232228, 94.72641287,  99.9
 46, 133, 29.97802059, 94.72526004,  99.9
 47, 133, 29.97375592, 94.72408479,  99.9
 48, 133, 29.96952739, 94.72288686,  99.9
 49, 133, 29.96533411, 94.72166600,  99.9
 50, 133, 29.96117521, 94.72042198,  99.9
 51, 133, 29.95704983, 94.71915452,  99.9
 52, 133, 29.95295710, 94.71786336,  99.9
 53, 133, 29.94889617, 94.71654825,  99.9
 54, 133, 29.94486621, 94.71520890,  99.9
 55, 133, 29.94086636, 94.71384504,  99.9
 56, 133, 29.93689580, 94.71245639,  99.9
 57, 133, 29.93295369, 94.71104267,  99.9
 58, 133, 29.92903923, 94.70960357,  99.9
 59, 133, 29.92515158, 94.70813880,  99.9
 60, 133, 29.92128995, 94.70664805,  99.9
 61, 133, 29.91745352, 94.70513103,  99.9
 62, 133, 29.91364151, 94.70358741,  99.9
 63, 133, 29.90985311, 94.70201688,  99.9
 64, 133, 29.90608753, 94.70041911,  99.9
 65, 133, 29.90234399, 94.69879377,  99.9
 66, 133, 29.89862172, 94.69714053,  99.9
 67, 133, 29.89491993, 94.69545903,  99.9
 68, 133, 29.89123785, 94.69374895,  99.9
 69, 133, 29.88757472, 94.69200991,  99.9
 70, 133, 29.88392977, 94.69024157,  99.9
 71, 133, 29.88030225, 94.68844355,  99.9
 72, 133, 29.87669139, 94.68661548,  99.9
 73, 133, 29.87309645, 94.68475699,  99.9
 74, 133, 29.86951667, 94.68286769,  99.9
 75, 133, 29.86595131, 94.68094719,  99.9
 76, 133, 29.86239963, 94.67899510,  99.9
 77, 133, 29.85886088, 94.67701100,  99.9
 78, 133, 29.85533433, 94.67499450,  99.9
 79, 133, 29.85181924, 94.67294517,  99.9
 80, 133, 29.84831489, 94.67086258,  99.9
 81, 133, 29.84482052, 94.66874632,  99.9
 82, 133, 29.84133543, 94.66659593,  99.9
 83, 133, 29.83785889, 94.66441099,  99.9
 84, 133, 29.83439015, 94.66219102,   0.1
 85, 133, 29.83092852, 94.65993559,  99.9
 86, 133, 29.82747325, 94.65764421,  99.9
 87, 133, 29.82402364, 94.65531642,  99.9
 88, 133, 29.82057895, 94.65295173,  99.9
 89, 133, 29.81713848, 94.65054966,  99.9
 90, 133, 29.81370150, 94.64810971,  99.9
 91, 133, 29.81026730, 94.64563138,  99.9
 92, 133, 29.80683516, 94.64311415,  99.9
 93, 133, 29.80340436, 94.64055751,  99.9
 94, 133, 29.79997419, 94.63796092,  99.9
 95, 133, 29.79654393, 94.63532385,  99.9
 96, 133, 29.79311287, 94.63264575,  99.9
 97, 133, 29.78968029, 94.62992608,  99.9
 98, 133, 29.78624546, 94.62716427,  99.9
 99, 133, 29.78280768, 94.62435975,  99.9
100, 133, 29.77936623, 94.62151194,  99.9
101, 133, 29.77592038, 94.61862025,  99.9
102, 133, 29.77246942, 94.61568409,  99.9
103, 133, 29.76901263, 94.61270286,  99.9
104, 133, 29.76554928, 94.60967592,  99.9
105, 133, 29.76207865, 94.60660267,  99.9
106, 133, 29.75860001, 94.60348246,  99.9
107, 133, 29.75511264, 94.60031466,  99.9
108, 133, 29.75161581, 94.59709861,  99.9
109, 133, 29.74810879, 94.59383364,  99.9
110, 133, 29.74459083, 94.59051909,  99.9
111, 133, 29.74106122, 94.58715427,  99.9
112, 133, 29.73751920, 94.58373848,  99.9
113, 133, 29.73396404, 94.58027102,  99.9
114, 133, 29.73039500, 94.57675118,  99.9
115, 133, 29.72681132, 94.57317824,  99.9
116, 133, 29.72321226, 94.56955144,  99.9
117, 133, 29.71959707, 94.56587006,  99.9
118, 133, 29.71596498, 94.56213332,  99.9
119, 133, 29.71231523, 94.55834047,  99.9
120, 133, 29.70864707, 94.55449071,  99.9
121, 133, 29.70495972, 94.55058326,  99.9
122, 133, 29.70125241, 94.54661731,  99.9
123, 133, 29.69752437, 94.54259205,  99.9
124, 133, 29.69377481, 94.53850664,  99.9
125, 133, 29.69000294, 94.53436025,  99.9
126, 133, 29.68620799, 94.53015202,  99.9
127, 133, 29.68238914, 94.52588108,   6.7
128, 133, 29.67854560, 94.52154657,   6.6
129, 133, 29.67467657, 94.51714758,   6.5
130, 133, 29.67078123, 94.51268321,   6.4
131, 133, 29.66685876, 94.50815254,   6.4
132, 133, 29.66290835, 94.50355465,   6.4
133, 133, 29.65892915, 94.49888858,   6.4
134, 133, 29.65492035, 94.49415338,   6.4
135, 133, 29.65088109, 94.48934808,   6.6
136, 133, 29.64681053, 94.48447169,   6.8
137, 133, 29.64270781, 94.47952320,   7.0
138, 133, 29.63857207, 94.47450160,   7.0
139, 133, 29.63440244, 94.46940586,   7.0
140, 133, 29.63019805, 94.46423493,   7.0
141, 133, 29.62595801, 94.45898776,   7.1
142, 133, 29.62168143, 94.45366326,   7.2
143, 133, 29.61736741, 94.44826034,   7.2
144, 133, 29.61301504, 94.44277790,   7.2
145, 133, 29.60862342, 94.43721481,   7.3
146, 133, 29.60419160, 94.43156992,   7.3
147, 133, 29.59971867, 94.42584209,   7.3
148, 133, 29.59520367, 94.42003014,   7.3
149, 133, 29.59064567, 94.41413287,   7.3
150, 133, 29.58604369, 94.40814909,   7.3
151, 133, 29.58139677, 94.40207756,   7.3
152, 133, 29.57670393, 94.39591703,   7.3
153, 133, 29.57196418, 94.38966626,  99.9
154, 133, 29.56717653, 94.38332396,  99.9
155, 133, 29.56233995, 94.37688882,   8.6
156, 133, 29.55745344, 94.37035955,   8.6
157, 133, 29.55251597, 94.36373479,   8.6
158, 133, 29.54752648, 94.35701320,   8.5
159, 133, 29.54248392, 94.35019340,   8.4
160, 133, 29.53738724, 94.34327400,   8.3
161, 133, 29.53223536, 94.33625358,   8.2
162, 133, 29.52702718, 94.32913072,   8.1
163, 133, 29.52176162, 94.32190395,   8.0
164, 133, 29.51643754, 94.31457179,   7.8
165, 133, 29.51105384, 94.30713277,   7.7
166, 133, 29.50560936, 94.29958535,   7.6
167, 133, 29.50010297, 94.29192799,   7.5
168, 133, 29.49453349, 94.28415914,   7.4
169, 133, 29.48889974, 94.27627721,   7.2
170, 133, 29.48320054, 94.26828060,   7.1
171, 133, 29.47743468, 94.26016767,   7.0
172, 133, 29.47160093, 94.25193677,   6.9
173, 133, 29.46569806, 94.24358624,   6.8
174, 133, 29.45972482, 94.23511436,   6.6
175, 133, 29.45367995, 94.22651941,   6.5
176, 133, 29.44756215, 94.21779965,   6.4
177, 133, 29.44137014, 94.20895330,   6.3
178, 133, 29.43510259, 94.19997856,   6.1
179, 133, 29.42875819, 94.19087362,   6.0
180, 133, 29.42233557, 94.18163662,   5.9
181, 133, 29.41583339, 94.17226568,   5.8
182, 133, 29.40925025, 94.16275890,   5.7
183, 133, 29.40258476, 94.15311436,   5.7
184, 133, 29.39583550, 94.14333010,   5.6
185, 133, 29.38900103, 94.13340413,   5.6
186, 133, 29.38207991, 94.12333444,   5.6
187, 133, 29.37507065, 94.11311899,   5.5
188, 133, 29.36797178, 94.10275571,   5.5
189, 133, 29.36078176, 94.09224251,   5.4
190, 133, 29.35349908, 94.08157726,   5.4
191, 133, 29.34612218, 94.07075779,   5.4
192, 133, 29.33864949, 94.05978192,   5.3
193, 133, 29.33107942, 94.04864744,   5.3
194, 133, 29.32341035, 94.03735209,   5.3
195, 133, 29.31564064, 94.02589359,   5.2
196, 133, 29.30776863, 94.01426964,   5.2
197, 133, 29.29979265, 94.00247787,   5.1
198, 133, 29.29171099, 93.99051592,   5.1
199, 133, 29.28352192, 93.97838137,   5.0
200, 133, 29.27522369, 93.96607179,   5.0
201, 133, 29.26681453, 93.95358468,   4.9
202, 133, 29.25829263, 93.94091754,   4.9
203, 133, 29.24965618, 93.92806782,   4.8
204, 133, 29.24090332, 93.91503293,   4.7
205, 133, 29.23203218, 93.90181025,   4.6
206, 133, 29.22304086, 93.88839713,   4.6
207, 133, 29.21392742, 93.87479087,   4.5
208, 133, 29.20468992, 93.86098875,   4.4
209, 133, 29.19532636, 93.84698799,   4.3
210, 133, 29.18583475, 93.83278579,   4.3
211, 133, 29.17621304, 93.81837930,   4.2
212, 133, 29.16645916, 93.80376563,   4.1
213, 133, 29.15657102, 93.78894187,   4.0
214, 133, 29.14654649, 93.77390505,   3.9
215, 133, 29.13638342, 93.75865215,   3.9
216, 133, 29.12607960, 93.74318014,   3.8
217, 133, 29.11563284, 93.72748593,   3.7
218, 133, 29.10504086, 93.71156637,   3.6
219, 133, 29.09430140, 93.69541830,   3.5
220, 133, 29.08341213, 93.67903851,   3.4
221, 133, 29.07237071, 93.66242371,   3.3
222, 133, 29.06117474, 93.64557062,   3.2
223, 133, 29.04982182, 93.62847587,   3.1
224, 133, 29.03830949, 93.61113608,   3.0
225, 133, 29.02663525, 93.59354778,   2.9
226, 133, 29.01479659, 93.57570750,   2.8
227, 133, 29.00279093, 93.55761169,   2.7
228, 133, 28.99061569, 93.53925677,   2.5
229, 133, 28.97826822, 93.52063910,   2.4
230, 133, 28.96574584, 93.50175499,   2.3
231, 133, 28.95304584, 93.48260071,   2.2
232, 133, 28.94016546, 93.46317248,   2.1
233, 133, 28.92710191, 93.44346645,   2.0
234, 133, 28.91385235, 93.42347874,   1.9
235, 133, 28.90041389, 93.40320540,   1.8
236, 133, 28.88678361, 93.38264244,   1.8
237, 133, 28.87295855, 93.36178582,   1.8
238, 133, 28.85893569, 93.34063142,   1.9
239, 133, 28.84471198, 93.31917510,   1.9
240, 133, 28.83028432, 93.29741263,   1.9
241, 133, 28.81564957, 93.27533975,   2.0
  1, 134, 30.22365123, 94.74979683,  99.9
  2, 134, 30.21670619, 94.74955565,  99.9
  3, 134, 30.20984786, 94.74929700,  99.9
  4, 134, 30.20307479, 94.74902083,  99.9
  5, 134, 30.19638558, 94.74872708,  99.9
  6, 134, 30.18977883, 94.74841569,  99.9
  7, 134, 30.18325318, 94.74808660,  99.9
  8, 134, 30.17680727, 94.74773974,  99.9
  9, 134, 30.17043975, 94.74737505,  99.9
 10, 134, 30.16414930, 94.74699246,  99.9
 11, 134, 30.15793460, 94.74659188,  99.9
 12, 134, 30.15179438, 94.74617323,  99.9
 13, 134, 30.14572734, 94.74573643,  99.9
 14, 134, 30.13973224, 94.74528140,  99.9
 15, 134, 30.13380781, 94.74480803,  99.9
 16, 134, 30.12795283, 94.74431624,  99.9
 17, 134, 30.12216608, 94.74380591,  99.9
 18, 134, 30.11644635, 94.74327696,  99.9
 19, 134, 30.11079246, 94.74272927,  99.9
 20, 134, 30.10520322, 94.74216272,  99.9
 21, 134, 30.09967748, 94.74157721,  99.9
 22, 134, 30.09421409, 94.74097261,  99.9
 23, 134, 30.08881190, 94.74034880,  99.9
 24, 134, 30.08346980, 94.73970565,  99.9
 25, 134, 30.07818666, 94.73904303,  99.9
 26, 134, 30.07296141, 94.73836081,  99.9
 27, 134, 30.06779293, 94.73765883,  99.9
 28, 134, 30.06268017, 94.73693697,  99.9
 29, 134, 30.05762205, 94.73619507,  99.9
 30, 134, 30.05261753, 94.73543297,  99.9
 31, 134, 30.04766555, 94.73465053,  99.9
 32, 134, 30.04276510, 94.73384758,  99.9
 33, 134, 30.03791515, 94.73302395,  99.9
 34, 134, 30.03311468, 94.73217948,  99.9
 35, 134, 30.02836271, 94.73131399,  99.9
 36, 134, 30.02365824, 94.73042730,  99.9
 37, 134, 30.01900030, 94.72951923,  99.9
 38, 134, 30.01438791, 94.72858960,  99.9
 39, 134, 30.00982011, 94.72763821,  99.9
 40, 134, 30.00529596, 94.72666486,  99.9
 41, 134, 30.00081451, 94.72566936,  99.9
 42, 134, 29.99637482, 94.72465150,  99.9
 43, 134, 29.99197598, 94.72361106,  99.9
 44, 134, 29.98761706, 94.72254784,  99.9
 45, 134, 29.98329717, 94.72146162,  99.9
 46, 134, 29.97901540, 94.72035216,  99.9
 47, 134, 29.97477086, 94.71921925,  99.9
 48, 134, 29.97056266, 94.71806264,  99.9
 49, 134, 29.96638993, 94.71688210,  99.9
 50, 134, 29.96225180, 94.71567739,  99.9
 51, 134, 29.95814741, 94.71444825,  99.9
 52, 134, 29.95407591, 94.71319443,  99.9
 53, 134, 29.95003644, 94.71191567,  99.9
 54, 134, 29.94602817, 94.71061172,  99.9
 55, 134, 29.94205025, 94.70928229,  99.9
 56, 134, 29.93810187, 94.70792711,  99.9
 57, 134, 29.93418220, 94.70654591,  99.9
 58, 134, 29.93029042, 94.70513839,  99.9
 59, 134, 29.92642572, 94.70370427,  99.9
 60, 134, 29.92258730, 94.70224325,  99.9
 61, 134, 29.91877436, 94.70075503,  99.9
 62, 134, 29.91498610, 94.69923930,  99.9
 63, 134, 29.91122174, 94.69769575,  99.9
 64, 134, 29.90748048, 94.69612406,  99.9
 65, 134, 29.90376155, 94.69452389,  99.9
 66, 134, 29.90006418, 94.69289493,  99.9
 67, 134, 29.89638760, 94.69123684,  99.9
 68, 134, 29.89273103, 94.68954927,  99.9
 69, 134, 29.88909372, 94.68783187,  99.9
 70, 134, 29.88547491, 94.68608429,  99.9
 71, 134, 29.88187384, 94.68430616,  99.9
 72, 134, 29.87828977, 94.68249713,  99.9
 73, 134, 29.87472195, 94.68065681,  99.9
 74, 134, 29.87116962, 94.67878483,  99.9
 75, 134, 29.86763206, 94.67688079,  99.9
 76, 134, 29.86410853, 94.67494431,  99.9
 77, 134, 29.86059828, 94.67297498,  99.9
 78, 134, 29.85710060, 94.67097239,  99.9
 79, 134, 29.85361474, 94.66893614,  99.9
 80, 134, 29.85013998, 94.66686580,   0.0
 81, 134, 29.84667560, 94.66476095,  99.9
 82, 134, 29.84322088, 94.66262114,  99.9
 83, 134, 29.83977509, 94.66044594,  99.9
 84, 134, 29.83633752, 94.65823490,   0.0
 85, 134, 29.83290744, 94.65598755,  99.9
 86, 134, 29.82948415, 94.65370345,  99.9
 87, 134, 29.82606693, 94.65138210,  99.9
 88, 134, 29.82265506, 94.64902304,  99.9
 89, 134, 29.81924783, 94.64662577,  99.9
 90, 134, 29.81584454, 94.64418981,  99.9
 91, 134, 29.81244447, 94.64171464,  99.9
 92, 134, 29.80904691, 94.63919976,  99.9
 93, 134, 29.80565115, 94.63664464,  99.9
 94, 134, 29.80225649, 94.63404877,  99.9
 95, 134, 29.79886221, 94.63141159,  99.9
 96, 134, 29.79546761, 94.62873258,  99.9
 97, 134, 29.79207198, 94.62601117,  99.9
 98, 134, 29.78867460, 94.62324680,  99.9
 99, 134, 29.78527477, 94.62043891,  99.9
100, 134, 29.78187178, 94.61758691,  99.9
101, 134, 29.77846492, 94.61469021,  99.9
102, 134, 29.77505347, 94.61174822,  99.9
103, 134, 29.77163672, 94.60876032,  99.9
104, 134, 29.76821397, 94.60572591,  99.9
105, 134, 29.76478448, 94.60264436,  99.9
106, 134, 29.76134755, 94.59951502,  99.9
107, 134, 29.75790246, 94.59633726,  99.9
108, 134, 29.75444848, 94.59311042,  99.9
109, 134, 29.75098490, 94.58983383,  99.9
110, 134, 29.74751099, 94.58650682,  99.9
111, 134, 29.74402602, 94.58312870,  99.9
112, 134, 29.74052926, 94.57969878,  99.9
113, 134, 29.73701998, 94.57621635,  99.9
114, 134, 29.73349746, 94.57268068,  99.9
115, 134, 29.72996094, 94.56909106,  99.9
116, 134, 29.72640969, 94.56544673,  99.9
117, 134, 29.72284297, 94.56174696,  99.9
118, 134, 29.71926003, 94.55799098,  99.9
119, 134, 29.71566012, 94.55417801,  99.9
120, 134, 29.71204248, 94.55030727,  99.9
121, 134, 29.70840636, 94.54637796,  99.9
122, 134, 29.70475100, 94.54238927,  99.9
123, 134, 29.70107562, 94.53834039,  99.9
124, 134, 29.69737946, 94.53423047,  99.9
125, 134, 29.69366175, 94.53005867,  99.9
126, 134, 29.68992170, 94.52582414,  99.9
127, 134, 29.68615853, 94.52152600,   6.6
128, 134, 29.68237145, 94.51716337,   6.1
129, 134, 29.67855966, 94.51273535,   6.4
130, 134, 29.67472237, 94.50824102,   6.0
131, 134, 29.67085878, 94.50367947,   6.3
132, 134, 29.66696806, 94.49904976,   6.3
133, 134, 29.66304941, 94.49435093,   6.4
134, 134, 29.65910199, 94.48958203,   6.8
135, 134, 29.65512499, 94.48474206,   6.8
136, 134, 29.65111756, 94.47983004,   6.9
137, 134, 29.64707887, 94.47484495,   7.0
138, 134, 29.64300806, 94.46978577,   7.0
139, 134, 29.63890428, 94.46465147,   7.0
140, 134, 29.63476666, 94.45944098,   7.1
141, 134, 29.63059435, 94.45415325,   7.2
142, 134, 29.62638645, 94.44878717,   7.2
143, 134, 29.62214209, 94.44334166,   7.2
144, 134, 29.61786036, 94.43781560,   7.2
145, 134, 29.61354038, 94.43220784,   7.3
146, 134, 29.60918122, 94.42651725,   7.3
147, 134, 29.60478198, 94.42074265,   7.3
148, 134, 29.60034172, 94.41488286,   7.4
149, 134, 29.59585952, 94.40893668,   7.4
150, 134, 29.59133442, 94.40290290,   7.4
151, 134, 29.58676547, 94.39678026,   7.4
152, 134, 29.58215171, 94.39056753,   7.5
153, 134, 29.57749217, 94.38426343,   7.8
154, 134, 29.57278586, 94.37786667,   8.0
155, 134, 29.56803179, 94.37137593,   8.3
156, 134, 29.56322896, 94.36478989,   8.5
157, 134, 29.55837635, 94.35810721,   8.5
158, 134, 29.55347295, 94.35132652,   8.5
159, 134, 29.54851770, 94.34444642,   8.5
160, 134, 29.54350958, 94.33746552,   8.4
161, 134, 29.53844751, 94.33038238,   8.2
162, 134, 29.53333044, 94.32319557,   8.1
163, 134, 29.52815727, 94.31590360,   8.0
164, 134, 29.52292691, 94.30850500,   7.9
165, 134, 29.51763826, 94.30099824,   7.8
166, 134, 29.51229020, 94.29338181,   7.7
167, 134, 29.50688160, 94.28565414,   7.6
168, 134, 29.50141131, 94.27781366,   7.4
169, 134, 29.49587817, 94.26985877,   7.3
170, 134, 29.49028102, 94.26178785,   7.2
171, 134, 29.48461866, 94.25359925,   7.1
172, 134, 29.47888989, 94.24529130,   7.0
173, 134, 29.47309351, 94.23686232,   6.8
174, 134, 29.46722827, 94.22831059,   6.7
175, 134, 29.46129295, 94.21963435,   6.6
176, 134, 29.45528627, 94.21083186,   6.5
177, 134, 29.44920697, 94.20190132,   6.3
178, 134, 29.44305375, 94.19284091,   6.2
179, 134, 29.43682530, 94.18364879,   6.1
180, 134, 29.43052030, 94.17432309,   6.0
181, 134, 29.42413742, 94.16486192,   5.9
182, 134, 29.41767529, 94.15526336,   5.8
183, 134, 29.41113254, 94.14552546,   5.7
184, 134, 29.40450777, 94.13564623,   5.7
185, 134, 29.39779959, 94.12562369,   5.6
186, 134, 29.39100656, 94.11545579,   5.6
187, 134, 29.38412722, 94.10514047,   5.5
188, 134, 29.37716013, 94.09467565,   5.5
189, 134, 29.37010378, 94.08405920,   5.5
190, 134, 29.36295669, 94.07328897,   5.4
191, 134, 29.35571731, 94.06236279,   5.4
192, 134, 29.34838412, 94.05127845,   5.4
193, 134, 29.34095554, 94.04003369,   5.4
194, 134, 29.33342998, 94.02862626,   5.3
195, 134, 29.32580584, 94.01705384,   5.3
196, 134, 29.31808150, 94.00531409,   5.2
197, 134, 29.31025529, 93.99340465,   5.2
198, 134, 29.30232554, 93.98132312,   5.1
199, 134, 29.29429056, 93.96906705,   5.1
200, 134, 29.28614863, 93.95663398,   5.0
201, 134, 29.27789801, 93.94402140,   5.0
202, 134, 29.26953692, 93.93122676,   4.9
203, 134, 29.26106357, 93.91824750,   4.9
204, 134, 29.25247616, 93.90508101,   4.8
205, 134, 29.24377282, 93.89172462,   4.7
206, 134, 29.23495171, 93.87817567,   4.6
207, 134, 29.22601092, 93.86443142,   4.5
208, 134, 29.21694854, 93.85048911,   4.5
209, 134, 29.20776261, 93.83634596,   4.4
210, 134, 29.19845116, 93.82199911,   4.3
211, 134, 29.18901219, 93.80744570,   4.2
212, 134, 29.17944367, 93.79268280,   4.1
213, 134, 29.16974354, 93.77770746,   4.1
214, 134, 29.15990970, 93.76251669,   4.0
215, 134, 29.14994005, 93.74710744,   3.9
216, 134, 29.13983243, 93.73147663,   3.8
217, 134, 29.12958465, 93.71562114,   3.7
218, 134, 29.11919452, 93.69953780,   3.6
219, 134, 29.10865978, 93.68322341,   3.5
220, 134, 29.09797816, 93.66667470,   3.4
221, 134, 29.08714734, 93.64988839,   3.3
222, 134, 29.07616500, 93.63286112,   3.2
223, 134, 29.06502875, 93.61558950,   3.1
224, 134, 29.05373619, 93.59807011,   3.0
225, 134, 29.04228486, 93.58029945,   2.9
226, 134, 29.03067228, 93.56227399,   2.8
227, 134, 29.01889594, 93.54399017,   2.7
228, 134, 29.00695329, 93.52544434,   2.6
229, 134, 28.99484172, 93.50663283,   2.5
230, 134, 28.98255861, 93.48755192,   2.4
231, 134, 28.97010130, 93.46819783,   2.2
232, 134, 28.95746706, 93.44856672,   2.1
233, 134, 28.94465316, 93.42865472,   2.0
234, 134, 28.93165681, 93.40845789,   1.9
235, 134, 28.91847516, 93.38797225,   1.8
236, 134, 28.90510536, 93.36719376,   1.8
237, 134, 28.89154449, 93.34611831,   1.8
238, 134, 28.87778958, 93.32474177,   1.9
239, 134, 28.86383764, 93.30305992,   1.9
240, 134, 28.84968561, 93.28106851,   1.9
241, 134, 28.83533040, 93.25876321,   2.0
  1, 135, 30.22380878, 94.74175861,  99.9
  2, 135, 30.21687965, 94.74161867,  99.9
  3, 135, 30.21003725, 94.74145958,  99.9
  4, 135, 30.20328015, 94.74128132,  99.9
  5, 135, 30.19660695, 94.74108385,  99.9
  6, 135, 30.19001627, 94.74086714,  99.9
  7, 135, 30.18350673, 94.74063114,  99.9
  8, 135, 30.17707697, 94.74037580,  99.9
  9, 135, 30.17072566, 94.74010107,  99.9
 10, 135, 30.16445149, 94.73980691,  99.9
 11, 135, 30.15825313, 94.73949326,  99.9
 12, 135, 30.15212931, 94.73916004,  99.9
 13, 135, 30.14607875, 94.73880720,  99.9
 14, 135, 30.14010018, 94.73843466,  99.9
 15, 135, 30.13419238, 94.73804235,  99.9
 16, 135, 30.12835410, 94.73763019,  99.9
 17, 135, 30.12258413, 94.73719810,  99.9
 18, 135, 30.11688127, 94.73674598,  99.9
 19, 135, 30.11124434, 94.73627376,  99.9
 20, 135, 30.10567216, 94.73578133,  99.9
 21, 135, 30.10016357, 94.73526859,  99.9
 22, 135, 30.09471743, 94.73473543,  99.9
 23, 135, 30.08933260, 94.73418176,  99.9
 24, 135, 30.08400796, 94.73360745,  99.9
 25, 135, 30.07874240, 94.73301240,  99.9
 26, 135, 30.07353484, 94.73239647,  99.9
 27, 135, 30.06838418, 94.73175954,  99.9
 28, 135, 30.06328935, 94.73110148,  99.9
 29, 135, 30.05824929, 94.73042216,  99.9
 30, 135, 30.05326295, 94.72972144,  99.9
 31, 135, 30.04832930, 94.72899917,  99.9
 32, 135, 30.04344731, 94.72825520,  99.9
 33, 135, 30.03861596, 94.72748939,  99.9
 34, 135, 30.03383425, 94.72670158,  99.9
 35, 135, 30.02910118, 94.72589159,  99.9
 36, 135, 30.02441577, 94.72505927,  99.9
 37, 135, 30.01977703, 94.72420445,  99.9
 38, 135, 30.01518401, 94.72332695,  99.9
 39, 135, 30.01063576, 94.72242659,  99.9
 40, 135, 30.00613131, 94.72150318,  99.9
 41, 135, 30.00166974, 94.72055653,  99.9
 42, 135, 29.99725011, 94.71958645,  99.9
 43, 135, 29.99287151, 94.71859274,  99.9
 44, 135, 29.98853302, 94.71757519,  99.9
 45, 135, 29.98423375, 94.71653360,  99.9
 46, 135, 29.97997279, 94.71546774,  99.9
 47, 135, 29.97574925, 94.71437740,  99.9
 48, 135, 29.97156227, 94.71326236,  99.9
 49, 135, 29.96741097, 94.71212238,  99.9
 50, 135, 29.96329447, 94.71095722,  99.9
 51, 135, 29.95921194, 94.70976666,  99.9
 52, 135, 29.95516251, 94.70855043,  99.9
 53, 135, 29.95114534, 94.70730830,  99.9
 54, 135, 29.94715959, 94.70604000,  99.9
 55, 135, 29.94320444, 94.70474527,  99.9
 56, 135, 29.93927907, 94.70342385,  99.9
 57, 135, 29.93538265, 94.70207546,  99.9
 58, 135, 29.93151437, 94.70069982,  99.9
 59, 135, 29.92767342, 94.69929665,  99.9
 60, 135, 29.92385902, 94.69786565,  99.9
 61, 135, 29.92007035, 94.69640654,  99.9
 62, 135, 29.91630664, 94.69491901,  99.9
 63, 135, 29.91256709, 94.69340276,  99.9
 64, 135, 29.90885094, 94.69185747,  99.9
 65, 135, 29.90515740, 94.69028281,  99.9
 66, 135, 29.90148571, 94.68867847,  99.9
 67, 135, 29.89783510, 94.68704412,  99.9
 68, 135, 29.89420480, 94.68537941,  99.9
 69, 135, 29.89059407, 94.68368401,  99.9
 70, 135, 29.88700215, 94.68195755,  99.9
 71, 135, 29.88342829, 94.68019969,  99.9
 72, 135, 29.87987175, 94.67841006,  99.9
 73, 135, 29.87633179, 94.67658829,  99.9
 74, 135, 29.87280766, 94.67473401,  99.9
 75, 135, 29.86929863, 94.67284683,  99.9
 76, 135, 29.86580398, 94.67092636,  99.9
 77, 135, 29.86232297, 94.66897220,  99.9
 78, 135, 29.85885488, 94.66698395,  99.9
 79, 135, 29.85539897, 94.66496121,  99.9
 80, 135, 29.85195455, 94.66290354,   0.0
 81, 135, 29.84852087, 94.66081053,   0.0
 82, 135, 29.84509724, 94.65868174,   0.0
 83, 135, 29.84168293, 94.65651674,   0.0
 84, 135, 29.83827723, 94.65431507,   0.0
 85, 135, 29.83487943, 94.65207629,  99.9
 86, 135, 29.83148882, 94.64979992,  99.9
 87, 135, 29.82810470, 94.64748550,  99.9
 88, 135, 29.82472636, 94.64513255,  99.9
 89, 135, 29.82135309, 94.64274058,  99.9
 90, 135, 29.81798419, 94.64030910,  99.9
 91, 135, 29.81461896, 94.63783761,  99.9
 92, 135, 29.81125669, 94.63532559,  99.9
 93, 135, 29.80789668, 94.63277254,  99.9
 94, 135, 29.80453823, 94.63017791,  99.9
 95, 135, 29.80118064, 94.62754118,  99.9
 96, 135, 29.79782321, 94.62486180,  99.9
 97, 135, 29.79446523, 94.62213921,  99.9
 98, 135, 29.79110601, 94.61937286,  99.9
 99, 135, 29.78774484, 94.61656217,  99.9
100, 135, 29.78438103, 94.61370657,  99.9
101, 135, 29.78101386, 94.61080545,  99.9
102, 135, 29.77764263, 94.60785824,  99.9
103, 135, 29.77426664, 94.60486431,  99.9
104, 135, 29.77088519, 94.60182304,  99.9
105, 135, 29.76749757, 94.59873382,  99.9
106, 135, 29.76410306, 94.59559600,  99.9
107, 135, 29.76070096, 94.59240894,  99.9
108, 135, 29.75729056, 94.58917198,  99.9
109, 135, 29.75387114, 94.58588444,  99.9
110, 135, 29.75044199, 94.58254566,  99.9
111, 135, 29.74700239, 94.57915495,  99.9
112, 135, 29.74355162, 94.57571159,  99.9
113, 135, 29.74008896, 94.57221490,  99.9
114, 135, 29.73661368, 94.56866413,  99.9
115, 135, 29.73312506, 94.56505857,  99.9
116, 135, 29.72962237, 94.56139747,  99.9
117, 135, 29.72610486, 94.55768007,  99.9
118, 135, 29.72257182, 94.55390561,  99.9
119, 135, 29.71902249, 94.55007332,  99.9
120, 135, 29.71545613, 94.54618239,  99.9
121, 135, 29.71187199, 94.54223203,  99.9
122, 135, 29.70826933, 94.53822143,  99.9
123, 135, 29.70464738, 94.53414976,  99.9
124, 135, 29.70100540, 94.53001618,  99.9
125, 135, 29.69734261, 94.52581984,  99.9
126, 135, 29.69365824, 94.52155987,  99.9
127, 135, 29.68995153, 94.51723541,   6.1
128, 135, 29.68622170, 94.51284556,  99.9
129, 135, 29.68246796, 94.50838942,  99.9
130, 135, 29.67868952, 94.50386606,  99.9
131, 135, 29.67488560, 94.49927457,   6.2
132, 135, 29.67105539, 94.49461399,  99.9
133, 135, 29.66719809, 94.48988337,  99.9
134, 135, 29.66331289, 94.48508173,   7.0
135, 135, 29.65939897, 94.48020809,   6.9
136, 135, 29.65545551, 94.47526145,   6.9
137, 135, 29.65148168, 94.47024078,   6.9
138, 135, 29.64747665, 94.46514507,   6.9
139, 135, 29.64343957, 94.45997325,   7.0
140, 135, 29.63936960, 94.45472428,   7.1
141, 135, 29.63526587, 94.44939706,   7.2
142, 135, 29.63112753, 94.44399052,   7.2
143, 135, 29.62695371, 94.43850353,   7.2
144, 135, 29.62274352, 94.43293498,   7.3
145, 135, 29.61849607, 94.42728371,   7.3
146, 135, 29.61421049, 94.42154857,   7.3
147, 135, 29.60988585, 94.41572839,   7.3
148, 135, 29.60552126, 94.40982197,   7.4
149, 135, 29.60111579, 94.40382810,   7.4
150, 135, 29.59666850, 94.39774554,   7.4
151, 135, 29.59217848, 94.39157307,   7.5
152, 135, 29.58764476, 94.38530940,   7.5
153, 135, 29.58306639, 94.37895326,   7.7
154, 135, 29.57844241, 94.37250334,   8.0
155, 135, 29.57377183, 94.36595833,   8.2
156, 135, 29.56905368, 94.35931689,   8.4
157, 135, 29.56428696, 94.35257764,   8.5
158, 135, 29.55947065, 94.34573923,   8.5
159, 135, 29.55460375, 94.33880024,   8.5
160, 135, 29.54968522, 94.33175927,   8.4
161, 135, 29.54471403, 94.32461486,   8.3
162, 135, 29.53968911, 94.31736556,   8.2
163, 135, 29.53460942, 94.31000989,   8.1
164, 135, 29.52947387, 94.30254634,   8.0
165, 135, 29.52428138, 94.29497339,   7.9
166, 135, 29.51903085, 94.28728950,   7.7
167, 135, 29.51372116, 94.27949310,   7.6
168, 135, 29.50835120, 94.27158259,   7.5
169, 135, 29.50291982, 94.26355636,   7.4
170, 135, 29.49742587, 94.25541277,   7.3
171, 135, 29.49186819, 94.24715017,   7.1
172, 135, 29.48624560, 94.23876687,   7.0
173, 135, 29.48055691, 94.23026116,   6.9
174, 135, 29.47480090, 94.22163131,   6.8
175, 135, 29.46897636, 94.21287556,   6.7
176, 135, 29.46308205, 94.20399212,   6.5
177, 135, 29.45711672, 94.19497920,   6.4
178, 135, 29.45107910, 94.18583496,   6.3
179, 135, 29.44496791, 94.17655753,   6.2
180, 135, 29.43878184, 94.16714503,   6.1
181, 135, 29.43251959, 94.15759556,   6.0
182, 135, 29.42617981, 94.14790715,   5.8
183, 135, 29.41976116, 94.13807786,   5.8
184, 135, 29.41326228, 94.12810568,   5.7
185, 135, 29.40668177, 94.11798860,   5.7
186, 135, 29.40001823, 94.10772455,   5.6
187, 135, 29.39327025, 94.09731145,   5.6
188, 135, 29.38643639, 94.08674720,   5.5
189, 135, 29.37951518, 94.07602966,   5.5
190, 135, 29.37250516, 94.06515664,   5.5
191, 135, 29.36540481, 94.05412596,   5.4
192, 135, 29.35821264, 94.04293537,   5.4
193, 135, 29.35092709, 94.03158262,   5.4
194, 135, 29.34354662, 94.02006540,   5.4
195, 135, 29.33606964, 94.00838139,   5.3
196, 135, 29.32849456, 93.99652823,   5.3
197, 135, 29.32081975, 93.98450353,   5.2
198, 135, 29.31304357, 93.97230485,   5.2
199, 135, 29.30516435, 93.95992973,   5.1
200, 135, 29.29718041, 93.94737567,   5.1
201, 135, 29.28909004, 93.93464016,   5.0
202, 135, 29.28089149, 93.92172061,   5.0
203, 135, 29.27258302, 93.90861442,   4.9
204, 135, 29.26416283, 93.89531897,   4.8
205, 135, 29.25562911, 93.88183156,   4.8
206, 135, 29.24698004, 93.86814949,   4.7
207, 135, 29.23821376, 93.85427001,   4.6
208, 135, 29.22932838, 93.84019032,   4.5
209, 135, 29.22032198, 93.82590760,   4.4
210, 135, 29.21119264, 93.81141899,   4.3
211, 135, 29.20193837, 93.79672157,   4.3
212, 135, 29.19255720, 93.78181240,   4.2
213, 135, 29.18304709, 93.76668848,   4.1
214, 135, 29.17340599, 93.75134680,   4.0
215, 135, 29.16363183, 93.73578427,   4.0
216, 135, 29.15372250, 93.71999779,   3.9
217, 135, 29.14367585, 93.70398419,   3.8
218, 135, 29.13348971, 93.68774029,   3.7
219, 135, 29.12316188, 93.67126282,   3.6
220, 135, 29.11269012, 93.65454850,   3.5
221, 135, 29.10207218, 93.63759401,   3.4
222, 135, 29.09130574, 93.62039595,   3.3
223, 135, 29.08038848, 93.60295090,   3.2
224, 135, 29.06931803, 93.58525539,   3.1
225, 135, 29.05809198, 93.56730590,   3.0
226, 135, 29.04670790, 93.54909885,   2.9
227, 135, 29.03516333, 93.53063063,   2.8
228, 135, 29.02345574, 93.51189758,   2.6
229, 135, 29.01158259, 93.49289596,   2.5
230, 135, 28.99954131, 93.47362203,   2.4
231, 135, 28.98732926, 93.45407194,   2.3
232, 135, 28.97494379, 93.43424185,   2.2
233, 135, 28.96238220, 93.41412781,   2.0
234, 135, 28.94964176, 93.39372585,   1.9
235, 135, 28.93671967, 93.37303195,   1.8
236, 135, 28.92361312, 93.35204201,   1.8
237, 135, 28.91031925, 93.33075190,   1.8
238, 135, 28.89683514, 93.30915742,   1.9
239, 135, 28.88315785, 93.28725431,   1.9
240, 135, 28.86928439, 93.26503827,   1.9
241, 135, 28.85521172, 93.24250492,   2.0
  1, 136, 30.22387767, 94.73373950,  99.9
  2, 136, 30.21696589, 94.73370083,  99.9
  3, 136, 30.21014086, 94.73364134,  99.9
  4, 136, 30.20340115, 94.73356103,  99.9
  5, 136, 30.19674537, 94.73345988,  99.9
  6, 136, 30.19017212, 94.73333788,  99.9
  7, 136, 30.18368005, 94.73319501,  99.9
  8, 136, 30.17726781, 94.73303124,  99.9
  9, 136, 30.17093405, 94.73284653,  99.9
 10, 136, 30.16467746, 94.73264086,  99.9
 11, 136, 30.15849674, 94.73241419,  99.9
 12, 136, 30.15239061, 94.73216647,  99.9
 13, 136, 30.14635778, 94.73189765,  99.9
 14, 136, 30.14039702, 94.73160769,  99.9
 15, 136, 30.13450707, 94.73129651,  99.9
 16, 136, 30.12868671, 94.73096407,  99.9
 17, 136, 30.12293474, 94.73061030,  99.9
 18, 136, 30.11724994, 94.73023512,  99.9
 19, 136, 30.11163115, 94.72983846,  99.9
 20, 136, 30.10607719, 94.72942024,  99.9
 21, 136, 30.10058691, 94.72898037,  99.9
 22, 136, 30.09515916, 94.72851878,  99.9
 23, 136, 30.08979281, 94.72803535,  99.9
 24, 136, 30.08448675, 94.72753001,  99.9
 25, 136, 30.07923987, 94.72700263,  99.9
 26, 136, 30.07405109, 94.72645312,  99.9
 27, 136, 30.06891932, 94.72588137,  99.9
 28, 136, 30.06384349, 94.72528726,  99.9
 29, 136, 30.05882254, 94.72467066,  99.9
 30, 136, 30.05385544, 94.72403145,  99.9
 31, 136, 30.04894115, 94.72336950,  99.9
 32, 136, 30.04407864, 94.72268468,  99.9
 33, 136, 30.03926691, 94.72197684,  99.9
 34, 136, 30.03450495, 94.72124584,  99.9
 35, 136, 30.02979176, 94.72049153,  99.9
 36, 136, 30.02512638, 94.71971375,  99.9
 37, 136, 30.02050783, 94.71891235,  99.9
 38, 136, 30.01593514, 94.71808716,  99.9
 39, 136, 30.01140737, 94.71723801,  99.9
 40, 136, 30.00692357, 94.71636473,  99.9
 41, 136, 30.00248281, 94.71546713,  99.9
 42, 136, 29.99808417, 94.71454504,  99.9
 43, 136, 29.99372673, 94.71359825,  99.9
 44, 136, 29.98940957, 94.71262659,  99.9
 45, 136, 29.98513181, 94.71162984,  99.9
 46, 136, 29.98089255, 94.71060780,  99.9
 47, 136, 29.97669092, 94.70956026,  99.9
 48, 136, 29.97252602, 94.70848701,  99.9
 49, 136, 29.96839701, 94.70738782,  99.9
 50, 136, 29.96430301, 94.70626247,  99.9
 51, 136, 29.96024318, 94.70511073,  99.9
 52, 136, 29.95621666, 94.70393235,  99.9
 53, 136, 29.95222263, 94.70272709,  99.9
 54, 136, 29.94826025, 94.70149471,  99.9
 55, 136, 29.94432869, 94.70023495,  99.9
 56, 136, 29.94042714, 94.69894756,  99.9
 57, 136, 29.93655478, 94.69763225,  99.9
 58, 136, 29.93271081, 94.69628877,  99.9
 59, 136, 29.92889442, 94.69491684,  99.9
 60, 136, 29.92510482, 94.69351617,  99.9
 61, 136, 29.92134123, 94.69208647,  99.9
 62, 136, 29.91760285, 94.69062745,  99.9
 63, 136, 29.91388891, 94.68913881,  99.9
 64, 136, 29.91019863, 94.68762023,  99.9
 65, 136, 29.90653125, 94.68607141,  99.9
 66, 136, 29.90288600, 94.68449203,  99.9
 67, 136, 29.89926212, 94.68288175,  99.9
 68, 136, 29.89565885, 94.68124025,  99.9
 69, 136, 29.89207546, 94.67956719,  99.9
 70, 136, 29.88851118, 94.67786222,  99.9
 71, 136, 29.88496527, 94.67612499,  99.9
 72, 136, 29.88143700, 94.67435513,  99.9
 73, 136, 29.87792564, 94.67255229,  99.9
 74, 136, 29.87443044, 94.67071609,  99.9
 75, 136, 29.87095068, 94.66884616,  99.9
 76, 136, 29.86748564, 94.66694209,  99.9
 77, 136, 29.86403459, 94.66500351,  99.9
 78, 136, 29.86059681, 94.66303001,  99.9
 79, 136, 29.85717159, 94.66102119,  99.9
 80, 136, 29.85375820, 94.65897662,  99.9
 81, 136, 29.85035595, 94.65689589,  99.9
 82, 136, 29.84696412, 94.65477856,   0.0
 83, 136, 29.84358200, 94.65262420,   0.0
 84, 136, 29.84020888, 94.65043236,  99.9
 85, 136, 29.83684407, 94.64820260,  99.9
 86, 136, 29.83348686, 94.64593444,  99.9
 87, 136, 29.83013654, 94.64362742,  99.9
 88, 136, 29.82679243, 94.64128107,  99.9
 89, 136, 29.82345382, 94.63889489,  99.9
 90, 136, 29.82012002, 94.63646841,  99.9
 91, 136, 29.81679032, 94.63400110,  99.9
 92, 136, 29.81346404, 94.63149247,  99.9
 93, 136, 29.81014048, 94.62894200,  99.9
 94, 136, 29.80681895, 94.62634916,  99.9
 95, 136, 29.80349875, 94.62371341,  99.9
 96, 136, 29.80017918, 94.62103422,  99.9
 97, 136, 29.79685957, 94.61831102,  99.9
 98, 136, 29.79353920, 94.61554325,  99.9
 99, 136, 29.79021739, 94.61273035,  99.9
100, 136, 29.78689345, 94.60987173,  99.9
101, 136, 29.78356667, 94.60696680,  99.9
102, 136, 29.78023637, 94.60401497,  99.9
103, 136, 29.77690185, 94.60101562,  99.9
104, 136, 29.77356240, 94.59796813,  99.9
105, 136, 29.77021734, 94.59487188,  99.9
106, 136, 29.76686596, 94.59172623,  99.9
107, 136, 29.76350757, 94.58853052,  99.9
108, 136, 29.76014145, 94.58528410,  99.9
109, 136, 29.75676690, 94.58198630,  99.9
110, 136, 29.75338323, 94.57863644,  99.9
111, 136, 29.74998972, 94.57523382,  99.9
112, 136, 29.74658565, 94.57177775,  99.9
113, 136, 29.74317033, 94.56826751,  99.9
114, 136, 29.73974303, 94.56470238,  99.9
115, 136, 29.73630303, 94.56108163,  99.9
116, 136, 29.73284962, 94.55740450,  99.9
117, 136, 29.72938207, 94.55367025,  99.9
118, 136, 29.72589965, 94.54987809,  99.9
119, 136, 29.72240164, 94.54602725,  99.9
120, 136, 29.71888730, 94.54211694,  99.9
121, 136, 29.71535589, 94.53814634,  99.9
122, 136, 29.71180669, 94.53411465,  99.9
123, 136, 29.70823893, 94.53002103,  99.9
124, 136, 29.70465187, 94.52586464,  99.9
125, 136, 29.70104477, 94.52164462,  99.9
126, 136, 29.69741686, 94.51736010,  99.9
127, 136, 29.69376738, 94.51301021,  99.9
128, 136, 29.69009557, 94.50859404,  99.9
129, 136, 29.68640065, 94.50411069,  99.9
130, 136, 29.68268185, 94.49955924,  99.9
131, 136, 29.67893840, 94.49493874,  99.9
132, 136, 29.67516949, 94.49024825,  99.9
133, 136, 29.67137435, 94.48548681,  99.9
134, 136, 29.66755216, 94.48065343,   6.9
135, 136, 29.66370214, 94.47574712,   6.9
136, 136, 29.65982347, 94.47076687,   6.8
137, 136, 29.65591534, 94.46571167,   6.8
138, 136, 29.65197692, 94.46058046,   6.8
139, 136, 29.64800738, 94.45537220,   7.0
140, 136, 29.64400590, 94.45008581,   7.1
141, 136, 29.63997162, 94.44472021,   7.2
142, 136, 29.63590370, 94.43927431,   7.3
143, 136, 29.63180128, 94.43374697,   7.3
144, 136, 29.62766350, 94.42813706,   7.3
145, 136, 29.62348948, 94.42244345,   7.2
146, 136, 29.61927836, 94.41666494,   7.3
147, 136, 29.61502923, 94.41080037,   7.3
148, 136, 29.61074121, 94.40484852,   7.4
149, 136, 29.60641338, 94.39880819,   7.4
150, 136, 29.60204485, 94.39267812,   7.5
151, 136, 29.59763468, 94.38645706,   7.5
152, 136, 29.59318194, 94.38014374,   7.6
153, 136, 29.58868570, 94.37373686,   7.7
154, 136, 29.58414501, 94.36723511,   7.9
155, 136, 29.57955890, 94.36063717,   8.1
156, 136, 29.57492641, 94.35394167,   8.3
157, 136, 29.57024656, 94.34714725,   8.4
158, 136, 29.56551836, 94.34025251,   8.5
159, 136, 29.56074081, 94.33325605,   8.5
160, 136, 29.55591290, 94.32615644,   8.5
161, 136, 29.55103361, 94.31895222,   8.4
162, 136, 29.54610191, 94.31164192,   8.3
163, 136, 29.54111675, 94.30422405,   8.2
164, 136, 29.53607707, 94.29669708,   8.0
165, 136, 29.53098182, 94.28905949,   7.9
166, 136, 29.52582991, 94.28130971,   7.8
167, 136, 29.52062024, 94.27344616,   7.7
168, 136, 29.51535172, 94.26546723,   7.6
169, 136, 29.51002323, 94.25737130,   7.5
170, 136, 29.50463364, 94.24915671,   7.3
171, 136, 29.49918179, 94.24082179,   7.2
172, 136, 29.49366655, 94.23236484,   7.1
173, 136, 29.48808673, 94.22378413,   7.0
174, 136, 29.48244115, 94.21507792,   6.9
175, 136, 29.47672861, 94.20624444,   6.7
176, 136, 29.47094790, 94.19728187,   6.6
177, 136, 29.46509778, 94.18818841,   6.5
178, 136, 29.45917702, 94.17896219,   6.4
179, 136, 29.45318435, 94.16960134,   6.3
180, 136, 29.44711850, 94.16010395,   6.2
181, 136, 29.44097818, 94.15046811,   6.0
182, 136, 29.43476207, 94.14069183,   5.9
183, 136, 29.42846886, 94.13077315,   5.8
184, 136, 29.42209720, 94.12071004,   5.8
185, 136, 29.41564574, 94.11050047,   5.7
186, 136, 29.40911309, 94.10014235,   5.7
187, 136, 29.40249787, 94.08963358,   5.6
188, 136, 29.39579866, 94.07897205,   5.6
189, 136, 29.38901403, 94.06815558,   5.5
190, 136, 29.38214253, 94.05718197,   5.5
191, 136, 29.37518270, 94.04604902,   5.5
192, 136, 29.36813304, 94.03475446,   5.5
193, 136, 29.36099205, 94.02329600,   5.4
194, 136, 29.35375819, 94.01167133,   5.4
195, 136, 29.34642993, 93.99987810,   5.4
196, 136, 29.33900568, 93.98791392,   5.3
197, 136, 29.33148387, 93.97577637,   5.3
198, 136, 29.32386287, 93.96346300,   5.2
199, 136, 29.31614106, 93.95097133,   5.2
200, 136, 29.30831677, 93.93829883,   5.1
201, 136, 29.30038833, 93.92544294,   5.1
202, 136, 29.29235403, 93.91240108,   5.0
203, 136, 29.28421215, 93.89917061,   5.0
204, 136, 29.27596094, 93.88574887,   4.9
205, 136, 29.26759862, 93.87213315,   4.8
206, 136, 29.25912340, 93.85832072,   4.7
207, 136, 29.25053344, 93.84430879,   4.6
208, 136, 29.24182691, 93.83009455,   4.6
209, 136, 29.23300192, 93.81567515,   4.5
210, 136, 29.22405657, 93.80104767,   4.4
211, 136, 29.21498894, 93.78620919,   4.3
212, 136, 29.20579706, 93.77115673,   4.2
213, 136, 29.19647895, 93.75588727,   4.2
214, 136, 29.18703260, 93.74039774,   4.1
215, 136, 29.17745597, 93.72468506,   4.0
216, 136, 29.16774699, 93.70874606,   3.9
217, 136, 29.15790355, 93.69257756,   3.8
218, 136, 29.14792352, 93.67617632,   3.7
219, 136, 29.13780475, 93.65953907,   3.6
220, 136, 29.12754504, 93.64266248,   3.5
221, 136, 29.11714217, 93.62554318,   3.4
222, 136, 29.10659387, 93.60817776,   3.3
223, 136, 29.09589787, 93.59056276,   3.2
224, 136, 29.08505183, 93.57269465,   3.1
225, 136, 29.07405340, 93.55456989,   3.0
226, 136, 29.06290019, 93.53618487,   2.9
227, 136, 29.05158978, 93.51753593,   2.8
228, 136, 29.04011969, 93.49861936,   2.7
229, 136, 29.02848743, 93.47943141,   2.6
230, 136, 29.01669047, 93.45996827,   2.5
231, 136, 29.00472623, 93.44022607,   2.3
232, 136, 28.99259210, 93.42020090,   2.2
233, 136, 28.98028544, 93.39988880,   2.1
234, 136, 28.96780355, 93.37928575,   2.0
235, 136, 28.95514370, 93.35838767,   1.8
236, 136, 28.94230312, 93.33719043,   1.7
237, 136, 28.92927901, 93.31568985,   1.8
238, 136, 28.91606851, 93.29388168,   1.8
239, 136, 28.90266873, 93.27176162,   1.9
240, 136, 28.88907671, 93.24932532,   1.9
241, 136, 28.87528949, 93.22656836,   2.0
  1, 137, 30.22385789, 94.72574121,  99.9
  2, 137, 30.21696490, 94.72580380,  99.9
  3, 137, 30.21015867, 94.72584391,  99.9
  4, 137, 30.20343777, 94.72586156,  99.9
  5, 137, 30.19680079, 94.72585676,  99.9
  6, 137, 30.19024637, 94.72582950,  99.9
  7, 137, 30.18377313, 94.72577978,  99.9
  8, 137, 30.17737974, 94.72570760,  99.9
  9, 137, 30.17106486, 94.72561296,  99.9
 10, 137, 30.16482717, 94.72549582,  99.9
 11, 137, 30.15866538, 94.72535618,  99.9
 12, 137, 30.15257821, 94.72519400,  99.9
 13, 137, 30.14656439, 94.72500926,  99.9
 14, 137, 30.14062267, 94.72480192,  99.9
 15, 137, 30.13475182, 94.72457195,  99.9
 16, 137, 30.12895060, 94.72431929,  99.9
 17, 137, 30.12321783, 94.72404390,  99.9
 18, 137, 30.11755229, 94.72374573,  99.9
 19, 137, 30.11195281, 94.72342471,  99.9
 20, 137, 30.10641824, 94.72308079,  99.9
 21, 137, 30.10094741, 94.72271389,  99.9
 22, 137, 30.09553918, 94.72232394,  99.9
 23, 137, 30.09019245, 94.72191087,  99.9
 24, 137, 30.08490608, 94.72147458,  99.9
 25, 137, 30.07967898, 94.72101500,  99.9
 26, 137, 30.07451006, 94.72053203,  99.9
 27, 137, 30.06939825, 94.72002557,  99.9
 28, 137, 30.06434248, 94.71949551,  99.9
 29, 137, 30.05934170, 94.71894176,  99.9
 30, 137, 30.05439487, 94.71836420,  99.9
 31, 137, 30.04950096, 94.71776271,  99.9
 32, 137, 30.04465896, 94.71713717,  99.9
 33, 137, 30.03986784, 94.71648745,  99.9
 34, 137, 30.03512663, 94.71581341,  99.9
 35, 137, 30.03043432, 94.71511493,  99.9
 36, 137, 30.02578995, 94.71439186,  99.9
 37, 137, 30.02119254, 94.71364404,  99.9
 38, 137, 30.01664114, 94.71287133,  99.9
 39, 137, 30.01213480, 94.71207357,  99.9
 40, 137, 30.00767259, 94.71125059,  99.9
 41, 137, 30.00325357, 94.71040223,  99.9
 42, 137, 29.99887683, 94.70952831,  99.9
 43, 137, 29.99454145, 94.70862865,  99.9
 44, 137, 29.99024653, 94.70770306,  99.9
 45, 137, 29.98599118, 94.70675137,  99.9
 46, 137, 29.98177451, 94.70577336,  99.9
 47, 137, 29.97759565, 94.70476884,  99.9
 48, 137, 29.97345371, 94.70373760,  99.9
 49, 137, 29.96934785, 94.70267943,  99.9
 50, 137, 29.96527720, 94.70159412,  99.9
 51, 137, 29.96124092, 94.70048143,  99.9
 52, 137, 29.95723817, 94.69934114,  99.9
 53, 137, 29.95326811, 94.69817301,  99.9
 54, 137, 29.94932992, 94.69697680,  99.9
 55, 137, 29.94542277, 94.69575227,  99.9
 56, 137, 29.94154586, 94.69449917,  99.9
 57, 137, 29.93769837, 94.69321723,  99.9
 58, 137, 29.93387950, 94.69190618,  99.9
 59, 137, 29.93008847, 94.69056577,  99.9
 60, 137, 29.92632447, 94.68919571,  99.9
 61, 137, 29.92258673, 94.68779572,  99.9
 62, 137, 29.91887446, 94.68636551,  99.9
 63, 137, 29.91518690, 94.68490479,  99.9
 64, 137, 29.91152327, 94.68341325,  99.9
 65, 137, 29.90788281, 94.68189058,  99.9
 66, 137, 29.90426476, 94.68033648,  99.9
 67, 137, 29.90066837, 94.67875061,  99.9
 68, 137, 29.89709289, 94.67713266,  99.9
 69, 137, 29.89353757, 94.67548228,  99.9
 70, 137, 29.89000168, 94.67379915,  99.9
 71, 137, 29.88648446, 94.67208290,  99.9
 72, 137, 29.88298521, 94.67033319,  99.9
 73, 137, 29.87950317, 94.66854965,  99.9
 74, 137, 29.87603763, 94.66673191,  99.9
 75, 137, 29.87258787, 94.66487961,  99.9
 76, 137, 29.86915316, 94.66299235,  99.9
 77, 137, 29.86573278, 94.66106974,  99.9
 78, 137, 29.86232604, 94.65911140,  99.9
 79, 137, 29.85893221, 94.65711691,  99.9
 80, 137, 29.85555058, 94.65508586,  99.9
 81, 137, 29.85218046, 94.65301784,  99.9
 82, 137, 29.84882113, 94.65091241,  99.9
 83, 137, 29.84547191, 94.64876914,   0.1
 84, 137, 29.84213208, 94.64658758,  99.9
 85, 137, 29.83880095, 94.64436730,  99.9
 86, 137, 29.83547783, 94.64210782,  99.9
 87, 137, 29.83216203, 94.63980868,  99.9
 88, 137, 29.82885284, 94.63746941,  99.9
 89, 137, 29.82554959, 94.63508952,  99.9
 90, 137, 29.82225157, 94.63266852,  99.9
 91, 137, 29.81895811, 94.63020592,  99.9
 92, 137, 29.81566852, 94.62770119,  99.9
 93, 137, 29.81238210, 94.62515383,  99.9
 94, 137, 29.80909817, 94.62256331,  99.9
 95, 137, 29.80581605, 94.61992910,  99.9
 96, 137, 29.80253504, 94.61725064,  99.9
 97, 137, 29.79925448, 94.61452739,  99.9
 98, 137, 29.79597366, 94.61175878,  99.9
 99, 137, 29.79269190, 94.60894424,  99.9
100, 137, 29.78940852, 94.60608320,  99.9
101, 137, 29.78612283, 94.60317506,  99.9
102, 137, 29.78283415, 94.60021922,  99.9
103, 137, 29.77954178, 94.59721507,  99.9
104, 137, 29.77624505, 94.59416198,  99.9
105, 137, 29.77294325, 94.59105934,  99.9
106, 137, 29.76963569, 94.58790650,  99.9
107, 137, 29.76632170, 94.58470281,  99.9
108, 137, 29.76300057, 94.58144760,  99.9
109, 137, 29.75967160, 94.57814021,  99.9
110, 137, 29.75633411, 94.57477996,  99.9
111, 137, 29.75298739, 94.57136615,  99.9
112, 137, 29.74963074, 94.56789807,  99.9
113, 137, 29.74626346, 94.56437502,  99.9
114, 137, 29.74288485, 94.56079626,  99.9
115, 137, 29.73949419, 94.55716106,  99.9
116, 137, 29.73609078, 94.55346866,  99.9
117, 137, 29.73267390, 94.54971832,  99.9
118, 137, 29.72924284, 94.54590924,  99.9
119, 137, 29.72579688, 94.54204066,  99.9
120, 137, 29.72233529, 94.53811177,  99.9
121, 137, 29.71885735, 94.53412175,  99.9
122, 137, 29.71536234, 94.53006980,  99.9
123, 137, 29.71184951, 94.52595508,  99.9
124, 137, 29.70831813, 94.52177673,  99.9
125, 137, 29.70476747, 94.51753390,  99.9
126, 137, 29.70119676, 94.51322571,  99.9
127, 137, 29.69760528, 94.50885128,  99.9
128, 137, 29.69399225, 94.50440970,  99.9
129, 137, 29.69035693, 94.49990007,  99.9
130, 137, 29.68669854, 94.49532145,  99.9
131, 137, 29.68301633, 94.49067291,  99.9
132, 137, 29.67930951, 94.48595347,  99.9
133, 137, 29.67557732, 94.48116219,   6.3
134, 137, 29.67181895, 94.47629806,   6.9
135, 137, 29.66803363, 94.47136009,   6.7
136, 137, 29.66422056, 94.46634726,   6.7
137, 137, 29.66037893, 94.46125855,   6.7
138, 137, 29.65650794, 94.45609290,   6.9
139, 137, 29.65260677, 94.45084926,   7.1
140, 137, 29.64867461, 94.44552655,   7.2
141, 137, 29.64471061, 94.44012367,   7.3
142, 137, 29.64071396, 94.43463952,   7.3
143, 137, 29.63668380, 94.42907296,   7.2
144, 137, 29.63261930, 94.42342287,   7.2
145, 137, 29.62851958, 94.41768806,   7.2
146, 137, 29.62438379, 94.41186738,   7.3
147, 137, 29.62021105, 94.40595962,   7.3
148, 137, 29.61600049, 94.39996357,   7.3
149, 137, 29.61175122, 94.39387801,   7.4
150, 137, 29.60746234, 94.38770167,   7.5
151, 137, 29.60313294, 94.38143331,   7.6
152, 137, 29.59876212, 94.37507163,   7.6
153, 137, 29.59434894, 94.36861533,   7.6
154, 137, 29.58989248, 94.36206308,   7.8
155, 137, 29.58539179, 94.35541355,   8.0
156, 137, 29.58084593, 94.34866537,   8.2
157, 137, 29.57625393, 94.34181716,   8.3
158, 137, 29.57161482, 94.33486751,   8.5
159, 137, 29.56692761, 94.32781502,   8.5
160, 137, 29.56219133, 94.32065822,   8.5
161, 137, 29.55740496, 94.31339566,   8.4
162, 137, 29.55256749, 94.30602585,   8.3
163, 137, 29.54767790, 94.29854729,   8.2
164, 137, 29.54273516, 94.29095845,   8.1
165, 137, 29.53773820, 94.28325777,   8.0
166, 137, 29.53268598, 94.27544368,   7.9
167, 137, 29.52757742, 94.26751459,   7.8
168, 137, 29.52241144, 94.25946887,   7.7
169, 137, 29.51718695, 94.25130489,   7.5
170, 137, 29.51190283, 94.24302098,   7.4
171, 137, 29.50655796, 94.23461544,   7.3
172, 137, 29.50115121, 94.22608656,   7.2
173, 137, 29.49568142, 94.21743261,   7.1
174, 137, 29.49014744, 94.20865181,   6.9
175, 137, 29.48454809, 94.19974239,   6.8
176, 137, 29.47888218, 94.19070252,   6.7
177, 137, 29.47314850, 94.18153036,   6.6
178, 137, 29.46734582, 94.17222404,   6.5
179, 137, 29.46147293, 94.16278167,   6.4
180, 137, 29.45552856, 94.15320133,   6.3
181, 137, 29.44951144, 94.14348108,   6.1
182, 137, 29.44342030, 94.13361892,   6.0
183, 137, 29.43725384, 94.12361286,   5.9
184, 137, 29.43101074, 94.11346086,   5.8
185, 137, 29.42468966, 94.10316087,   5.8
186, 137, 29.41828926, 94.09271078,   5.7
187, 137, 29.41180818, 94.08210849,   5.7
188, 137, 29.40524501, 94.07135183,   5.6
189, 137, 29.39859837, 94.06043862,   5.6
190, 137, 29.39186684, 94.04936665,   5.5
191, 137, 29.38504896, 94.03813368,   5.5
192, 137, 29.37814328, 94.02673743,   5.5
193, 137, 29.37114833, 94.01517559,   5.5
194, 137, 29.36406260, 94.00344582,   5.5
195, 137, 29.35688457, 93.99154575,   5.4
196, 137, 29.34961272, 93.97947297,   5.4
197, 137, 29.34224546, 93.96722503,   5.3
198, 137, 29.33478124, 93.95479946,   5.3
199, 137, 29.32721843, 93.94219375,   5.2
200, 137, 29.31955542, 93.92940536,   5.2
201, 137, 29.31179057, 93.91643170,   5.1
202, 137, 29.30392219, 93.90327015,   5.1
203, 137, 29.29594860, 93.88991806,   5.0
204, 137, 29.28786809, 93.87637274,   5.0
205, 137, 29.27967890, 93.86263146,   4.9
206, 137, 29.27137929, 93.84869144,   4.8
207, 137, 29.26296745, 93.83454989,   4.7
208, 137, 29.25444158, 93.82020395,   4.6
209, 137, 29.24579983, 93.80565075,   4.5
210, 137, 29.23704035, 93.79088735,   4.5
211, 137, 29.22816123, 93.77591078,   4.4
212, 137, 29.21916056, 93.76071805,   4.3
213, 137, 29.21003639, 93.74530611,   4.2
214, 137, 29.20078675, 93.72967185,   4.1
215, 137, 29.19140964, 93.71381214,   4.1
216, 137, 29.18190303, 93.69772382,   4.0
217, 137, 29.17226485, 93.68140364,   3.9
218, 137, 29.16249302, 93.66484836,   3.8
219, 137, 29.15258541, 93.64805465,   3.7
220, 137, 29.14253988, 93.63101915,   3.6
221, 137, 29.13235424, 93.61373847,   3.5
222, 137, 29.12202628, 93.59620916,   3.4
223, 137, 29.11155376, 93.57842770,   3.3
224, 137, 29.10093440, 93.56039056,   3.2
225, 137, 29.09016588, 93.54209415,   3.1
226, 137, 29.07924585, 93.52353481,   3.0
227, 137, 29.06817195, 93.50470885,   2.9
228, 137, 29.05694175, 93.48561253,   2.7
229, 137, 29.04555280, 93.46624204,   2.6
230, 137, 29.03400262, 93.44659355,   2.5
231, 137, 29.02228868, 93.42666315,   2.4
232, 137, 29.01040841, 93.40644688,   2.2
233, 137, 28.99835923, 93.38594074,   2.1
234, 137, 28.98613849, 93.36514067,   2.0
235, 137, 28.97374352, 93.34404254,   1.9
236, 137, 28.96117159, 93.32264219,   1.7
237, 137, 28.94841995, 93.30093538,   1.8
238, 137, 28.93548580, 93.27891782,   1.8
239, 137, 28.92236630, 93.25658517,   1.9
240, 137, 28.90905856, 93.23393302,   2.0
241, 137, 28.89555966, 93.21095692,   2.0
  1, 138, 30.22374943, 94.71776541,  99.9
  2, 138, 30.21687669, 94.71792925,  99.9
  3, 138, 30.21009069, 94.71806896,  99.9
  4, 138, 30.20339000, 94.71818456,  99.9
  5, 138, 30.19677322, 94.71827609,  99.9
  6, 138, 30.19023900, 94.71834356,  99.9
  7, 138, 30.18378595, 94.71838701,  99.9
  8, 138, 30.17741275, 94.71840644,  99.9
  9, 138, 30.17111807, 94.71840186,  99.9
 10, 138, 30.16490059, 94.71837328,  99.9
 11, 138, 30.15875903, 94.71832069,  99.9
 12, 138, 30.15269210, 94.71824409,  99.9
 13, 138, 30.14669854, 94.71814346,  99.9
 14, 138, 30.14077711, 94.71801879,  99.9
 15, 138, 30.13492658, 94.71787006,  99.9
 16, 138, 30.12914572, 94.71769724,  99.9
 17, 138, 30.12343334, 94.71750029,  99.9
 18, 138, 30.11778825, 94.71727918,  99.9
 19, 138, 30.11220926, 94.71703388,  99.9
 20, 138, 30.10669523, 94.71676432,  99.9
 21, 138, 30.10124500, 94.71647046,  99.9
 22, 138, 30.09585744, 94.71615224,  99.9
 23, 138, 30.09053142, 94.71580959,  99.9
 24, 138, 30.08526585, 94.71544246,  99.9
 25, 138, 30.08005962, 94.71505076,  99.9
 26, 138, 30.07491165, 94.71463442,  99.9
 27, 138, 30.06982087, 94.71419335,  99.9
 28, 138, 30.06478622, 94.71372747,  99.9
 29, 138, 30.05980666, 94.71323668,  99.9
 30, 138, 30.05488113, 94.71272088,  99.9
 31, 138, 30.05000863, 94.71217997,  99.9
 32, 138, 30.04518814, 94.71161384,  99.9
 33, 138, 30.04041865, 94.71102236,  99.9
 34, 138, 30.03569917, 94.71040544,  99.9
 35, 138, 30.03102872, 94.70976292,  99.9
 36, 138, 30.02640632, 94.70909470,  99.9
 37, 138, 30.02183102, 94.70840062,  99.9
 38, 138, 30.01730187, 94.70768055,  99.9
 39, 138, 30.01281791, 94.70693434,  99.9
 40, 138, 30.00837821, 94.70616184,  99.9
 41, 138, 30.00398186, 94.70536289,  99.9
 42, 138, 29.99962793, 94.70453732,  99.9
 43, 138, 29.99531552, 94.70368496,  99.9
 44, 138, 29.99104374, 94.70280565,  99.9
 45, 138, 29.98681169, 94.70189920,  99.9
 46, 138, 29.98261849, 94.70096542,  99.9
 47, 138, 29.97846326, 94.70000413,  99.9
 48, 138, 29.97434515, 94.69901512,  99.9
 49, 138, 29.97026330, 94.69799819,  99.9
 50, 138, 29.96621685, 94.69695313,  99.9
 51, 138, 29.96220497, 94.69587973,  99.9
 52, 138, 29.95822681, 94.69477776,  99.9
 53, 138, 29.95428155, 94.69364700,  99.9
 54, 138, 29.95036837, 94.69248722,  99.9
 55, 138, 29.94648645, 94.69129817,  99.9
 56, 138, 29.94263498, 94.69007961,  99.9
 57, 138, 29.93881317, 94.68883130,  99.9
 58, 138, 29.93502021, 94.68755296,  99.9
 59, 138, 29.93125532, 94.68624435,  99.9
 60, 138, 29.92751771, 94.68490518,  99.9
 61, 138, 29.92380660, 94.68353519,  99.9
 62, 138, 29.92012122, 94.68213408,  99.9
 63, 138, 29.91646080, 94.68070158,  99.9
 64, 138, 29.91282458, 94.67923738,  99.9
 65, 138, 29.90921181, 94.67774118,  99.9
 66, 138, 29.90562172, 94.67621268,  99.9
 67, 138, 29.90205357, 94.67465155,  99.9
 68, 138, 29.89850661, 94.67305748,  99.9
 69, 138, 29.89498012, 94.67143014,  99.9
 70, 138, 29.89147334, 94.66976919,  99.9
 71, 138, 29.88798556, 94.66807428,  99.9
 72, 138, 29.88451604, 94.66634507,  99.9
 73, 138, 29.88106406, 94.66458120,  99.9
 74, 138, 29.87762890, 94.66278230,  99.9
 75, 138, 29.87420985, 94.66094801,  99.9
 76, 138, 29.87080619, 94.65907794,  99.9
 77, 138, 29.86741721, 94.65717171,  99.9
 78, 138, 29.86404221, 94.65522893,  99.9
 79, 138, 29.86068047, 94.65324919,  99.9
 80, 138, 29.85733131, 94.65123208,  99.9
 81, 138, 29.85399402, 94.64917719,  99.9
 82, 138, 29.85066791, 94.64708409,  99.9
 83, 138, 29.84735227, 94.64495235,   0.2
 84, 138, 29.84404643, 94.64278154,  99.9
 85, 138, 29.84074968, 94.64057119,  99.9
 86, 138, 29.83746135, 94.63832086,  99.9
 87, 138, 29.83418074, 94.63603008,  99.9
 88, 138, 29.83090717, 94.63369837,  99.9
 89, 138, 29.82763996, 94.63132526,  99.9
 90, 138, 29.82437842, 94.62891025,  99.9
 91, 138, 29.82112188, 94.62645285,  99.9
 92, 138, 29.81786965, 94.62395255,  99.9
 93, 138, 29.81462106, 94.62140883,  99.9
 94, 138, 29.81137542, 94.61882116,  99.9
 95, 138, 29.80813207, 94.61618902,  99.9
 96, 138, 29.80489031, 94.61351185,  99.9
 97, 138, 29.80164947, 94.61078911,  99.9
 98, 138, 29.79840888, 94.60802023,  99.9
 99, 138, 29.79516786, 94.60520465,  99.9
100, 138, 29.79192573, 94.60234177,  99.9
101, 138, 29.78868182, 94.59943101,  99.9
102, 138, 29.78543544, 94.59647177,  99.9
103, 138, 29.78218591, 94.59346344,  99.9
104, 138, 29.77893257, 94.59040539,  99.9
105, 138, 29.77567472, 94.58729700,  99.9
106, 138, 29.77241168, 94.58413762,  99.9
107, 138, 29.76914278, 94.58092661,  99.9
108, 138, 29.76586732, 94.57766329,  99.9
109, 138, 29.76258463, 94.57434699,  99.9
110, 138, 29.75929402, 94.57097704,  99.9
111, 138, 29.75599479, 94.56755274,  99.9
112, 138, 29.75268625, 94.56407337,  99.9
113, 138, 29.74936772, 94.56053823,  99.9
114, 138, 29.74603850, 94.55694657,  99.9
115, 138, 29.74269789, 94.55329767,  99.9
116, 138, 29.73934519, 94.54959077,  99.9
117, 138, 29.73597969, 94.54582511,  99.9
118, 138, 29.73260070, 94.54199991,  99.9
119, 138, 29.72920750, 94.53811437,  99.9
120, 138, 29.72579939, 94.53416771,  99.9
121, 138, 29.72237565, 94.53015910,  99.9
122, 138, 29.71893555, 94.52608773,  99.9
123, 138, 29.71547838, 94.52195274,  99.9
124, 138, 29.71200342, 94.51775330,  99.9
125, 138, 29.70850993, 94.51348853,  99.9
126, 138, 29.70499718, 94.50915756,  99.9
127, 138, 29.70146443, 94.50475949,  99.9
128, 138, 29.69791094, 94.50029342,  99.9
129, 138, 29.69433597, 94.49575844,  99.9
130, 138, 29.69073876, 94.49115359,  99.9
131, 138, 29.68711856, 94.48647795,  99.9
132, 138, 29.68347461, 94.48173055,  99.9
133, 138, 29.67980613, 94.47691040,   6.4
134, 138, 29.67611237, 94.47201652,   6.5
135, 138, 29.67239254, 94.46704791,   6.7
136, 138, 29.66864586, 94.46200353,   6.6
137, 138, 29.66487154, 94.45688236,   6.8
138, 138, 29.66106878, 94.45168334,   6.9
139, 138, 29.65723679, 94.44640540,   7.2
140, 138, 29.65337477, 94.44104745,   7.3
141, 138, 29.64948189, 94.43560840,   7.3
142, 138, 29.64555733, 94.43008713,   7.3
143, 138, 29.64160028, 94.42448250,   7.2
144, 138, 29.63760989, 94.41879337,   7.2
145, 138, 29.63358532, 94.41301856,   7.2
146, 138, 29.62952573, 94.40715689,   7.2
147, 138, 29.62543025, 94.40120715,   7.3
148, 138, 29.62129803, 94.39516813,   7.3
149, 138, 29.61712820, 94.38903859,   7.4
150, 138, 29.61291986, 94.38281726,   7.5
151, 138, 29.60867214, 94.37650288,   7.6
152, 138, 29.60438414, 94.37009414,   7.6
153, 138, 29.60005494, 94.36358974,   7.6
154, 138, 29.59568364, 94.35698833,   7.8
155, 138, 29.59126931, 94.35028858,   7.9
156, 138, 29.58681102, 94.34348910,   8.1
157, 138, 29.58230783, 94.33658850,   8.2
158, 138, 29.57775877, 94.32958537,   8.4
159, 138, 29.57316289, 94.32247827,   8.5
160, 138, 29.56851922, 94.31526576,   8.5
161, 138, 29.56382677, 94.30794634,   8.5
162, 138, 29.55908455, 94.30051854,   8.4
163, 138, 29.55429155, 94.29298082,   8.3
164, 138, 29.54944675, 94.28533164,   8.2
165, 138, 29.54454913, 94.27756945,   8.1
166, 138, 29.53959766, 94.26969265,   8.0
167, 138, 29.53459127, 94.26169964,   7.8
168, 138, 29.52952891, 94.25358878,   7.7
169, 138, 29.52440950, 94.24535841,   7.6
170, 138, 29.51923195, 94.23700686,   7.5
171, 138, 29.51399517, 94.22853242,   7.4
172, 138, 29.50869804, 94.21993336,   7.3
173, 138, 29.50333943, 94.21120792,   7.1
174, 138, 29.49791820, 94.20235433,   7.0
175, 138, 29.49243321, 94.19337078,   6.9
176, 138, 29.48688327, 94.18425544,   6.8
177, 138, 29.48126722, 94.17500646,   6.7
178, 138, 29.47558384, 94.16562194,   6.6
179, 138, 29.46983194, 94.15609998,   6.5
180, 138, 29.46401029, 94.14643863,   6.3
181, 138, 29.45811764, 94.13663594,   6.2
182, 138, 29.45215273, 94.12668990,   6.1
183, 138, 29.44611430, 94.11659850,   6.0
184, 138, 29.44000105, 94.10635968,   5.9
185, 138, 29.43381168, 94.09597136,   5.8
186, 138, 29.42754486, 94.08543143,   5.8
187, 138, 29.42119926, 94.07473775,   5.7
188, 138, 29.41477351, 94.06388815,   5.7
189, 138, 29.40826625, 94.05288042,   5.6
190, 138, 29.40167607, 94.04171233,   5.6
191, 138, 29.39500157, 94.03038162,   5.6
192, 138, 29.38824132, 94.01888599,   5.5
193, 138, 29.38139386, 94.00722311,   5.5
194, 138, 29.37445773, 93.99539061,   5.5
195, 138, 29.36743144, 93.98338611,   5.5
196, 138, 29.36031348, 93.97120716,   5.4
197, 138, 29.35310233, 93.95885131,   5.4
198, 138, 29.34579642, 93.94631605,   5.3
199, 138, 29.33839420, 93.93359886,   5.3
200, 138, 29.33089407, 93.92069716,   5.2
201, 138, 29.32329442, 93.90760834,   5.2
202, 138, 29.31559360, 93.89432976,   5.1
203, 138, 29.30778997, 93.88085874,   5.1
204, 138, 29.29988183, 93.86719257,   5.0
205, 138, 29.29186749, 93.85332848,   4.9
206, 138, 29.28374521, 93.83926369,   4.8
207, 138, 29.27551324, 93.82499536,   4.8
208, 138, 29.26716981, 93.81052061,   4.7
209, 138, 29.25871310, 93.79583653,   4.6
210, 138, 29.25014130, 93.78094018,   4.5
211, 138, 29.24145255, 93.76582854,   4.4
212, 138, 29.23264496, 93.75049859,   4.3
213, 138, 29.22371664, 93.73494725,   4.3
214, 138, 29.21466564, 93.71917139,   4.2
215, 138, 29.20549000, 93.70316785,   4.1
216, 138, 29.19618774, 93.68693342,   4.0
217, 138, 29.18675682, 93.67046484,   3.9
218, 138, 29.17719522, 93.65375881,   3.9
219, 138, 29.16750084, 93.63681200,   3.8
220, 138, 29.15767158, 93.61962101,   3.7
221, 138, 29.14770530, 93.60218239,   3.6
222, 138, 29.13759983, 93.58449268,   3.5
223, 138, 29.12735297, 93.56654832,   3.4
224, 138, 29.11696249, 93.54834574,   3.3
225, 138, 29.10642612, 93.52988131,   3.1
226, 138, 29.09574156, 93.51115135,   3.0
227, 138, 29.08490648, 93.49215212,   2.9
228, 138, 29.07391850, 93.47287984,   2.8
229, 138, 29.06277523, 93.45333067,   2.7
230, 138, 29.05147424, 93.43350074,   2.6
231, 138, 29.04001303, 93.41338609,   2.4
232, 138, 29.02838911, 93.39298273,   2.3
233, 138, 29.01659992, 93.37228661,   2.2
234, 138, 29.00464287, 93.35129363,   2.0
235, 138, 28.99251535, 93.32999963,   1.9
236, 138, 28.98021469, 93.30840039,   1.8
237, 138, 28.96773818, 93.28649164,   1.8
238, 138, 28.95508307, 93.26426904,   1.8
239, 138, 28.94224659, 93.24172820,   1.9
240, 138, 28.92922590, 93.21886468,   1.9
241, 138, 28.91601813, 93.19567396,   2.0
  1, 139, 30.22355232, 94.70981378,  99.9
  2, 139, 30.21670128, 94.71007884,  99.9
  3, 139, 30.20993693, 94.71031810,  99.9
  4, 139, 30.20325785, 94.71053162,  99.9
  5, 139, 30.19666267, 94.71071947,  99.9
  6, 139, 30.19015001, 94.71088166,  99.9
  7, 139, 30.18371851, 94.71101826,  99.9
  8, 139, 30.17736684, 94.71112929,  99.9
  9, 139, 30.17109367, 94.71121478,  99.9
 10, 139, 30.16489771, 94.71127475,  99.9
 11, 139, 30.15877765, 94.71130922,  99.9
 12, 139, 30.15273224, 94.71131820,  99.9
 13, 139, 30.14676020, 94.71130170,  99.9
 14, 139, 30.14086031, 94.71125973,  99.9
 15, 139, 30.13503132, 94.71119226,  99.9
 16, 139, 30.12927203, 94.71109930,  99.9
 17, 139, 30.12358125, 94.71098084,  99.9
 18, 139, 30.11795777, 94.71083684,  99.9
 19, 139, 30.11240045, 94.71066729,  99.9
 20, 139, 30.10690811, 94.71047215,  99.9
 21, 139, 30.10147962, 94.71025138,  99.9
 22, 139, 30.09611385, 94.71000495,  99.9
 23, 139, 30.09080967, 94.70973281,  99.9
 24, 139, 30.08556600, 94.70943490,  99.9
 25, 139, 30.08038173, 94.70911116,  99.9
 26, 139, 30.07525579, 94.70876154,  99.9
 27, 139, 30.07018710, 94.70838595,  99.9
 28, 139, 30.06517463, 94.70798433,  99.9
 29, 139, 30.06021731, 94.70755660,  99.9
 30, 139, 30.05531413, 94.70710267,  99.9
 31, 139, 30.05046406, 94.70662245,  99.9
 32, 139, 30.04566608, 94.70611584,  99.9
 33, 139, 30.04091921, 94.70558274,  99.9
 34, 139, 30.03622246, 94.70502304,  99.9
 35, 139, 30.03157484, 94.70443663,  99.9
 36, 139, 30.02697539, 94.70382339,  99.9
 37, 139, 30.02242315, 94.70318319,  99.9
 38, 139, 30.01791718, 94.70251591,  99.9
 39, 139, 30.01345653, 94.70182141,  99.9
 40, 139, 30.00904029, 94.70109954,  99.9
 41, 139, 30.00466752, 94.70035016,  99.9
 42, 139, 30.00033732, 94.69957311,  99.9
 43, 139, 29.99604878, 94.69876824,  99.9
 44, 139, 29.99180102, 94.69793538,  99.9
 45, 139, 29.98759315, 94.69707436,  99.9
 46, 139, 29.98342430, 94.69618501,  99.9
 47, 139, 29.97929359, 94.69526713,  99.9
 48, 139, 29.97520016, 94.69432055,  99.9
 49, 139, 29.97114317, 94.69334507,  99.9
 50, 139, 29.96712177, 94.69234049,  99.9
 51, 139, 29.96313511, 94.69130659,  99.9
 52, 139, 29.95918238, 94.69024317,  99.9
 53, 139, 29.95526275, 94.68915002,  99.9
 54, 139, 29.95137539, 94.68802689,  99.9
 55, 139, 29.94751951, 94.68687357,  99.9
 56, 139, 29.94369430, 94.68568982,  99.9
 57, 139, 29.93989896, 94.68447539,  99.9
 58, 139, 29.93613270, 94.68323003,  99.9
 59, 139, 29.93239474, 94.68195348,  99.9
 60, 139, 29.92868429, 94.68064548,  99.9
 61, 139, 29.92500059, 94.67930577,  99.9
 62, 139, 29.92134287, 94.67793406,  99.9
 63, 139, 29.91771036, 94.67653007,  99.9
 64, 139, 29.91410231, 94.67509351,  99.9
 65, 139, 29.91051797, 94.67362409,  99.9
 66, 139, 29.90695658, 94.67212151,  99.9
 67, 139, 29.90341742, 94.67058544,  99.9
 68, 139, 29.89989973, 94.66901558,  99.9
 69, 139, 29.89640279, 94.66741160,  99.9
 70, 139, 29.89292587, 94.66577318,  99.9
 71, 139, 29.88946824, 94.66409996,  99.9
 72, 139, 29.88602919, 94.66239161,  99.9
 73, 139, 29.88260799, 94.66064777,  99.9
 74, 139, 29.87920393, 94.65886809,  99.9
 75, 139, 29.87581630, 94.65705219,  99.9
 76, 139, 29.87244440, 94.65519970,  99.9
 77, 139, 29.86908752, 94.65331024,  99.9
 78, 139, 29.86574496, 94.65138341,  99.9
 79, 139, 29.86241603, 94.64941883,  99.9
 80, 139, 29.85910003, 94.64741608,  99.9
 81, 139, 29.85579626, 94.64537475,  99.9
 82, 139, 29.85250405, 94.64329442,  99.9
 83, 139, 29.84922270, 94.64117465,   0.3
 84, 139, 29.84595153, 94.63901502,  99.9
 85, 139, 29.84268985, 94.63681507,  99.9
 86, 139, 29.83943699, 94.63457434,  99.9
 87, 139, 29.83619226, 94.63229239,  99.9
 88, 139, 29.83295499, 94.62996873,  99.9
 89, 139, 29.82972451, 94.62760289,  99.9
 90, 139, 29.82650013, 94.62519437,  99.9
 91, 139, 29.82328118, 94.62274268,  99.9
 92, 139, 29.82006700, 94.62024732,  99.9
 93, 139, 29.81685691, 94.61770776,  99.9
 94, 139, 29.81365024, 94.61512349,  99.9
 95, 139, 29.81044632, 94.61249396,  99.9
 96, 139, 29.80724448, 94.60981864,  99.9
 97, 139, 29.80404406, 94.60709697,  99.9
 98, 139, 29.80084437, 94.60432839,  99.9
 99, 139, 29.79764476, 94.60151234,  99.9
100, 139, 29.79444456, 94.59864822,  99.9
101, 139, 29.79124309, 94.59573545,  99.9
102, 139, 29.78803969, 94.59277342,  99.9
103, 139, 29.78483369, 94.58976153,  99.9
104, 139, 29.78162441, 94.58669915,  99.9
105, 139, 29.77841119, 94.58358565,  99.9
106, 139, 29.77519335, 94.58042038,  99.9
107, 139, 29.77197022, 94.57720270,  99.9
108, 139, 29.76874113, 94.57393195,  99.9
109, 139, 29.76550539, 94.57060743,  99.9
110, 139, 29.76226234, 94.56722848,  99.9
111, 139, 29.75901128, 94.56379438,  99.9
112, 139, 29.75575155, 94.56030444,  99.9
113, 139, 29.75248246, 94.55675794,  99.9
114, 139, 29.74920333, 94.55315413,  99.9
115, 139, 29.74591346, 94.54949229,  99.9
116, 139, 29.74261216, 94.54577165,  99.9
117, 139, 29.73929875, 94.54199144,  99.9
118, 139, 29.73597254, 94.53815090,  99.9
119, 139, 29.73263281, 94.53424921,  99.9
120, 139, 29.72927888, 94.53028559,  99.9
121, 139, 29.72591004, 94.52625922,  99.9
122, 139, 29.72252559, 94.52216926,  99.9
123, 139, 29.71912480, 94.51801486,  99.9
124, 139, 29.71570697, 94.51379519,  99.9
125, 139, 29.71227139, 94.50950936,  99.9
126, 139, 29.70881732, 94.50515650,  99.9
127, 139, 29.70534405, 94.50073570,  99.9
128, 139, 29.70185084, 94.49624606,  99.9
129, 139, 29.69833696, 94.49168665,  99.9
130, 139, 29.69480168, 94.48705653,  99.9
131, 139, 29.69124424, 94.48235476,  99.9
132, 139, 29.68766391, 94.47758036,  99.9
133, 139, 29.68405993, 94.47273235,   6.3
134, 139, 29.68043153, 94.46780973,  99.9
135, 139, 29.67677796, 94.46281149,  99.9
136, 139, 29.67309845, 94.45773660,  99.9
137, 139, 29.66939222, 94.45258402,   6.9
138, 139, 29.66565850, 94.44735269,   6.9
139, 139, 29.66189649, 94.44204153,   7.2
140, 139, 29.65810541, 94.43664946,   7.3
141, 139, 29.65428445, 94.43117535,   7.3
142, 139, 29.65043281, 94.42561810,   7.2
143, 139, 29.64654968, 94.41997655,   7.2
144, 139, 29.64263424, 94.41424954,   7.1
145, 139, 29.63868566, 94.40843591,   7.1
146, 139, 29.63470311, 94.40253446,   7.2
147, 139, 29.63068575, 94.39654397,   7.2
148, 139, 29.62663273, 94.39046321,   7.3
149, 139, 29.62254320, 94.38429095,   7.4
150, 139, 29.61841629, 94.37802590,   7.5
151, 139, 29.61425113, 94.37166679,   7.6
152, 139, 29.61004684, 94.36521231,   7.6
153, 139, 29.60580253, 94.35866114,   7.6
154, 139, 29.60151730, 94.35201193,   7.7
155, 139, 29.59719025, 94.34526333,   7.8
156, 139, 29.59282046, 94.33841394,   8.0
157, 139, 29.58840701, 94.33146237,   8.2
158, 139, 29.58394895, 94.32440718,   8.3
159, 139, 29.57944536, 94.31724694,   8.5
160, 139, 29.57489526, 94.30998019,   8.5
161, 139, 29.57029771, 94.30260542,   8.5
162, 139, 29.56565172, 94.29512113,   8.5
163, 139, 29.56095630, 94.28752580,   8.4
164, 139, 29.55621047, 94.27981786,   8.3
165, 139, 29.55141322, 94.27199574,   8.1
166, 139, 29.54656352, 94.26405784,   8.0
167, 139, 29.54166034, 94.25600253,   7.9
168, 139, 29.53670265, 94.24782818,   7.8
169, 139, 29.53168940, 94.23953311,   7.7
170, 139, 29.52661950, 94.23111563,   7.6
171, 139, 29.52149190, 94.22257401,   7.5
172, 139, 29.51630549, 94.21390652,   7.3
173, 139, 29.51105917, 94.20511138,   7.2
174, 139, 29.50575182, 94.19618680,   7.1
175, 139, 29.50038232, 94.18713096,   7.0
176, 139, 29.49494953, 94.17794202,   6.9
177, 139, 29.48945227, 94.16861809,   6.8
178, 139, 29.48388938, 94.15915728,   6.7
179, 139, 29.47825967, 94.14955766,   6.6
180, 139, 29.47256195, 94.13981727,   6.4
181, 139, 29.46679499, 94.12993414,   6.3
182, 139, 29.46095756, 94.11990625,   6.2
183, 139, 29.45504842, 94.10973155,   6.1
184, 139, 29.44906630, 94.09940799,   6.0
185, 139, 29.44300993, 94.08893345,   5.9
186, 139, 29.43687799, 94.07830582,   5.8
187, 139, 29.43066920, 94.06752293,   5.7
188, 139, 29.42438221, 94.05658258,   5.7
189, 139, 29.41801567, 94.04548257,   5.7
190, 139, 29.41156823, 94.03422063,   5.6
191, 139, 29.40503850, 94.02279447,   5.6
192, 139, 29.39842507, 94.01120179,   5.6
193, 139, 29.39172654, 93.99944023,   5.5
194, 139, 29.38494145, 93.98750741,   5.5
195, 139, 29.37806836, 93.97540090,   5.5
196, 139, 29.37110579, 93.96311825,   5.5
197, 139, 29.36405223, 93.95065699,   5.4
198, 139, 29.35690618, 93.93801458,   5.4
199, 139, 29.34966608, 93.92518847,   5.3
200, 139, 29.34233039, 93.91217606,   5.3
201, 139, 29.33489752, 93.89897473,   5.2
202, 139, 29.32736587, 93.88558180,   5.2
203, 139, 29.31973381, 93.87199457,   5.1
204, 139, 29.31199970, 93.85821030,   5.1
205, 139, 29.30416187, 93.84422621,   5.0
206, 139, 29.29621863, 93.83003948,   4.9
207, 139, 29.28816824, 93.81564723,   4.8
208, 139, 29.28000899, 93.80104659,   4.7
209, 139, 29.27173909, 93.78623460,   4.7
210, 139, 29.26335676, 93.77120828,   4.6
211, 139, 29.25486018, 93.75596460,   4.5
212, 139, 29.24624752, 93.74050052,   4.4
213, 139, 29.23751690, 93.72481290,   4.3
214, 139, 29.22866642, 93.70889861,   4.2
215, 139, 29.21969417, 93.69275444,   4.2
216, 139, 29.21059819, 93.67637715,   4.1
217, 139, 29.20137651, 93.65976347,   4.0
218, 139, 29.19202713, 93.64291005,   3.9
219, 139, 29.18254800, 93.62581353,   3.8
220, 139, 29.17293706, 93.60847047,   3.7
221, 139, 29.16319221, 93.59087741,   3.6
222, 139, 29.15331134, 93.57303083,   3.5
223, 139, 29.14329228, 93.55492715,   3.4
224, 139, 29.13313285, 93.53656277,   3.3
225, 139, 29.12283083, 93.51793400,   3.2
226, 139, 29.11238395, 93.49903715,   3.1
227, 139, 29.10178995, 93.47986843,   3.0
228, 139, 29.09104649, 93.46042403,   2.9
229, 139, 29.08015123, 93.44070007,   2.7
230, 139, 29.06910177, 93.42069263,   2.6
231, 139, 29.05789569, 93.40039772,   2.5
232, 139, 29.04653052, 93.37981132,   2.4
233, 139, 29.03500378, 93.35892933,   2.2
234, 139, 29.02331293, 93.33774761,   2.1
235, 139, 29.01145539, 93.31626195,   1.9
236, 139, 28.99942855, 93.29446810,   1.8
237, 139, 28.98722977, 93.27236174,   1.7
238, 139, 28.97485635, 93.24993849,   1.8
239, 139, 28.96230556, 93.22719391,   1.8
240, 139, 28.94957463, 93.20412352,   1.9
241, 139, 28.93666074, 93.18072275,   1.9
  1, 140, 30.22326662, 94.70188801,  99.9
  2, 140, 30.21643871, 94.70225421,  99.9
  3, 140, 30.20969742, 94.70259298,  99.9
  4, 140, 30.20304137, 94.70290438,  99.9
  5, 140, 30.19646916, 94.70318848,  99.9
  6, 140, 30.18997943, 94.70344536,  99.9
  7, 140, 30.18357082, 94.70367508,  99.9
  8, 140, 30.17724201, 94.70387767,  99.9
  9, 140, 30.17099168, 94.70405321,  99.9
 10, 140, 30.16481853, 94.70420171,  99.9
 11, 140, 30.15872127, 94.70432323,  99.9
 12, 140, 30.15269863, 94.70441780,  99.9
 13, 140, 30.14674937, 94.70448543,  99.9
 14, 140, 30.14087224, 94.70452614,  99.9
 15, 140, 30.13506602, 94.70453996,  99.9
 16, 140, 30.12932951, 94.70452688,  99.9
 17, 140, 30.12366151, 94.70448691,  99.9
 18, 140, 30.11806084, 94.70442005,  99.9
 19, 140, 30.11252633, 94.70432629,  99.9
 20, 140, 30.10705684, 94.70420560,  99.9
 21, 140, 30.10165123, 94.70405797,  99.9
 22, 140, 30.09630837, 94.70388338,  99.9
 23, 140, 30.09102715, 94.70368179,  99.9
 24, 140, 30.08580647, 94.70345316,  99.9
 25, 140, 30.08064524, 94.70319745,  99.9
 26, 140, 30.07554240, 94.70291461,  99.9
 27, 140, 30.07049687, 94.70260458,  99.9
 28, 140, 30.06550762, 94.70226731,  99.9
 29, 140, 30.06057359, 94.70190272,  99.9
 30, 140, 30.05569377, 94.70151075,  99.9
 31, 140, 30.05086714, 94.70109132,  99.9
 32, 140, 30.04609269, 94.70064433,  99.9
 33, 140, 30.04136944, 94.70016971,  99.9
 34, 140, 30.03669639, 94.69966736,  99.9
 35, 140, 30.03207257, 94.69913717,  99.9
 36, 140, 30.02749703, 94.69857904,  99.9
 37, 140, 30.02296881, 94.69799285,  99.9
 38, 140, 30.01848696, 94.69737849,  99.9
 39, 140, 30.01405056, 94.69673583,  99.9
 40, 140, 30.00965868, 94.69606474,  99.9
 41, 140, 30.00531041, 94.69536509,  99.9
 42, 140, 30.00100484, 94.69463673,  99.9
 43, 140, 29.99674108, 94.69387950,  99.9
 44, 140, 29.99251823, 94.69309327,  99.9
 45, 140, 29.98833542, 94.69227786,  99.9
 46, 140, 29.98419178, 94.69143311,  99.9
 47, 140, 29.98008645, 94.69055885,  99.9
 48, 140, 29.97601856, 94.68965489,  99.9
 49, 140, 29.97198728, 94.68872106,  99.9
 50, 140, 29.96799176, 94.68775715,  99.9
 51, 140, 29.96403117, 94.68676298,  99.9
 52, 140, 29.96010469, 94.68573833,  99.9
 53, 140, 29.95621150, 94.68468300,  99.9
 54, 140, 29.95235079, 94.68359677,  99.9
 55, 140, 29.94852175, 94.68247941,  99.9
 56, 140, 29.94472359, 94.68133070,  99.9
 57, 140, 29.94095551, 94.68015040,  99.9
 58, 140, 29.93721673, 94.67893827,  99.9
 59, 140, 29.93350648, 94.67769405,  99.9
 60, 140, 29.92982398, 94.67641750,  99.9
 61, 140, 29.92616845, 94.67510834,  99.9
 62, 140, 29.92253915, 94.67376631,  99.9
 63, 140, 29.91893531, 94.67239112,  99.9
 64, 140, 29.91535618, 94.67098251,  99.9
 65, 140, 29.91180102, 94.66954017,  99.9
 66, 140, 29.90826909, 94.66806381,  99.9
 67, 140, 29.90475965, 94.66655312,  99.9
 68, 140, 29.90127196, 94.66500780,  99.9
 69, 140, 29.89780531, 94.66342752,  99.9
 70, 140, 29.89435897, 94.66181195,  99.9
 71, 140, 29.89093221, 94.66016077,  99.9
 72, 140, 29.88752434, 94.65847363,  99.9
 73, 140, 29.88413463, 94.65675019,  99.9
 74, 140, 29.88076238, 94.65499008,  99.9
 75, 140, 29.87740688, 94.65319295,  99.9
 76, 140, 29.87406744, 94.65135843,  99.9
 77, 140, 29.87074336, 94.64948612,  99.9
 78, 140, 29.86743395, 94.64757566,  99.9
 79, 140, 29.86413851, 94.64562664,  99.9
 80, 140, 29.86085636, 94.64363866,  99.9
 81, 140, 29.85758681, 94.64161131,  99.9
 82, 140, 29.85432919, 94.63954417,  99.9
 83, 140, 29.85108281, 94.63743682,   0.4
 84, 140, 29.84784699, 94.63528881,  99.9
 85, 140, 29.84462106, 94.63309971,  99.9
 86, 140, 29.84140435, 94.63086906,  99.9
 87, 140, 29.83819618, 94.62859641,  99.9
 88, 140, 29.83499588, 94.62628128,  99.9
 89, 140, 29.83180279, 94.62392319,  99.9
 90, 140, 29.82861625, 94.62152166,  99.9
 91, 140, 29.82543557, 94.61907619,  99.9
 92, 140, 29.82226011, 94.61658628,  99.9
 93, 140, 29.81908919, 94.61405141,  99.9
 94, 140, 29.81592215, 94.61147106,  99.9
 95, 140, 29.81275834, 94.60884469,  99.9
 96, 140, 29.80959709, 94.60617177,  99.9
 97, 140, 29.80643774, 94.60345174,  99.9
 98, 140, 29.80327963, 94.60068403,  99.9
 99, 140, 29.80012210, 94.59786809,  99.9
100, 140, 29.79696448, 94.59500332,  99.9
101, 140, 29.79380613, 94.59208913,  99.9
102, 140, 29.79064638, 94.58912493,  99.9
103, 140, 29.78748456, 94.58611010,  99.9
104, 140, 29.78432003, 94.58304402,  99.9
105, 140, 29.78115210, 94.57992605,  99.9
106, 140, 29.77798013, 94.57675556,  99.9
107, 140, 29.77480344, 94.57353188,  99.9
108, 140, 29.77162138, 94.57025436,  99.9
109, 140, 29.76843328, 94.56692231,  99.9
110, 140, 29.76523846, 94.56353505,  99.9
111, 140, 29.76203626, 94.56009187,  99.9
112, 140, 29.75882602, 94.55659208,  99.9
113, 140, 29.75560704, 94.55303495,  99.9
114, 140, 29.75237868, 94.54941973,  99.9
115, 140, 29.74914023, 94.54574570,  99.9
116, 140, 29.74589104, 94.54201208,  99.9
117, 140, 29.74263040, 94.53821812,  99.9
118, 140, 29.73935765, 94.53436302,  99.9
119, 140, 29.73607210, 94.53044599,  99.9
120, 140, 29.73277305, 94.52646623,  99.9
121, 140, 29.72945982, 94.52242292,  99.9
122, 140, 29.72613170, 94.51831521,  99.9
123, 140, 29.72278800, 94.51414227,  99.9
124, 140, 29.71942803, 94.50990323,  99.9
125, 140, 29.71605106, 94.50559723,  99.9
126, 140, 29.71265640, 94.50122337,  99.9
127, 140, 29.70924332, 94.49678075,  99.9
128, 140, 29.70581112, 94.49226846,  99.9
129, 140, 29.70235908, 94.48768557,  99.9
130, 140, 29.69888645, 94.48303113,  99.9
131, 140, 29.69539252, 94.47830419,  99.9
132, 140, 29.69187656, 94.47350378,  99.9
133, 140, 29.68833781, 94.46862889,  99.9
134, 140, 29.68477554, 94.46367855,  99.9
135, 140, 29.68118900, 94.45865171,  99.9
136, 140, 29.67757742, 94.45354736,  99.9
137, 140, 29.67394006, 94.44836443,  99.9
138, 140, 29.67027614, 94.44310187,   7.0
139, 140, 29.66658490, 94.43775858,   7.2
140, 140, 29.66286555, 94.43233348,   7.2
141, 140, 29.65911731, 94.42682545,   7.2
142, 140, 29.65533939, 94.42123335,   7.2
143, 140, 29.65153099, 94.41555604,   7.1
144, 140, 29.64769131, 94.40979234,   7.1
145, 140, 29.64381955, 94.40394108,   7.1
146, 140, 29.63991487, 94.39800106,   7.1
147, 140, 29.63597647, 94.39197104,   7.2
148, 140, 29.63200349, 94.38584980,   7.3
149, 140, 29.62799512, 94.37963608,   7.4
150, 140, 29.62395049, 94.37332860,   7.4
151, 140, 29.61986876, 94.36692607,   7.6
152, 140, 29.61574906, 94.36042717,   7.6
153, 140, 29.61159052, 94.35383058,   7.7
154, 140, 29.60739226, 94.34713493,   7.7
155, 140, 29.60315338, 94.34033886,   7.8
156, 140, 29.59887301, 94.33344096,   7.9
157, 140, 29.59455021, 94.32643984,   8.1
158, 140, 29.59018409, 94.31933405,   8.2
159, 140, 29.58577372, 94.31212213,   8.4
160, 140, 29.58131815, 94.30480262,   8.5
161, 140, 29.57681645, 94.29737401,   8.5
162, 140, 29.57226766, 94.28983477,   8.5
163, 140, 29.56767081, 94.28218337,   8.4
164, 140, 29.56302493, 94.27441824,   8.3
165, 140, 29.55832903, 94.26653780,   8.2
166, 140, 29.55358212, 94.25854042,   8.1
167, 140, 29.54878318, 94.25042447,   8.0
168, 140, 29.54393120, 94.24218830,   7.9
169, 140, 29.53902514, 94.23383022,   7.8
170, 140, 29.53406396, 94.22534853,   7.6
171, 140, 29.52904659, 94.21674148,   7.5
172, 140, 29.52397199, 94.20800733,   7.4
173, 140, 29.51883905, 94.19914428,   7.3
174, 140, 29.51364670, 94.19015053,   7.2
175, 140, 29.50839382, 94.18102425,   7.1
176, 140, 29.50307928, 94.17176356,   7.0
177, 140, 29.49770197, 94.16236659,   6.9
178, 140, 29.49226073, 94.15283142,   6.8
179, 140, 29.48675439, 94.14315610,   6.6
180, 140, 29.48118178, 94.13333866,   6.5
181, 140, 29.47554172, 94.12337709,   6.4
182, 140, 29.46983298, 94.11326939,   6.3
183, 140, 29.46405436, 94.10301347,   6.2
184, 140, 29.45820462, 94.09260726,   6.1
185, 140, 29.45228250, 94.08204864,   6.0
186, 140, 29.44628673, 94.07133547,   5.9
187, 140, 29.44021604, 94.06046555,   5.8
188, 140, 29.43406911, 94.04943669,   5.8
189, 140, 29.42784464, 94.03824664,   5.7
190, 140, 29.42154127, 94.02689313,   5.7
191, 140, 29.41515767, 94.01537385,   5.6
192, 140, 29.40869245, 94.00368647,   5.6
193, 140, 29.40214424, 93.99182861,   5.6
194, 140, 29.39551162, 93.97979788,   5.6
195, 140, 29.38879316, 93.96759182,   5.5
196, 140, 29.38198742, 93.95520796,   5.5
197, 140, 29.37509293, 93.94264380,   5.5
198, 140, 29.36810821, 93.92989680,   5.4
199, 140, 29.36103176, 93.91696436,   5.4
200, 140, 29.35386204, 93.90384388,   5.3
201, 140, 29.34659750, 93.89053270,   5.3
202, 140, 29.33923659, 93.87702813,   5.2
203, 140, 29.33177770, 93.86332744,   5.2
204, 140, 29.32421923, 93.84942786,   5.1
205, 140, 29.31655955, 93.83532658,   5.1
206, 140, 29.30879699, 93.82102076,   5.0
207, 140, 29.30092987, 93.80650751,   4.9
208, 140, 29.29295649, 93.79178391,   4.8
209, 140, 29.28487513, 93.77684698,   4.7
210, 140, 29.27668402, 93.76169372,   4.6
211, 140, 29.26838139, 93.74632108,   4.6
212, 140, 29.25996544, 93.73072596,   4.5
213, 140, 29.25143434, 93.71490522,   4.4
214, 140, 29.24278624, 93.69885569,   4.3
215, 140, 29.23401924, 93.68257413,   4.2
216, 140, 29.22513145, 93.66605728,   4.1
217, 140, 29.21612093, 93.64930182,   4.1
218, 140, 29.20698572, 93.63230439,   4.0
219, 140, 29.19772381, 93.61506158,   3.9
220, 140, 29.18833320, 93.59756993,   3.8
221, 140, 29.17881182, 93.57982594,   3.7
222, 140, 29.16915761, 93.56182606,   3.6
223, 140, 29.15936844, 93.54356668,   3.5
224, 140, 29.14944218, 93.52504416,   3.4
225, 140, 29.13937665, 93.50625478,   3.3
226, 140, 29.12916964, 93.48719480,   3.2
227, 140, 29.11881893, 93.46786042,   3.0
228, 140, 29.10832223, 93.44824777,   2.9
229, 140, 29.09767724, 93.42835294,   2.8
230, 140, 29.08688163, 93.40817197,   2.7
231, 140, 29.07593301, 93.38770085,   2.5
232, 140, 29.06482898, 93.36693549,   2.4
233, 140, 29.05356709, 93.34587178,   2.3
234, 140, 29.04214487, 93.32450551,   2.1
235, 140, 29.03055979, 93.30283246,   2.0
236, 140, 29.01880929, 93.28084831,   1.9
237, 140, 29.00689078, 93.25854871,   1.7
238, 140, 28.99480162, 93.23592925,   1.8
239, 140, 28.98253914, 93.21298543,   1.8
240, 140, 28.97010063, 93.18971273,   1.9
241, 140, 28.95748332, 93.16610653,   2.0
  1, 141, 30.22289238, 94.69398976,  99.9
  2, 141, 30.21608903, 94.69445703,  99.9
  3, 141, 30.20937223, 94.69489522,  99.9
  4, 141, 30.20274060, 94.69530442,  99.9
  5, 141, 30.19619274, 94.69568473,  99.9
  6, 141, 30.18972730, 94.69603623,  99.9
  7, 141, 30.18334293, 94.69635901,  99.9
  8, 141, 30.17703831, 94.69665313,  99.9
  9, 141, 30.17081212, 94.69691866,  99.9
 10, 141, 30.16466307, 94.69715567,  99.9
 11, 141, 30.15858988, 94.69736421,  99.9
 12, 141, 30.15259129, 94.69754432,  99.9
 13, 141, 30.14666604, 94.69769606,  99.9
 14, 141, 30.14081291, 94.69781946,  99.9
 15, 141, 30.13503068, 94.69791455,  99.9
 16, 141, 30.12931815, 94.69798135,  99.9
 17, 141, 30.12367412, 94.69801989,  99.9
 18, 141, 30.11809742, 94.69803017,  99.9
 19, 141, 30.11258690, 94.69801220,  99.9
 20, 141, 30.10714140, 94.69796599,  99.9
 21, 141, 30.10175979, 94.69789153,  99.9
 22, 141, 30.09644096, 94.69778881,  99.9
 23, 141, 30.09118380, 94.69765781,  99.9
 24, 141, 30.08598721, 94.69749850,  99.9
 25, 141, 30.08085011, 94.69731087,  99.9
 26, 141, 30.07577143, 94.69709487,  99.9
 27, 141, 30.07075012, 94.69685046,  99.9
 28, 141, 30.06578513, 94.69657760,  99.9
 29, 141, 30.06087542, 94.69627623,  99.9
 30, 141, 30.05601999, 94.69594630,  99.9
 31, 141, 30.05121781, 94.69558773,  99.9
 32, 141, 30.04646788, 94.69520046,  99.9
 33, 141, 30.04176923, 94.69478442,  99.9
 34, 141, 30.03712086, 94.69433951,  99.9
 35, 141, 30.03252182, 94.69386565,  99.9
 36, 141, 30.02797114, 94.69336274,  99.9
 37, 141, 30.02346788, 94.69283068,  99.9
 38, 141, 30.01901110, 94.69226937,  99.9
 39, 141, 30.01459987, 94.69167869,  99.9
 40, 141, 30.01023328, 94.69105852,  99.9
 41, 141, 30.00591041, 94.69040873,  99.9
 42, 141, 30.00163037, 94.68972920,  99.9
 43, 141, 29.99739227, 94.68901978,  99.9
 44, 141, 29.99319522, 94.68828033,  99.9
 45, 141, 29.98903834, 94.68751070,  99.9
 46, 141, 29.98492078, 94.68671073,  99.9
 47, 141, 29.98084168, 94.68588025,  99.9
 48, 141, 29.97680018, 94.68501911,  99.9
 49, 141, 29.97279545, 94.68412711,  99.9
 50, 141, 29.96882665, 94.68320408,  99.9
 51, 141, 29.96489296, 94.68224983,  99.9
 52, 141, 29.96099355, 94.68126416,  99.9
 53, 141, 29.95712761, 94.68024688,  99.9
 54, 141, 29.95329435, 94.67919776,  99.9
 55, 141, 29.94949295, 94.67811660,  99.9
 56, 141, 29.94572263, 94.67700318,  99.9
 57, 141, 29.94198261, 94.67585725,  99.9
 58, 141, 29.93827210, 94.67467860,  99.9
 59, 141, 29.93459033, 94.67346697,  99.9
 60, 141, 29.93093653, 94.67222211,  99.9
 61, 141, 29.92730995, 94.67094378,  99.9
 62, 141, 29.92370982, 94.66963170,  99.9
 63, 141, 29.92013540, 94.66828561,  99.9
 64, 141, 29.91658594, 94.66690523,  99.9
 65, 141, 29.91306071, 94.66549026,  99.9
 66, 141, 29.90955896, 94.66404044,  99.9
 67, 141, 29.90607998, 94.66255544,  99.9
 68, 141, 29.90262302, 94.66103497,  99.9
 69, 141, 29.89918738, 94.65947871,  99.9
 70, 141, 29.89577233, 94.65788634,  99.9
 71, 141, 29.89237717, 94.65625754,  99.9
 72, 141, 29.88900118, 94.65459196,  99.9
 73, 141, 29.88564367, 94.65288927,  99.9
 74, 141, 29.88230393, 94.65114911,  99.9
 75, 141, 29.87898127, 94.64937111,  99.9
 76, 141, 29.87567499, 94.64755493,  99.9
 77, 141, 29.87238440, 94.64570017,  99.9
 78, 141, 29.86910882, 94.64380646,  99.9
 79, 141, 29.86584756, 94.64187340,  99.9
 80, 141, 29.86259995, 94.63990061,  99.9
 81, 141, 29.85936530, 94.63788766,  99.9
 82, 141, 29.85614295, 94.63583414,  99.9
 83, 141, 29.85293221, 94.63373963,  99.9
 84, 141, 29.84973242, 94.63160370,  99.9
 85, 141, 29.84654291, 94.62942590,  99.9
 86, 141, 29.84336302, 94.62720579,  99.9
 87, 141, 29.84019208, 94.62494290,  99.9
 88, 141, 29.83702942, 94.62263678,  99.9
 89, 141, 29.83387440, 94.62028693,  99.9
 90, 141, 29.83072634, 94.61789289,  99.9
 91, 141, 29.82758460, 94.61545414,  99.9
 92, 141, 29.82444851, 94.61297020,  99.9
 93, 141, 29.82131743, 94.61044054,  99.9
 94, 141, 29.81819069, 94.60786465,  99.9
 95, 141, 29.81506764, 94.60524198,  99.9
 96, 141, 29.81194764, 94.60257201,  99.9
 97, 141, 29.80883002, 94.59985417,  99.9
 98, 141, 29.80571414, 94.59708791,  99.9
 99, 141, 29.80259934, 94.59427266,  99.9
100, 141, 29.79948498, 94.59140783,  99.9
101, 141, 29.79637040, 94.58849284,  99.9
102, 141, 29.79325496, 94.58552707,  99.9
103, 141, 29.79013799, 94.58250992,  99.9
104, 141, 29.78701885, 94.57944077,  99.9
105, 141, 29.78389688, 94.57631898,  99.9
106, 141, 29.78077144, 94.57314391,  99.9
107, 141, 29.77764186, 94.56991490,  99.9
108, 141, 29.77450749, 94.56663129,  99.9
109, 141, 29.77136768, 94.56329239,  99.9
110, 141, 29.76822177, 94.55989752,  99.9
111, 141, 29.76506910, 94.55644599,  99.9
112, 141, 29.76190900, 94.55293706,  99.9
113, 141, 29.75874082, 94.54937003,  99.9
114, 141, 29.75556389, 94.54574415,  99.9
115, 141, 29.75237755, 94.54205869,  99.9
116, 141, 29.74918113, 94.53831287,  99.9
117, 141, 29.74597395, 94.53450592,  99.9
118, 141, 29.74275535, 94.53063707,  99.9
119, 141, 29.73952465, 94.52670551,  99.9
120, 141, 29.73628117, 94.52271042,  99.9
121, 141, 29.73302423, 94.51865100,  99.9
122, 141, 29.72975315, 94.51452640,  99.9
123, 141, 29.72646724, 94.51033577,  99.9
124, 141, 29.72316581, 94.50607824,  99.9
125, 141, 29.71984817, 94.50175295,  99.9
126, 141, 29.71651362, 94.49735899,  99.9
127, 141, 29.71316146, 94.49289547,  99.9
128, 141, 29.70979098, 94.48836146,  99.9
129, 141, 29.70640148, 94.48375603,  99.9
130, 141, 29.70299224, 94.47907823,  99.9
131, 141, 29.69956255, 94.47432710,  99.9
132, 141, 29.69611168, 94.46950166,  99.9
133, 141, 29.69263891, 94.46460091,  99.9
134, 141, 29.68914350, 94.45962385,  99.9
135, 141, 29.68562473, 94.45456945,  99.9
136, 141, 29.68208185, 94.44943668,  99.9
137, 141, 29.67851411, 94.44422447,  99.9
138, 141, 29.67492076, 94.43893176,  99.9
139, 141, 29.67130105, 94.43355745,   7.2
140, 141, 29.66765421, 94.42810044,   7.2
141, 141, 29.66397947, 94.42255961,   7.1
142, 141, 29.66027605, 94.41693382,   7.1
143, 141, 29.65654319, 94.41122191,   7.0
144, 141, 29.65278007, 94.40542271,   7.0
145, 141, 29.64898593, 94.39953502,   7.0
146, 141, 29.64515994, 94.39355764,   7.1
147, 141, 29.64130130, 94.38748934,   7.2
148, 141, 29.63740920, 94.38132887,   7.3
149, 141, 29.63348282, 94.37507497,   7.3
150, 141, 29.62952132, 94.36872635,   7.4
151, 141, 29.62552387, 94.36228171,   7.5
152, 141, 29.62148962, 94.35573973,   7.6
153, 141, 29.61741771, 94.34909906,   7.7
154, 141, 29.61330729, 94.34235835,   7.7
155, 141, 29.60915748, 94.33551620,   7.7
156, 141, 29.60496741, 94.32857122,   7.8
157, 141, 29.60073618, 94.32152198,   8.0
158, 141, 29.59646290, 94.31436703,   8.1
159, 141, 29.59214666, 94.30710492,   8.2
160, 141, 29.58778655, 94.29973415,   8.4
161, 141, 29.58338164, 94.29225321,   8.6
162, 141, 29.57893100, 94.28466057,   8.5
163, 141, 29.57443368, 94.27695467,   8.5
164, 141, 29.56988872, 94.26913395,   8.4
165, 141, 29.56529516, 94.26119678,   8.3
166, 141, 29.56065202, 94.25314156,   8.2
167, 141, 29.55595832, 94.24496664,   8.1
168, 141, 29.55121306, 94.23667033,   7.9
169, 141, 29.54641521, 94.22825095,   7.8
170, 141, 29.54156378, 94.21970677,   7.7
171, 141, 29.53665771, 94.21103605,   7.6
172, 141, 29.53169596, 94.20223702,   7.5
173, 141, 29.52667748, 94.19330787,   7.4
174, 141, 29.52160120, 94.18424679,   7.3
175, 141, 29.51646603, 94.17505192,   7.2
176, 141, 29.51127087, 94.16572139,   7.1
177, 141, 29.50601462, 94.15625330,   7.0
178, 141, 29.50069616, 94.14664570,   6.9
179, 141, 29.49531434, 94.13689665,   6.7
180, 141, 29.48986801, 94.12700415,   6.6
181, 141, 29.48435602, 94.11696619,   6.5
182, 141, 29.47877717, 94.10678073,   6.4
183, 141, 29.47313028, 94.09644568,   6.3
184, 141, 29.46741413, 94.08595894,   6.2
185, 141, 29.46162750, 94.07531839,   6.1
186, 141, 29.45576915, 94.06452184,   6.0
187, 141, 29.44983782, 94.05356712,   5.9
188, 141, 29.44383225, 94.04245198,   5.8
189, 141, 29.43775112, 94.03117417,   5.8
190, 141, 29.43159315, 94.01973139,   5.7
191, 141, 29.42535701, 94.00812133,   5.7
192, 141, 29.41904136, 93.99634162,   5.6
193, 141, 29.41264483, 93.98438987,   5.6
194, 141, 29.40616605, 93.97226366,   5.6
195, 141, 29.39960363, 93.95996052,   5.6
196, 141, 29.39295615, 93.94747797,   5.5
197, 141, 29.38622217, 93.93481346,   5.5
198, 141, 29.37940024, 93.92196444,   5.5
199, 141, 29.37248890, 93.90892830,   5.4
200, 141, 29.36548664, 93.89570240,   5.4
201, 141, 29.35839196, 93.88228406,   5.3
202, 141, 29.35120332, 93.86867058,   5.3
203, 141, 29.34391916, 93.85485918,   5.2
204, 141, 29.33653791, 93.84084710,   5.2
205, 141, 29.32905797, 93.82663148,   5.1
206, 141, 29.32147772, 93.81220946,   5.0
207, 141, 29.31379551, 93.79757813,   5.0
208, 141, 29.30600967, 93.78273454,   4.9
209, 141, 29.29811852, 93.76767569,   4.8
210, 141, 29.29012035, 93.75239854,   4.7
211, 141, 29.28201340, 93.73690002,   4.6
212, 141, 29.27379593, 93.72117701,   4.5
213, 141, 29.26546613, 93.70522633,   4.5
214, 141, 29.25702220, 93.68904479,   4.4
215, 141, 29.24846230, 93.67262911,   4.3
216, 141, 29.23978455, 93.65597601,   4.2
217, 141, 29.23098707, 93.63908214,   4.1
218, 141, 29.22206793, 93.62194411,   4.0
219, 141, 29.21302519, 93.60455846,   3.9
220, 141, 29.20385686, 93.58692173,   3.9
221, 141, 29.19456094, 93.56903036,   3.8
222, 141, 29.18513540, 93.55088078,   3.7
223, 141, 29.17557817, 93.53246935,   3.6
224, 141, 29.16588715, 93.51379239,   3.4
225, 141, 29.15606022, 93.49484615,   3.3
226, 141, 29.14609521, 93.47562686,   3.2
227, 141, 29.13598995, 93.45613066,   3.1
228, 141, 29.12574220, 93.43635367,   3.0
229, 141, 29.11534971, 93.41629194,   2.9
230, 141, 29.10481019, 93.39594147,   2.7
231, 141, 29.09412133, 93.37529820,   2.6
232, 141, 29.08328075, 93.35435802,   2.5
233, 141, 29.07228607, 93.33311676,   2.3
234, 141, 29.06113486, 93.31157019,   2.2
235, 141, 29.04982466, 93.28971404,   2.0
236, 141, 29.03835295, 93.26754396,   1.9
237, 141, 29.02671720, 93.24505555,   1.7
238, 141, 29.01491483, 93.22224435,   1.8
239, 141, 29.00294323, 93.19910583,   1.8
240, 141, 28.99079973, 93.17563541,   1.9
241, 141, 28.97848164, 93.15182845,   2.0
  1, 142, 30.22242970, 94.68612070,  99.9
  2, 142, 30.21565233, 94.68668893,  99.9
  3, 142, 30.20896143, 94.68722644,  99.9
  4, 142, 30.20235560, 94.68773336,  99.9
  5, 142, 30.19583347, 94.68820978,  99.9
  6, 142, 30.18939367, 94.68865582,  99.9
  7, 142, 30.18303488, 94.68907159,  99.9
  8, 142, 30.17675577, 94.68945716,  99.9
  9, 142, 30.17055503, 94.68981264,  99.9
 10, 142, 30.16443138, 94.69013809,  99.9
 11, 142, 30.15838353, 94.69043360,  99.9
 12, 142, 30.15241023, 94.69069923,  99.9
 13, 142, 30.14651025, 94.69093504,  99.9
 14, 142, 30.14068234, 94.69114109,  99.9
 15, 142, 30.13492531, 94.69131742,  99.9
 16, 142, 30.12923795, 94.69146408,  99.9
 17, 142, 30.12361907, 94.69158111,  99.9
 18, 142, 30.11806752, 94.69166853,  99.9
 19, 142, 30.11258213, 94.69172636,  99.9
 20, 142, 30.10716176, 94.69175464,  99.9
 21, 142, 30.10180529, 94.69175335,  99.9
 22, 142, 30.09651161, 94.69172251,  99.9
 23, 142, 30.09127960, 94.69166213,  99.9
 24, 142, 30.08610818, 94.69157218,  99.9
 25, 142, 30.08099628, 94.69145265,  99.9
 26, 142, 30.07594283, 94.69130353,  99.9
 27, 142, 30.07094679, 94.69112479,  99.9
 28, 142, 30.06600710, 94.69091639,  99.9
 29, 142, 30.06112275, 94.69067830,  99.9
 30, 142, 30.05629271, 94.69041047,  99.9
 31, 142, 30.05151599, 94.69011284,  99.9
 32, 142, 30.04679158, 94.68978537,  99.9
 33, 142, 30.04211850, 94.68942798,  99.9
 34, 142, 30.03749579, 94.68904061,  99.9
 35, 142, 30.03292248, 94.68862317,  99.9
 36, 142, 30.02839762, 94.68817559,  99.9
 37, 142, 30.02392026, 94.68769777,  99.9
 38, 142, 30.01948948, 94.68718962,  99.9
 39, 142, 30.01510435, 94.68665103,  99.9
 40, 142, 30.01076395, 94.68608191,  99.9
 41, 142, 30.00646740, 94.68548212,  99.9
 42, 142, 30.00221378, 94.68485156,  99.9
 43, 142, 29.99800222, 94.68419008,  99.9
 44, 142, 29.99383184, 94.68349757,  99.9
 45, 142, 29.98970177, 94.68277387,  99.9
 46, 142, 29.98561116, 94.68201884,  99.9
 47, 142, 29.98155914, 94.68123233,  99.9
 48, 142, 29.97754487, 94.68041417,  99.9
 49, 142, 29.97356753, 94.67956419,  99.9
 50, 142, 29.96962628, 94.67868223,  99.9
 51, 142, 29.96572030, 94.67776810,  99.9
 52, 142, 29.96184877, 94.67682162,  99.9
 53, 142, 29.95801090, 94.67584259,  99.9
 54, 142, 29.95420588, 94.67483080,  99.9
 55, 142, 29.95043292, 94.67378606,  99.9
 56, 142, 29.94669123, 94.67270814,  99.9
 57, 142, 29.94298004, 94.67159683,  99.9
 58, 142, 29.93929857, 94.67045190,  99.9
 59, 142, 29.93564605, 94.66927311,  99.9
 60, 142, 29.93202173, 94.66806021,  99.9
 61, 142, 29.92842484, 94.66681297,  99.9
 62, 142, 29.92485464, 94.66553111,  99.9
 63, 142, 29.92131039, 94.66421439,  99.9
 64, 142, 29.91779134, 94.66286252,  99.9
 65, 142, 29.91429677, 94.66147523,  99.9
 66, 142, 29.91082594, 94.66005223,  99.9
 67, 142, 29.90737813, 94.65859323,  99.9
 68, 142, 29.90395263, 94.65709793,  99.9
 69, 142, 29.90054871, 94.65556601,  99.9
 70, 142, 29.89716568, 94.65399717,  99.9
 71, 142, 29.89380281, 94.65239108,  99.9
 72, 142, 29.89045942, 94.65074741,  99.9
 73, 142, 29.88713481, 94.64906582,  99.9
 74, 142, 29.88382827, 94.64734595,  99.9
 75, 142, 29.88053913, 94.64558747,  99.9
 76, 142, 29.87726670, 94.64379000,  99.9
 77, 142, 29.87401029, 94.64195317,  99.9
 78, 142, 29.87076923, 94.64007660,  99.9
 79, 142, 29.86754283, 94.63815991,  99.9
 80, 142, 29.86433044, 94.63620270,  99.9
 81, 142, 29.86113136, 94.63420457,  99.9
 82, 142, 29.85794495, 94.63216510,  99.9
 83, 142, 29.85477052, 94.63008387,  99.9
 84, 142, 29.85160743, 94.62796045,  99.9
 85, 142, 29.84845501, 94.62579440,  99.9
 86, 142, 29.84531260, 94.62358529,  99.9
 87, 142, 29.84217954, 94.62133264,  99.9
 88, 142, 29.83905519, 94.61903599,  99.9
 89, 142, 29.83593889, 94.61669488,  99.9
 90, 142, 29.83282998, 94.61430881,  99.9
 91, 142, 29.82972783, 94.61187729,  99.9
 92, 142, 29.82663177, 94.60939983,  99.9
 93, 142, 29.82354117, 94.60687591,  99.9
 94, 142, 29.82045538, 94.60430500,  99.9
 95, 142, 29.81737375, 94.60168658,  99.9
 96, 142, 29.81429564, 94.59902011,  99.9
 97, 142, 29.81122041, 94.59630503,  99.9
 98, 142, 29.80814741, 94.59354079,  99.9
 99, 142, 29.80507600, 94.59072681,  99.9
100, 142, 29.80200554, 94.58786251,  99.9
101, 142, 29.79893538, 94.58494731,  99.9
102, 142, 29.79586489, 94.58198059,  99.9
103, 142, 29.79279342, 94.57896175,  99.9
104, 142, 29.78972033, 94.57589016,  99.9
105, 142, 29.78664497, 94.57276520,  99.9
106, 142, 29.78356670, 94.56958620,  99.9
107, 142, 29.78048488, 94.56635253,  99.9
108, 142, 29.77739887, 94.56306350,  99.9
109, 142, 29.77430800, 94.55971845,  99.9
110, 142, 29.77121165, 94.55631667,  99.9
111, 142, 29.76810916, 94.55285748,  99.9
112, 142, 29.76499987, 94.54934015,  99.9
113, 142, 29.76188314, 94.54576396,  99.9
114, 142, 29.75875832, 94.54212816,  99.9
115, 142, 29.75562474, 94.53843202,  99.9
116, 142, 29.75248176, 94.53467477,  99.9
117, 142, 29.74932871, 94.53085563,  99.9
118, 142, 29.74616492, 94.52697382,  99.9
119, 142, 29.74298975, 94.52302853,  99.9
120, 142, 29.73980252, 94.51901896,  99.9
121, 142, 29.73660255, 94.51494426,  99.9
122, 142, 29.73338919, 94.51080361,  99.9
123, 142, 29.73016175, 94.50659616,  99.9
124, 142, 29.72691956, 94.50232102,  99.9
125, 142, 29.72366193, 94.49797733,  99.9
126, 142, 29.72038819, 94.49356418,  99.9
127, 142, 29.71709764, 94.48908067,  99.9
128, 142, 29.71378958, 94.48452588,  99.9
129, 142, 29.71046333, 94.47989886,  99.9
130, 142, 29.70711819, 94.47519866,  99.9
131, 142, 29.70375345, 94.47042431,  99.9
132, 142, 29.70036840, 94.46557484,  99.9
133, 142, 29.69696233, 94.46064923,  99.9
134, 142, 29.69353452, 94.45564649,  99.9
135, 142, 29.69008425, 94.45056557,  99.9
136, 142, 29.68661080, 94.44540543,  99.9
137, 142, 29.68311343, 94.44016502,  99.9
138, 142, 29.67959140, 94.43484324,   7.1
139, 142, 29.67604397, 94.42943901,   7.1
140, 142, 29.67247040, 94.42395122,   7.1
141, 142, 29.66886992, 94.41837873,   7.0
142, 142, 29.66524179, 94.41272040,   7.0
143, 142, 29.66158523, 94.40697507,   7.0
144, 142, 29.65789946, 94.40114155,   7.0
145, 142, 29.65418373, 94.39521865,   6.9
146, 142, 29.65043722, 94.38920515,   7.0
147, 142, 29.64665916, 94.38309981,   7.1
148, 142, 29.64284875, 94.37690137,   7.1
149, 142, 29.63900518, 94.37060858,   7.2
150, 142, 29.63512763, 94.36422012,   7.3
151, 142, 29.63121529, 94.35773470,   7.4
152, 142, 29.62726733, 94.35115097,   7.6
153, 142, 29.62328291, 94.34446759,   7.7
154, 142, 29.61926118, 94.33768319,   7.7
155, 142, 29.61520130, 94.33079637,   7.7
156, 142, 29.61110241, 94.32380573,   7.8
157, 142, 29.60696363, 94.31670982,   7.9
158, 142, 29.60278408, 94.30950719,   7.9
159, 142, 29.59856288, 94.30219636,   8.1
160, 142, 29.59429914, 94.29477585,   8.3
161, 142, 29.58999194, 94.28724411,   8.5
162, 142, 29.58564037, 94.27959962,   8.6
163, 142, 29.58124351, 94.27184081,   8.5
164, 142, 29.57680042, 94.26396608,   8.5
165, 142, 29.57231016, 94.25597383,   8.3
166, 142, 29.56777177, 94.24786241,   8.2
167, 142, 29.56318428, 94.23963017,   8.1
168, 142, 29.55854672, 94.23127543,   8.0
169, 142, 29.55385810, 94.22279647,   7.9
170, 142, 29.54911742, 94.21419156,   7.8
171, 142, 29.54432367, 94.20545894,   7.7
172, 142, 29.53947582, 94.19659682,   7.6
173, 142, 29.53457284, 94.18760340,   7.5
174, 142, 29.52961369, 94.17847683,   7.4
175, 142, 29.52459730, 94.16921526,   7.3
176, 142, 29.51952261, 94.15981679,   7.2
177, 142, 29.51438852, 94.15027950,   7.1
178, 142, 29.50919394, 94.14060144,   6.9
179, 142, 29.50393776, 94.13078065,   6.8
180, 142, 29.49861885, 94.12081511,   6.7
181, 142, 29.49323608, 94.11070280,   6.6
182, 142, 29.48778828, 94.10044165,   6.5
183, 142, 29.48227429, 94.09002957,   6.4
184, 142, 29.47669293, 94.07946444,   6.3
185, 142, 29.47104301, 94.06874411,   6.2
186, 142, 29.46532330, 94.05786640,   6.1
187, 142, 29.45953258, 94.04682909,   6.0
188, 142, 29.45366960, 94.03562993,   5.9
189, 142, 29.44773310, 94.02426665,   5.8
190, 142, 29.44172181, 94.01273694,   5.8
191, 142, 29.43563443, 94.00103845,   5.7
192, 142, 29.42946966, 93.98916880,   5.7
193, 142, 29.42322615, 93.97712559,   5.7
194, 142, 29.41690257, 93.96490636,   5.6
195, 142, 29.41049755, 93.95250865,   5.6
196, 142, 29.40400971, 93.93992992,   5.6
197, 142, 29.39743765, 93.92716763,   5.5
198, 142, 29.39077994, 93.91421920,   5.5
199, 142, 29.38403516, 93.90108199,   5.5
200, 142, 29.37720183, 93.88775335,   5.4
201, 142, 29.37027848, 93.87423057,   5.4
202, 142, 29.36326361, 93.86051092,   5.3
203, 142, 29.35615570, 93.84659162,   5.3
204, 142, 29.34895322, 93.83246986,   5.2
205, 142, 29.34165458, 93.81814277,   5.2
206, 142, 29.33425822, 93.80360747,   5.1
207, 142, 29.32676252, 93.78886101,   5.0
208, 142, 29.31916586, 93.77390043,   4.9
209, 142, 29.31146657, 93.75872269,   4.9
210, 142, 29.30366300, 93.74332473,   4.8
211, 142, 29.29575343, 93.72770346,   4.7
212, 142, 29.28773615, 93.71185571,   4.6
213, 142, 29.27960940, 93.69577831,   4.5
214, 142, 29.27137141, 93.67946800,   4.4
215, 142, 29.26302038, 93.66292151,   4.4
216, 142, 29.25455449, 93.64613551,   4.3
217, 142, 29.24597189, 93.62910662,   4.2
218, 142, 29.23727069, 93.61183141,   4.1
219, 142, 29.22844900, 93.59430643,   4.0
220, 142, 29.21950487, 93.57652814,   3.9
221, 142, 29.21043635, 93.55849299,   3.8
222, 142, 29.20124146, 93.54019735,   3.7
223, 142, 29.19191816, 93.52163755,   3.6
224, 142, 29.18246440, 93.50280989,   3.5
225, 142, 29.17287812, 93.48371058,   3.4
226, 142, 29.16315720, 93.46433580,   3.3
227, 142, 29.15329950, 93.44468169,   3.2
228, 142, 29.14330285, 93.42474431,   3.1
229, 142, 29.13316503, 93.40451967,   2.9
230, 142, 29.12288382, 93.38400375,   2.8
231, 142, 29.11245694, 93.36319244,   2.7
232, 142, 29.10188208, 93.34208161,   2.6
233, 142, 29.09115691, 93.32066703,   2.4
234, 142, 29.08027905, 93.29894445,   2.3
235, 142, 29.06924608, 93.27690955,   2.1
236, 142, 29.05805557, 93.25455793,   2.0
237, 142, 29.04670502, 93.23188517,   1.8
238, 142, 29.03519191, 93.20888675,   1.8
239, 142, 29.02351368, 93.18555811,   1.8
240, 142, 29.01166774, 93.16189463,   1.9
241, 142, 28.99965144, 93.13789162,   2.0
  1, 143, 30.22187866, 94.67828248,  99.9
  2, 143, 30.21512871, 94.67895155,  99.9
  3, 143, 30.20846510, 94.67958827,  99.9
  4, 143, 30.20188646, 94.68019278,  99.9
  5, 143, 30.19539142, 94.68076521,  99.9
  6, 143, 30.18897863, 94.68130570,  99.9
  7, 143, 30.18264675, 94.68181436,  99.9
  8, 143, 30.17639446, 94.68229130,  99.9
  9, 143, 30.17022047, 94.68273663,  99.9
 10, 143, 30.16412349, 94.68315046,  99.9
 11, 143, 30.15810226, 94.68353287,  99.9
 12, 143, 30.15215551, 94.68388395,  99.9
 13, 143, 30.14628202, 94.68420377,  99.9
 14, 143, 30.14048056, 94.68449243,  99.9
 15, 143, 30.13474993, 94.68474996,  99.9
 16, 143, 30.12908893, 94.68497645,  99.9
 17, 143, 30.12349639, 94.68517194,  99.9
 18, 143, 30.11797114, 94.68533647,  99.9
 19, 143, 30.11251204, 94.68547009,  99.9
 20, 143, 30.10711794, 94.68557283,  99.9
 21, 143, 30.10178773, 94.68564472,  99.9
 22, 143, 30.09652029, 94.68568577,  99.9
 23, 143, 30.09131453, 94.68569600,  99.9
 24, 143, 30.08616938, 94.68567542,  99.9
 25, 143, 30.08108375, 94.68562403,  99.9
 26, 143, 30.07605658, 94.68554182,  99.9
 27, 143, 30.07108685, 94.68542878,  99.9
 28, 143, 30.06617350, 94.68528488,  99.9
 29, 143, 30.06131551, 94.68511011,  99.9
 30, 143, 30.05651189, 94.68490443,  99.9
 31, 143, 30.05176162, 94.68466781,  99.9
 32, 143, 30.04706371, 94.68440019,  99.9
 33, 143, 30.04241720, 94.68410153,  99.9
 34, 143, 30.03782111, 94.68377177,  99.9
 35, 143, 30.03327449, 94.68341084,  99.9
 36, 143, 30.02877639, 94.68301867,  99.9
 37, 143, 30.02432587, 94.68259518,  99.9
 38, 143, 30.01992201, 94.68214030,  99.9
 39, 143, 30.01556389, 94.68165392,  99.9
 40, 143, 30.01125060, 94.68113595,  99.9
 41, 143, 30.00698125, 94.68058629,  99.9
 42, 143, 30.00275495, 94.68000482,  99.9
 43, 143, 29.99857082, 94.67939143,  99.9
 44, 143, 29.99442798, 94.67874599,  99.9
 45, 143, 29.99032558, 94.67806838,  99.9
 46, 143, 29.98626276, 94.67735844,  99.9
 47, 143, 29.98223867, 94.67661605,  99.9
 48, 143, 29.97825248, 94.67584104,  99.9
 49, 143, 29.97430335, 94.67503327,  99.9
 50, 143, 29.97039047, 94.67419255,  99.9
 51, 143, 29.96651302, 94.67331873,  99.9
 52, 143, 29.96267019, 94.67241162,  99.9
 53, 143, 29.95886118, 94.67147104,  99.9
 54, 143, 29.95508520, 94.67049680,  99.9
 55, 143, 29.95134147, 94.66948869,  99.9
 56, 143, 29.94762919, 94.66844650,  99.9
 57, 143, 29.94394760, 94.66737003,  99.9
 58, 143, 29.94029594, 94.66625906,  99.9
 59, 143, 29.93667344, 94.66511334,  99.9
 60, 143, 29.93307934, 94.66393266,  99.9
 61, 143, 29.92951290, 94.66271676,  99.9
 62, 143, 29.92597338, 94.66146539,  99.9
 63, 143, 29.92246003, 94.66017831,  99.9
 64, 143, 29.91897213, 94.65885523,  99.9
 65, 143, 29.91550895, 94.65749590,  99.9
 66, 143, 29.91206976, 94.65610002,  99.9
 67, 143, 29.90865385, 94.65466732,  99.9
 68, 143, 29.90526051, 94.65319749,  99.9
 69, 143, 29.90188903, 94.65169024,  99.9
 70, 143, 29.89853871, 94.65014525,  99.9
 71, 143, 29.89520885, 94.64856220,  99.9
 72, 143, 29.89189875, 94.64694078,  99.9
 73, 143, 29.88860773, 94.64528063,  99.9
 74, 143, 29.88533509, 94.64358143,  99.9
 75, 143, 29.88208016, 94.64184281,  99.9
 76, 143, 29.87884226, 94.64006442,  99.9
 77, 143, 29.87562071, 94.63824590,  99.9
 78, 143, 29.87241484, 94.63638687,  99.9
 79, 143, 29.86922398, 94.63448694,  99.9
 80, 143, 29.86604746, 94.63254572,  99.9
 81, 143, 29.86288463, 94.63056282,  99.9
 82, 143, 29.85973482, 94.62853781,  99.9
 83, 143, 29.85659737, 94.62647029,  99.9
 84, 143, 29.85347164, 94.62435983,  99.9
 85, 143, 29.85035696, 94.62220598,  99.9
 86, 143, 29.84725269, 94.62000831,  99.9
 87, 143, 29.84415817, 94.61776637,  99.9
 88, 143, 29.84107277, 94.61547968,  99.9
 89, 143, 29.83799584, 94.61314777,  99.9
 90, 143, 29.83492673, 94.61077018,  99.9
 91, 143, 29.83186481, 94.60834639,  99.9
 92, 143, 29.82880943, 94.60587592,  99.9
 93, 143, 29.82575996, 94.60335825,  99.9
 94, 143, 29.82271576, 94.60079287,  99.9
 95, 143, 29.81967619, 94.59817923,  99.9
 96, 143, 29.81664062, 94.59551681,  99.9
 97, 143, 29.81360841, 94.59280505,  99.9
 98, 143, 29.81057893, 94.59004339,  99.9
 99, 143, 29.80755155, 94.58723127,  99.9
100, 143, 29.80452563, 94.58436810,  99.9
101, 143, 29.80150053, 94.58145329,  99.9
102, 143, 29.79847564, 94.57848623,  99.9
103, 143, 29.79545030, 94.57546632,  99.9
104, 143, 29.79242390, 94.57239293,  99.9
105, 143, 29.78939579, 94.56926543,  99.9
106, 143, 29.78636535, 94.56608318,  99.9
107, 143, 29.78333193, 94.56284550,  99.9
108, 143, 29.78029490, 94.55955174,  99.9
109, 143, 29.77725363, 94.55620122,  99.9
110, 143, 29.77420748, 94.55279324,  99.9
111, 143, 29.77115582, 94.54932710,  99.9
112, 143, 29.76809799, 94.54580209,  99.9
113, 143, 29.76503336, 94.54221748,  99.9
114, 143, 29.76196129, 94.53857252,  99.9
115, 143, 29.75888113, 94.53486647,  99.9
116, 143, 29.75579224, 94.53109856,  99.9
117, 143, 29.75269397, 94.52726802,  99.9
118, 143, 29.74958567, 94.52337405,  99.9
119, 143, 29.74646669, 94.51941585,  99.9
120, 143, 29.74333636, 94.51539260,  99.9
121, 143, 29.74019404, 94.51130348,  99.9
122, 143, 29.73703907, 94.50714764,  99.9
123, 143, 29.73387077, 94.50292422,  99.9
124, 143, 29.73068849, 94.49863235,  99.9
125, 143, 29.72749156, 94.49427116,  99.9
126, 143, 29.72427930, 94.48983973,  99.9
127, 143, 29.72105105, 94.48533716,  99.9
128, 143, 29.71780611, 94.48076252,  99.9
129, 143, 29.71454381, 94.47611486,  99.9
130, 143, 29.71126345, 94.47139323,  99.9
131, 143, 29.70796436, 94.46659665,  99.9
132, 143, 29.70464584, 94.46172414,  99.9
133, 143, 29.70130718, 94.45677470,  99.9
134, 143, 29.69794768, 94.45174730,  99.9
135, 143, 29.69456664, 94.44664090,  99.9
136, 143, 29.69116334, 94.44145447,  99.9
137, 143, 29.68773706, 94.43618692,  99.9
138, 143, 29.68428709, 94.43083718,   6.1
139, 143, 29.68081269, 94.42540414,  99.9
140, 143, 29.67731313, 94.41988669,   7.0
141, 143, 29.67378767, 94.41428369,   7.0
142, 143, 29.67023557, 94.40859399,   6.9
143, 143, 29.66665607, 94.40281641,   6.9
144, 143, 29.66304843, 94.39694978,   6.9
145, 143, 29.65941187, 94.39099288,   6.9
146, 143, 29.65574564, 94.38494449,   6.9
147, 143, 29.65204894, 94.37880336,   6.9
148, 143, 29.64832101, 94.37256824,   7.0
149, 143, 29.64456105, 94.36623784,   7.1
150, 143, 29.64076827, 94.35981086,   7.2
151, 143, 29.63694186, 94.35328598,   7.4
152, 143, 29.63308101, 94.34666186,   7.6
153, 143, 29.62918490, 94.33993715,   7.8
154, 143, 29.62525271, 94.33311045,   7.8
155, 143, 29.62128361, 94.32618037,   7.7
156, 143, 29.61727674, 94.31914550,   7.7
157, 143, 29.61323127, 94.31200437,   7.8
158, 143, 29.60914633, 94.30475553,   7.8
159, 143, 29.60502105, 94.29739749,   8.0
160, 143, 29.60085456, 94.28992875,   8.3
161, 143, 29.59664597, 94.28234777,   8.5
162, 143, 29.59239439, 94.27465299,   8.6
163, 143, 29.58809891, 94.26684285,   8.6
164, 143, 29.58375862, 94.25891573,   8.5
165, 143, 29.57937259, 94.25087002,   8.4
166, 143, 29.57493989, 94.24270407,   8.3
167, 143, 29.57045958, 94.23441621,   8.2
168, 143, 29.56593069, 94.22600474,   8.1
169, 143, 29.56135227, 94.21746793,   8.0
170, 143, 29.55672333, 94.20880404,   7.9
171, 143, 29.55204290, 94.20001131,   7.8
172, 143, 29.54730996, 94.19108792,   7.7
173, 143, 29.54252351, 94.18203206,   7.6
174, 143, 29.53768252, 94.17284188,   7.5
175, 143, 29.53278596, 94.16351549,   7.4
176, 143, 29.52783279, 94.15405099,   7.3
177, 143, 29.52282193, 94.14444646,   7.2
178, 143, 29.51775233, 94.13469991,   7.0
179, 143, 29.51262288, 94.12480938,   6.9
180, 143, 29.50743250, 94.11477283,   6.8
181, 143, 29.50218007, 94.10458823,   6.7
182, 143, 29.49686446, 94.09425349,   6.6
183, 143, 29.49148453, 94.08376650,   6.5
184, 143, 29.48603913, 94.07312513,   6.4
185, 143, 29.48052708, 94.06232722,   6.3
186, 143, 29.47494720, 94.05137055,   6.2
187, 143, 29.46929830, 94.04025290,   6.1
188, 143, 29.46357915, 94.02897200,   6.0
189, 143, 29.45778852, 94.01752556,   5.9
190, 143, 29.45192516, 94.00591126,   5.8
191, 143, 29.44598782, 93.99412671,   5.8
192, 143, 29.43997521, 93.98216954,   5.7
193, 143, 29.43388603, 93.97003731,   5.7
194, 143, 29.42771897, 93.95772755,   5.7
195, 143, 29.42147269, 93.94523777,   5.6
196, 143, 29.41514585, 93.93256543,   5.6
197, 143, 29.40873708, 93.91970795,   5.6
198, 143, 29.40224498, 93.90666272,   5.6
199, 143, 29.39566816, 93.89342711,   5.5
200, 143, 29.38900519, 93.87999843,   5.5
201, 143, 29.38225462, 93.86637394,   5.4
202, 143, 29.37541499, 93.85255091,   5.4
203, 143, 29.36848482, 93.83852652,   5.4
204, 143, 29.36146260, 93.82429793,   5.3
205, 143, 29.35434680, 93.80986228,   5.2
206, 143, 29.34713587, 93.79521663,   5.2
207, 143, 29.33982825, 93.78035802,   5.1
208, 143, 29.33242235, 93.76528346,   5.0
209, 143, 29.32491654, 93.74998989,   4.9
210, 143, 29.31730920, 93.73447423,   4.8
211, 143, 29.30959866, 93.71873335,   4.8
212, 143, 29.30178324, 93.70276407,   4.7
213, 143, 29.29386124, 93.68656318,   4.6
214, 143, 29.28583091, 93.67012739,   4.5
215, 143, 29.27769051, 93.65345342,   4.4
216, 143, 29.26943825, 93.63653789,   4.3
217, 143, 29.26107232, 93.61937740,   4.3
218, 143, 29.25259088, 93.60196850,   4.2
219, 143, 29.24399209, 93.58430769,   4.1
220, 143, 29.23527404, 93.56639142,   4.0
221, 143, 29.22643482, 93.54821609,   3.9
222, 143, 29.21747249, 93.52977806,   3.8
223, 143, 29.20838507, 93.51107361,   3.7
224, 143, 29.19917057, 93.49209902,   3.6
225, 143, 29.18982694, 93.47285045,   3.5
226, 143, 29.18035214, 93.45332408,   3.4
227, 143, 29.17074407, 93.43351598,   3.3
228, 143, 29.16100060, 93.41342218,   3.1
229, 143, 29.15111958, 93.39303868,   3.0
230, 143, 29.14109882, 93.37236141,   2.9
231, 143, 29.13093611, 93.35138622,   2.8
232, 143, 29.12062919, 93.33010893,   2.6
233, 143, 29.11017577, 93.30852530,   2.5
234, 143, 29.09957353, 93.28663103,   2.3
235, 143, 29.08882012, 93.26442175,   2.2
236, 143, 29.07791314, 93.24189304,   2.0
237, 143, 29.06685016, 93.21904043,   1.9
238, 143, 29.05562872, 93.19585936,   1.8
239, 143, 29.04424632, 93.17234523,   1.8
240, 143, 29.03270041, 93.14849338,   1.9
241, 143, 29.02098842, 93.12429906,   2.0
  1, 144, 30.22123939, 94.67047676,  99.9
  2, 144, 30.21451827, 94.67124652,  99.9
  3, 144, 30.20788336, 94.67198230,  99.9
  4, 144, 30.20133329, 94.67268427,  99.9
  5, 144, 30.19486671, 94.67335259,  99.9
  6, 144, 30.18848225, 94.67398740,  99.9
  7, 144, 30.18217861, 94.67458884,  99.9
  8, 144, 30.17595446, 94.67515704,  99.9
  9, 144, 30.16980851, 94.67569214,  99.9
 10, 144, 30.16373949, 94.67619424,  99.9
 11, 144, 30.15774613, 94.67666347,  99.9
 12, 144, 30.15182718, 94.67709992,  99.9
 13, 144, 30.14598142, 94.67750369,  99.9
 14, 144, 30.14020762, 94.67787488,  99.9
 15, 144, 30.13450459, 94.67821356,  99.9
 16, 144, 30.12887114, 94.67851982,  99.9
 17, 144, 30.12330611, 94.67879372,  99.9
 18, 144, 30.11780832, 94.67903533,  99.9
 19, 144, 30.11237664, 94.67924470,  99.9
 20, 144, 30.10700994, 94.67942188,  99.9
 21, 144, 30.10170710, 94.67956692,  99.9
 22, 144, 30.09646701, 94.67967985,  99.9
 23, 144, 30.09128860, 94.67976069,  99.9
 24, 144, 30.08617078, 94.67980948,  99.9
 25, 144, 30.08111248, 94.67982623,  99.9
 26, 144, 30.07611266, 94.67981094,  99.9
 27, 144, 30.07117027, 94.67976361,  99.9
 28, 144, 30.06628428, 94.67968425,  99.9
 29, 144, 30.06145369, 94.67957283,  99.9
 30, 144, 30.05667748, 94.67942934,  99.9
 31, 144, 30.05195465, 94.67925376,  99.9
 32, 144, 30.04728424, 94.67904606,  99.9
 33, 144, 30.04266526, 94.67880618,  99.9
 34, 144, 30.03809675, 94.67853409,  99.9
 35, 144, 30.03357777, 94.67822974,  99.9
 36, 144, 30.02910736, 94.67789307,  99.9
 37, 144, 30.02468462, 94.67752400,  99.9
 38, 144, 30.02030860, 94.67712247,  99.9
 39, 144, 30.01597840, 94.67668839,  99.9
 40, 144, 30.01169312, 94.67622169,  99.9
 41, 144, 30.00745188, 94.67572226,  99.9
 42, 144, 30.00325377, 94.67519001,  99.9
 43, 144, 29.99909794, 94.67462482,  99.9
 44, 144, 29.99498351, 94.67402659,  99.9
 45, 144, 29.99090963, 94.67339520,  99.9
 46, 144, 29.98687545, 94.67273050,  99.9
 47, 144, 29.98288014, 94.67203238,  99.9
 48, 144, 29.97892285, 94.67130069,  99.9
 49, 144, 29.97500277, 94.67053527,  99.9
 50, 144, 29.97111908, 94.66973598,  99.9
 51, 144, 29.96727096, 94.66890264,  99.9
 52, 144, 29.96345763, 94.66803510,  99.9
 53, 144, 29.95967828, 94.66713317,  99.9
 54, 144, 29.95593213, 94.66619666,  99.9
 55, 144, 29.95221840, 94.66522539,  99.9
 56, 144, 29.94853631, 94.66421915,  99.9
 57, 144, 29.94488510, 94.66317774,  99.9
 58, 144, 29.94126401, 94.66210095,  99.9
 59, 144, 29.93767227, 94.66098855,  99.9
 60, 144, 29.93410916, 94.65984032,  99.9
 61, 144, 29.93057391, 94.65865601,  99.9
 62, 144, 29.92706580, 94.65743540,  99.9
 63, 144, 29.92358409, 94.65617821,  99.9
 64, 144, 29.92012806, 94.65488421,  99.9
 65, 144, 29.91669699, 94.65355311,  99.9
 66, 144, 29.91329016, 94.65218464,  99.9
 67, 144, 29.90990687, 94.65077853,  99.9
 68, 144, 29.90654640, 94.64933449,  99.9
 69, 144, 29.90320806, 94.64785220,  99.9
 70, 144, 29.89989116, 94.64633138,  99.9
 71, 144, 29.89659499, 94.64477171,  99.9
 72, 144, 29.89331887, 94.64317286,  99.9
 73, 144, 29.89006213, 94.64153450,  99.9
 74, 144, 29.88682407, 94.63985630,  99.9
 75, 144, 29.88360404, 94.63813792,  99.9
 76, 144, 29.88040134, 94.63637899,  99.9
 77, 144, 29.87721532, 94.63457915,  99.9
 78, 144, 29.87404531, 94.63273803,  99.9
 79, 144, 29.87089065, 94.63085525,  99.9
 80, 144, 29.86775068, 94.62893043,  99.9
 81, 144, 29.86462475, 94.62696316,  99.9
 82, 144, 29.86151220, 94.62495304,  99.9
 83, 144, 29.85841238, 94.62289966,  99.9
 84, 144, 29.85532465, 94.62080258,  99.9
 85, 144, 29.85224836, 94.61866138,  99.9
 86, 144, 29.84918288, 94.61647562,  99.9
 87, 144, 29.84612755, 94.61424483,  99.9
 88, 144, 29.84308175, 94.61196857,  99.9
 89, 144, 29.84004483, 94.60964637,  99.9
 90, 144, 29.83701616, 94.60727773,  99.9
 91, 144, 29.83399511, 94.60486218,  99.9
 92, 144, 29.83098105, 94.60239921,  99.9
 93, 144, 29.82797334, 94.59988831,  99.9
 94, 144, 29.82497136, 94.59732898,  99.9
 95, 144, 29.82197449, 94.59472067,  99.9
 96, 144, 29.81898209, 94.59206285,  99.9
 97, 144, 29.81599354, 94.58935497,  99.9
 98, 144, 29.81300821, 94.58659647,  99.9
 99, 144, 29.81002548, 94.58378678,  99.9
100, 144, 29.80704473, 94.58092532,  99.9
101, 144, 29.80406533, 94.57801150,  99.9
102, 144, 29.80108666, 94.57504472,  99.9
103, 144, 29.79810809, 94.57202437,  99.9
104, 144, 29.79512901, 94.56894982,  99.9
105, 144, 29.79214878, 94.56582043,  99.9
106, 144, 29.78916679, 94.56263556,  99.9
107, 144, 29.78618240, 94.55939456,  99.9
108, 144, 29.78319500, 94.55609674,  99.9
109, 144, 29.78020396, 94.55274145,  99.9
110, 144, 29.77720865, 94.54932797,  99.9
111, 144, 29.77420845, 94.54585560,  99.9
112, 144, 29.77120272, 94.54232364,  99.9
113, 144, 29.76819083, 94.53873134,  99.9
114, 144, 29.76517215, 94.53507797,  99.9
115, 144, 29.76214606, 94.53136278,  99.9
116, 144, 29.75911191, 94.52758499,  99.9
117, 144, 29.75606906, 94.52374383,  99.9
118, 144, 29.75301689, 94.51983850,  99.9
119, 144, 29.74995474, 94.51586821,  99.9
120, 144, 29.74688198, 94.51183212,  99.9
121, 144, 29.74379796, 94.50772941,  99.9
122, 144, 29.74070203, 94.50355923,  99.9
123, 144, 29.73759354, 94.49932073,  99.9
124, 144, 29.73447183, 94.49501302,  99.9
125, 144, 29.73133626, 94.49063522,  99.9
126, 144, 29.72818616, 94.48618642,  99.9
127, 144, 29.72502087, 94.48166572,  99.9
128, 144, 29.72183972, 94.47707217,  99.9
129, 144, 29.71864205, 94.47240483,  99.9
130, 144, 29.71542717, 94.46766274,  99.9
131, 144, 29.71219442, 94.46284493,  99.9
132, 144, 29.70894311, 94.45795039,  99.9
133, 144, 29.70567256, 94.45297812,  99.9
134, 144, 29.70238207, 94.44792709,  99.9
135, 144, 29.69907096, 94.44279628,  99.9
136, 144, 29.69573852, 94.43758461,  99.9
137, 144, 29.69238406, 94.43229101,  99.9
138, 144, 29.68900686, 94.42691441,   6.0
139, 144, 29.68560621, 94.42145368,  99.9
140, 144, 29.68218139, 94.41590770,  99.9
141, 144, 29.67873168, 94.41027534,  99.9
142, 144, 29.67525636, 94.40455544,  99.9
143, 144, 29.67175468, 94.39874681,   6.9
144, 144, 29.66822591, 94.39284827,   6.9
145, 144, 29.66466929, 94.38685859,   6.9
146, 144, 29.66108409, 94.38077655,   6.8
147, 144, 29.65746953, 94.37460090,   6.7
148, 144, 29.65382486, 94.36833037,   6.8
149, 144, 29.65014929, 94.36196367,   6.9
150, 144, 29.64644206, 94.35549949,   7.1
151, 144, 29.64270238, 94.34893649,   7.4
152, 144, 29.63892945, 94.34227335,   7.6
153, 144, 29.63512247, 94.33550867,   7.7
154, 144, 29.63128064, 94.32864109,   7.8
155, 144, 29.62740314, 94.32166917,   7.7
156, 144, 29.62348914, 94.31459151,   7.7
157, 144, 29.61953782, 94.30740663,   7.7
158, 144, 29.61554834, 94.30011307,   7.7
159, 144, 29.61151984, 94.29270933,   7.9
160, 144, 29.60745148, 94.28519389,   8.2
161, 144, 29.60334237, 94.27756521,   8.5
162, 144, 29.59919166, 94.26982173,   8.6
163, 144, 29.59499846, 94.26196186,   8.6
164, 144, 29.59076187, 94.25398398,   8.5
165, 144, 29.58648099, 94.24588646,   8.5
166, 144, 29.58215491, 94.23766765,   8.4
167, 144, 29.57778270, 94.22932586,   8.3
168, 144, 29.57336344, 94.22085937,   8.2
169, 144, 29.56889617, 94.21226647,   8.1
170, 144, 29.56437995, 94.20354538,   8.0
171, 144, 29.55981380, 94.19469433,   7.9
172, 144, 29.55519676, 94.18571149,   7.8
173, 144, 29.55052784, 94.17659505,   7.7
174, 144, 29.54580603, 94.16734312,   7.6
175, 144, 29.54103032, 94.15795383,   7.5
176, 144, 29.53619970, 94.14842524,   7.4
177, 144, 29.53131313, 94.13875541,   7.2
178, 144, 29.52636955, 94.12894238,   7.1
179, 144, 29.52136792, 94.11898412,   7.0
180, 144, 29.51630715, 94.10887861,   6.9
181, 144, 29.51118616, 94.09862379,   6.8
182, 144, 29.50600385, 94.08821757,   6.7
183, 144, 29.50075910, 94.07765781,   6.6
184, 144, 29.49545079, 94.06694237,   6.5
185, 144, 29.49007777, 94.05606907,   6.5
186, 144, 29.48463890, 94.04503567,   6.4
187, 144, 29.47913299, 94.03383995,   6.2
188, 144, 29.47355885, 94.02247961,   6.1
189, 144, 29.46791530, 94.01095234,   6.0
190, 144, 29.46220111, 93.99925580,   5.9
191, 144, 29.45641504, 93.98738760,   5.8
192, 144, 29.45055585, 93.97534534,   5.8
193, 144, 29.44462227, 93.96312655,   5.8
194, 144, 29.43861302, 93.95072876,   5.7
195, 144, 29.43252679, 93.93814945,   5.7
196, 144, 29.42636227, 93.92538606,   5.7
197, 144, 29.42011813, 93.91243600,   5.6
198, 144, 29.41379300, 93.89929663,   5.6
199, 144, 29.40738552, 93.88596530,   5.6
200, 144, 29.40089430, 93.87243929,   5.5
201, 144, 29.39431793, 93.85871587,   5.5
202, 144, 29.38765497, 93.84479224,   5.5
203, 144, 29.38090398, 93.83066560,   5.4
204, 144, 29.37406349, 93.81633308,   5.4
205, 144, 29.36713202, 93.80179177,   5.3
206, 144, 29.36010804, 93.78703873,   5.2
207, 144, 29.35299002, 93.77207098,   5.2
208, 144, 29.34577643, 93.75688548,   5.1
209, 144, 29.33846567, 93.74147918,   5.0
210, 144, 29.33105615, 93.72584895,   4.9
211, 144, 29.32354626, 93.70999164,   4.8
212, 144, 29.31593435, 93.69390405,   4.7
213, 144, 29.30821875, 93.67758292,   4.7
214, 144, 29.30039777, 93.66102498,   4.6
215, 144, 29.29246969, 93.64422687,   4.5
216, 144, 29.28443278, 93.62718521,   4.4
217, 144, 29.27628528, 93.60989658,   4.3
218, 144, 29.26802538, 93.59235748,   4.3
219, 144, 29.25965128, 93.57456440,   4.2
220, 144, 29.25116113, 93.55651375,   4.1
221, 144, 29.24255306, 93.53820189,   4.0
222, 144, 29.23382518, 93.51962516,   3.9
223, 144, 29.22497555, 93.50077983,   3.8
224, 144, 29.21600222, 93.48166210,   3.7
225, 144, 29.20690322, 93.46226814,   3.6
226, 144, 29.19767652, 93.44259407,   3.5
227, 144, 29.18832008, 93.42263594,   3.3
228, 144, 29.17883184, 93.40238976,   3.2
229, 144, 29.16920969, 93.38185147,   3.1
230, 144, 29.15945149, 93.36101696,   3.0
231, 144, 29.14955508, 93.33988207,   2.9
232, 144, 29.13951825, 93.31844258,   2.7
233, 144, 29.12933877, 93.29669420,   2.6
234, 144, 29.11901438, 93.27463260,   2.4
235, 144, 29.10854278, 93.25225337,   2.3
236, 144, 29.09792162, 93.22955206,   2.1
237, 144, 29.08714854, 93.20652413,   1.9
238, 144, 29.07622112, 93.18316502,   1.8
239, 144, 29.06513693, 93.15947007,   1.8
240, 144, 29.05389348, 93.13543457,   1.9
241, 144, 29.04248825, 93.11105375,   2.0
  1, 145, 30.22051204, 94.66270518,  99.9
  2, 145, 30.21382115, 94.66357545,  99.9
  3, 145, 30.20721633, 94.66441014,  99.9
  4, 145, 30.20069621, 94.66520942,  99.9
  5, 145, 30.19425943, 94.66597348,  99.9
  6, 145, 30.18790466, 94.66670247,  99.9
  7, 145, 30.18163057, 94.66739656,  99.9
  8, 145, 30.17543587, 94.66805590,  99.9
  9, 145, 30.16931925, 94.66868063,  99.9
 10, 145, 30.16327945, 94.66927090,  99.9
 11, 145, 30.15731522, 94.66982684,  99.9
 12, 145, 30.15142531, 94.67034856,  99.9
 13, 145, 30.14560850, 94.67083619,  99.9
 14, 145, 30.13986357, 94.67128983,  99.9
 15, 145, 30.13418934, 94.67170958,  99.9
 16, 145, 30.12858463, 94.67209554,  99.9
 17, 145, 30.12304826, 94.67244779,  99.9
 18, 145, 30.11757908, 94.67276642,  99.9
 19, 145, 30.11217596, 94.67305149,  99.9
 20, 145, 30.10683778, 94.67330307,  99.9
 21, 145, 30.10156343, 94.67352123,  99.9
 22, 145, 30.09635179, 94.67370600,  99.9
 23, 145, 30.09120181, 94.67385744,  99.9
 24, 145, 30.08611239, 94.67397558,  99.9
 25, 145, 30.08108248, 94.67406046,  99.9
 26, 145, 30.07611105, 94.67411208,  99.9
 27, 145, 30.07119704, 94.67413048,  99.9
 28, 145, 30.06633944, 94.67411566,  99.9
 29, 145, 30.06153725, 94.67406762,  99.9
 30, 145, 30.05678945, 94.67398635,  99.9
 31, 145, 30.05209506, 94.67387185,  99.9
 32, 145, 30.04745311, 94.67372409,  99.9
 33, 145, 30.04286263, 94.67354304,  99.9
 34, 145, 30.03832266, 94.67332869,  99.9
 35, 145, 30.03383226, 94.67308097,  99.9
 36, 145, 30.02939049, 94.67279985,  99.9
 37, 145, 30.02499644, 94.67248528,  99.9
 38, 145, 30.02064918, 94.67213718,  99.9
 39, 145, 30.01634781, 94.67175550,  99.9
 40, 145, 30.01209143, 94.67134015,  99.9
 41, 145, 30.00787917, 94.67089105,  99.9
 42, 145, 30.00371014, 94.67040812,  99.9
 43, 145, 29.99958348, 94.66989126,  99.9
 44, 145, 29.99549832, 94.66934036,  99.9
 45, 145, 29.99145381, 94.66875531,  99.9
 46, 145, 29.98744912, 94.66813599,  99.9
 47, 145, 29.98348341, 94.66748228,  99.9
 48, 145, 29.97955586, 94.66679405,  99.9
 49, 145, 29.97566564, 94.66607115,  99.9
 50, 145, 29.97181194, 94.66531344,  99.9
 51, 145, 29.96799398, 94.66452077,  99.9
 52, 145, 29.96421094, 94.66369296,  99.9
 53, 145, 29.96046204, 94.66282986,  99.9
 54, 145, 29.95674650, 94.66193128,  99.9
 55, 145, 29.95306355, 94.66099705,  99.9
 56, 145, 29.94941241, 94.66002697,  99.9
 57, 145, 29.94579234, 94.65902083,  99.9
 58, 145, 29.94220257, 94.65797845,  99.9
 59, 145, 29.93864236, 94.65689959,  99.9
 60, 145, 29.93511096, 94.65578405,  99.9
 61, 145, 29.93160765, 94.65463158,  99.9
 62, 145, 29.92813168, 94.65344196,  99.9
 63, 145, 29.92468234, 94.65221494,  99.9
 64, 145, 29.92125890, 94.65095027,  99.9
 65, 145, 29.91786066, 94.64964768,  99.9
 66, 145, 29.91448690, 94.64830691,  99.9
 67, 145, 29.91113693, 94.64692768,  99.9
 68, 145, 29.90781004, 94.64550971,  99.9
 69, 145, 29.90450553, 94.64405271,  99.9
 70, 145, 29.90122273, 94.64255637,  99.9
 71, 145, 29.89796095, 94.64102039,  99.9
 72, 145, 29.89471950, 94.63944444,  99.9
 73, 145, 29.89149771, 94.63782822,  99.9
 74, 145, 29.88829491, 94.63617137,  99.9
 75, 145, 29.88511044, 94.63447357,  99.9
 76, 145, 29.88194361, 94.63273445,  99.9
 77, 145, 29.87879379, 94.63095367,  99.9
 78, 145, 29.87566030, 94.62913085,  99.9
 79, 145, 29.87254250, 94.62726561,  99.9
 80, 145, 29.86943973, 94.62535758,  99.9
 81, 145, 29.86635135, 94.62340636,  99.9
 82, 145, 29.86327671, 94.62141154,  99.9
 83, 145, 29.86021517, 94.61937271,  99.9
 84, 145, 29.85716609, 94.61728946,  99.9
 85, 145, 29.85412884, 94.61516134,  99.9
 86, 145, 29.85110278, 94.61298793,  99.9
 87, 145, 29.84808728, 94.61076878,  99.9
 88, 145, 29.84508170, 94.60850342,  99.9
 89, 145, 29.84208543, 94.60619138,  99.9
 90, 145, 29.83909783, 94.60383220,  99.9
 91, 145, 29.83611828, 94.60142537,  99.9
 92, 145, 29.83314616, 94.59897042,  99.9
 93, 145, 29.83018085, 94.59646682,  99.9
 94, 145, 29.82722172, 94.59391406,  99.9
 95, 145, 29.82426817, 94.59131161,  99.9
 96, 145, 29.82131956, 94.58865894,  99.9
 97, 145, 29.81837529, 94.58595550,  99.9
 98, 145, 29.81543474, 94.58320073,  99.9
 99, 145, 29.81249729, 94.58039406,  99.9
100, 145, 29.80956233, 94.57753491,  99.9
101, 145, 29.80662924, 94.57462268,  99.9
102, 145, 29.80369742, 94.57165679,  99.9
103, 145, 29.80076624, 94.56863661,  99.9
104, 145, 29.79783510, 94.56556153,  99.9
105, 145, 29.79490337, 94.56243090,  99.9
106, 145, 29.79197045, 94.55924408,  99.9
107, 145, 29.78903572, 94.55600042,  99.9
108, 145, 29.78609857, 94.55269923,  99.9
109, 145, 29.78315838, 94.54933985,  99.9
110, 145, 29.78021454, 94.54592158,  99.9
111, 145, 29.77726642, 94.54244370,  99.9
112, 145, 29.77431341, 94.53890551,  99.9
113, 145, 29.77135489, 94.53530627,  99.9
114, 145, 29.76839024, 94.53164525,  99.9
115, 145, 29.76541883, 94.52792167,  99.9
116, 145, 29.76244005, 94.52413478,  99.9
117, 145, 29.75945327, 94.52028380,  99.9
118, 145, 29.75645786, 94.51636793,  99.9
119, 145, 29.75345319, 94.51238635,  99.9
120, 145, 29.75043863, 94.50833826,  99.9
121, 145, 29.74741355, 94.50422281,  99.9
122, 145, 29.74437731, 94.50003916,  99.9
123, 145, 29.74132928, 94.49578644,  99.9
124, 145, 29.73826880, 94.49146377,  99.9
125, 145, 29.73519524, 94.48707027,  99.9
126, 145, 29.73210796, 94.48260502,  99.9
127, 145, 29.72900630, 94.47806712,  99.9
128, 145, 29.72588960, 94.47345561,  99.9
129, 145, 29.72275722, 94.46876955,  99.9
130, 145, 29.71960849, 94.46400798,  99.9
131, 145, 29.71644275, 94.45916992,  99.9
132, 145, 29.71325934, 94.45425435,  99.9
133, 145, 29.71005757, 94.44926029,  99.9
134, 145, 29.70683678, 94.44418668,  99.9
135, 145, 29.70359629, 94.43903250,  99.9
136, 145, 29.70033541, 94.43379667,  99.9
137, 145, 29.69705346, 94.42847812,  99.9
138, 145, 29.69374973, 94.42307575,  99.9
139, 145, 29.69042354, 94.41758846,  99.9
140, 145, 29.68707419, 94.41201510,  99.9
141, 145, 29.68370095, 94.40635454,  99.9
142, 145, 29.68030313, 94.40060561,  99.9
143, 145, 29.67687999, 94.39476712,   7.0
144, 145, 29.67343083, 94.38883788,   7.0
145, 145, 29.66995490, 94.38281667,   6.9
146, 145, 29.66645147, 94.37670223,   6.7
147, 145, 29.66291980, 94.37049333,   6.6
148, 145, 29.65935915, 94.36418868,   6.6
149, 145, 29.65576875, 94.35778698,   6.7
150, 145, 29.65214784, 94.35128692,   7.1
151, 145, 29.64849567, 94.34468716,   7.4
152, 145, 29.64481144, 94.33798635,   7.6
153, 145, 29.64109439, 94.33118311,   7.8
154, 145, 29.63734371, 94.32427604,   7.8
155, 145, 29.63355862, 94.31726373,   7.7
156, 145, 29.62973832, 94.31014472,   7.7
157, 145, 29.62588198, 94.30291757,   7.7
158, 145, 29.62198878, 94.29558078,   7.7
159, 145, 29.61805791, 94.28813286,   7.9
160, 145, 29.61408852, 94.28057227,   8.1
161, 145, 29.61007976, 94.27289746,   8.3
162, 145, 29.60603079, 94.26510686,   8.5
163, 145, 29.60194074, 94.25719886,   8.5
164, 145, 29.59780874, 94.24917186,   8.5
165, 145, 29.59363390, 94.24102419,   8.5
166, 145, 29.58941534, 94.23275420,   8.5
167, 145, 29.58515215, 94.22436018,   8.4
168, 145, 29.58084343, 94.21584043,   8.3
169, 145, 29.57648825, 94.20719318,   8.2
170, 145, 29.57208568, 94.19841668,   8.1
171, 145, 29.56763479, 94.18950912,   8.0
172, 145, 29.56313461, 94.18046868,   7.9
173, 145, 29.55858418, 94.17129351,   7.8
174, 145, 29.55398254, 94.16198173,   7.7
175, 145, 29.54932868, 94.15253145,   7.6
176, 145, 29.54462163, 94.14294072,   7.4
177, 145, 29.53986035, 94.13320758,   7.3
178, 145, 29.53504384, 94.12333005,   7.2
179, 145, 29.53017106, 94.11330611,   7.1
180, 145, 29.52524096, 94.10313370,   7.0
181, 145, 29.52025248, 94.09281076,   6.9
182, 145, 29.51520455, 94.08233517,   6.8
183, 145, 29.51009608, 94.07170480,   6.7
184, 145, 29.50492598, 94.06091748,   6.7
185, 145, 29.49969312, 94.04997100,   6.6
186, 145, 29.49439638, 94.03886313,   6.5
187, 145, 29.48903461, 94.02759161,   6.4
188, 145, 29.48360667, 94.01615414,   6.3
189, 145, 29.47811137, 94.00454839,   6.2
190, 145, 29.47254754, 93.99277200,   6.1
191, 145, 29.46691396, 93.98082256,   6.0
192, 145, 29.46120941, 93.96869765,   5.9
193, 145, 29.45543267, 93.95639479,   5.8
194, 145, 29.44958249, 93.94391149,   5.8
195, 145, 29.44365758, 93.93124520,   5.7
196, 145, 29.43765668, 93.91839336,   5.7
197, 145, 29.43157847, 93.90535334,   5.7
198, 145, 29.42542163, 93.89212250,   5.6
199, 145, 29.41918484, 93.87869815,   5.6
200, 145, 29.41286673, 93.86507756,   5.6
201, 145, 29.40646592, 93.85125798,   5.6
202, 145, 29.39998103, 93.83723659,   5.5
203, 145, 29.39341064, 93.82301056,   5.5
204, 145, 29.38675332, 93.80857700,   5.4
205, 145, 29.38000761, 93.79393298,   5.4
206, 145, 29.37317205, 93.77907554,   5.3
207, 145, 29.36624514, 93.76400167,   5.3
208, 145, 29.35922536, 93.74870831,   5.2
209, 145, 29.35211118, 93.73319238,   5.1
210, 145, 29.34490105, 93.71745074,   5.0
211, 145, 29.33759337, 93.70148020,   4.9
212, 145, 29.33018656, 93.68527754,   4.8
213, 145, 29.32267897, 93.66883948,   4.7
214, 145, 29.31506898, 93.65216271,   4.6
215, 145, 29.30735489, 93.63524386,   4.6
216, 145, 29.29953503, 93.61807951,   4.5
217, 145, 29.29160765, 93.60066621,   4.4
218, 145, 29.28357103, 93.58300045,   4.4
219, 145, 29.27542338, 93.56507867,   4.3
220, 145, 29.26716291, 93.54689726,   4.2
221, 145, 29.25878780, 93.52845256,   4.1
222, 145, 29.25029618, 93.50974087,   4.0
223, 145, 29.24168620, 93.49075842,   3.9
224, 145, 29.23295593, 93.47150140,   3.8
225, 145, 29.22410345, 93.45196593,   3.7
226, 145, 29.21512679, 93.43214811,   3.6
227, 145, 29.20602396, 93.41204395,   3.5
228, 145, 29.19679294, 93.39164943,   3.3
229, 145, 29.18743167, 93.37096046,   3.2
230, 145, 29.17793808, 93.34997289,   3.1
231, 145, 29.16831004, 93.32868253,   3.0
232, 145, 29.15854541, 93.30708511,   2.8
233, 145, 29.14864202, 93.28517632,   2.7
234, 145, 29.13859764, 93.26295179,   2.5
235, 145, 29.12841004, 93.24040707,   2.4
236, 145, 29.11807693, 93.21753766,   2.2
237, 145, 29.10759601, 93.19433902,   2.1
238, 145, 29.09696491, 93.17080650,   1.9
239, 145, 29.08618126, 93.14693544,   1.8
240, 145, 29.07524263, 93.12272107,   1.9
241, 145, 29.06414657, 93.09815858,   2.0
  1, 146, 30.21969675, 94.65496937,  99.9
  2, 146, 30.21303750, 94.65593998,  99.9
  3, 146, 30.20646415, 94.65687338,  99.9
  4, 146, 30.19997534, 94.65776980,  99.9
  5, 146, 30.19356973, 94.65862942,  99.9
  6, 146, 30.18724597, 94.65945243,  99.9
  7, 146, 30.18100276, 94.66023902,  99.9
  8, 146, 30.17483879, 94.66098935,  99.9
  9, 146, 30.16875279, 94.66170359,  99.9
 10, 146, 30.16274349, 94.66238190,  99.9
 11, 146, 30.15680963, 94.66302442,  99.9
 12, 146, 30.15094999, 94.66363130,  99.9
 13, 146, 30.14516335, 94.66420267,  99.9
 14, 146, 30.13944850, 94.66473866,  99.9
 15, 146, 30.13380426, 94.66523939,  99.9
 16, 146, 30.12822944, 94.66570496,  99.9
 17, 146, 30.12272290, 94.66613549,  99.9
 18, 146, 30.11728349, 94.66653106,  99.9
 19, 146, 30.11191006, 94.66689177,  99.9
 20, 146, 30.10660152, 94.66721770,  99.9
 21, 146, 30.10135675, 94.66750892,  99.9
 22, 146, 30.09617466, 94.66776549,  99.9
 23, 146, 30.09105418, 94.66798749,  99.9
 24, 146, 30.08599423, 94.66817495,  99.9
 25, 146, 30.08099377, 94.66832793,  99.9
 26, 146, 30.07605176, 94.66844646,  99.9
 27, 146, 30.07116716, 94.66853057,  99.9
 28, 146, 30.06633897, 94.66858029,  99.9
 29, 146, 30.06156617, 94.66859563,  99.9
 30, 146, 30.05684778, 94.66857659,  99.9
 31, 146, 30.05218281, 94.66852318,  99.9
 32, 146, 30.04757029, 94.66843540,  99.9
 33, 146, 30.04300927, 94.66831322,  99.9
 34, 146, 30.03849879, 94.66815663,  99.9
 35, 146, 30.03403791, 94.66796560,  99.9
 36, 146, 30.02962571, 94.66774010,  99.9
 37, 146, 30.02526127, 94.66748007,  99.9
 38, 146, 30.02094367, 94.66718548,  99.9
 39, 146, 30.01667203, 94.66685626,  99.9
 40, 146, 30.01244545, 94.66649236,  99.9
 41, 146, 30.00826306, 94.66609368,  99.9
 42, 146, 30.00412397, 94.66566017,  99.9
 43, 146, 30.00002734, 94.66519173,  99.9
 44, 146, 29.99597230, 94.66468827,  99.9
 45, 146, 29.99195801, 94.66414969,  99.9
 46, 146, 29.98798365, 94.66357587,  99.9
 47, 146, 29.98404837, 94.66296671,  99.9
 48, 146, 29.98015137, 94.66232208,  99.9
 49, 146, 29.97629182, 94.66164185,  99.9
 50, 146, 29.97246894, 94.66092587,  99.9
 51, 146, 29.96868191, 94.66017402,  99.9
 52, 146, 29.96492995, 94.65938612,  99.9
 53, 146, 29.96121228, 94.65856203,  99.9
 54, 146, 29.95752813, 94.65770156,  99.9
 55, 146, 29.95387673, 94.65680456,  99.9
 56, 146, 29.95025732, 94.65587083,  99.9
 57, 146, 29.94666914, 94.65490018,  99.9
 58, 146, 29.94311144, 94.65389241,  99.9
 59, 146, 29.93958349, 94.65284732,  99.9
 60, 146, 29.93608456, 94.65176470,  99.9
 61, 146, 29.93261390, 94.65064431,  99.9
 62, 146, 29.92917080, 94.64948593,  99.9
 63, 146, 29.92575455, 94.64828932,  99.9
 64, 146, 29.92236442, 94.64705424,  99.9
 65, 146, 29.91899972, 94.64578043,  99.9
 66, 146, 29.91565973, 94.64446763,  99.9
 67, 146, 29.91234378, 94.64311557,  99.9
 68, 146, 29.90905115, 94.64172397,  99.9
 69, 146, 29.90578118, 94.64029254,  99.9
 70, 146, 29.90253317, 94.63882099,  99.9
 71, 146, 29.89930645, 94.63730902,  99.9
 72, 146, 29.89610034, 94.63575631,  99.9
 73, 146, 29.89291418, 94.63416255,  99.9
 74, 146, 29.88974731, 94.63252740,  99.9
 75, 146, 29.88659906, 94.63085053,  99.9
 76, 146, 29.88346877, 94.62913159,  99.9
 77, 146, 29.88035580, 94.62737023,  99.9
 78, 146, 29.87725948, 94.62556608,  99.9
 79, 146, 29.87417919, 94.62371877,  99.9
 80, 146, 29.87111427, 94.62182792,  99.9
 81, 146, 29.86806408, 94.61989314,  99.9
 82, 146, 29.86502800, 94.61791404,  99.9
 83, 146, 29.86200537, 94.61589019,  99.9
 84, 146, 29.85899558, 94.61382119,  99.9
 85, 146, 29.85599800, 94.61170660,  99.9
 86, 146, 29.85301199, 94.60954600,  99.9
 87, 146, 29.85003694, 94.60733893,  99.9
 88, 146, 29.84707222, 94.60508493,  99.9
 89, 146, 29.84411722, 94.60278355,  99.9
 90, 146, 29.84117132, 94.60043430,  99.9
 91, 146, 29.83823389, 94.59803671,  99.9
 92, 146, 29.83530433, 94.59559027,  99.9
 93, 146, 29.83238203, 94.59309448,  99.9
 94, 146, 29.82946638, 94.59054883,  99.9
 95, 146, 29.82655675, 94.58795278,  99.9
 96, 146, 29.82365256, 94.58530581,  99.9
 97, 146, 29.82075318, 94.58260736,  99.9
 98, 146, 29.81785802, 94.57985689,  99.9
 99, 146, 29.81496646, 94.57705381,  99.9
100, 146, 29.81207790, 94.57419756,  99.9
101, 146, 29.80919174, 94.57128753,  99.9
102, 146, 29.80630737, 94.56832314,  99.9
103, 146, 29.80342420, 94.56530376,  99.9
104, 146, 29.80054160, 94.56222878,  99.9
105, 146, 29.79765899, 94.55909756,  99.9
106, 146, 29.79477576, 94.55590945,  99.9
107, 146, 29.79189130, 94.55266379,  99.9
108, 146, 29.78900501, 94.54935992,  99.9
109, 146, 29.78611628, 94.54599715,  99.9
110, 146, 29.78322451, 94.54257478,  99.9
111, 146, 29.78032910, 94.53909211,  99.9
112, 146, 29.77742943, 94.53554843,  99.9
113, 146, 29.77452489, 94.53194299,  99.9
114, 146, 29.77161488, 94.52827506,  99.9
115, 146, 29.76869879, 94.52454388,  99.9
116, 146, 29.76577600, 94.52074867,  99.9
117, 146, 29.76284591, 94.51688866,  99.9
118, 146, 29.75990788, 94.51296304,  99.9
119, 146, 29.75696132, 94.50897102,  99.9
120, 146, 29.75400559, 94.50491175,  99.9
121, 146, 29.75104008, 94.50078441,  99.9
122, 146, 29.74806416, 94.49658814,  99.9
123, 146, 29.74507722, 94.49232209,  99.9
124, 146, 29.74207861, 94.48798536,  99.9
125, 146, 29.73906771, 94.48357706,  99.9
126, 146, 29.73604388, 94.47909628,  99.9
127, 146, 29.73300649, 94.47454211,  99.9
128, 146, 29.72995490, 94.46991360,  99.9
129, 146, 29.72688847, 94.46520979,  99.9
130, 146, 29.72380654, 94.46042972,  99.9
131, 146, 29.72070848, 94.45557240,  99.9
132, 146, 29.71759362, 94.45063683,  99.9
133, 146, 29.71446131, 94.44562199,  99.9
134, 146, 29.71131089, 94.44052685,  99.9
135, 146, 29.70814170, 94.43535036,  99.9
136, 146, 29.70495305, 94.43009145,  99.9
137, 146, 29.70174429, 94.42474904,  99.9
138, 146, 29.69851474, 94.41932202,  99.9
139, 146, 29.69526370, 94.41380929,  99.9
140, 146, 29.69199050, 94.40820970,  99.9
141, 146, 29.68869444, 94.40252211,  99.9
142, 146, 29.68537483, 94.39674533,  99.9
143, 146, 29.68203095, 94.39087819,   7.0
144, 146, 29.67866211, 94.38491947,   7.0
145, 146, 29.67526760, 94.37886795,   6.9
146, 146, 29.67184668, 94.37272238,   6.7
147, 146, 29.66839864, 94.36648150,   6.6
148, 146, 29.66492274, 94.36014402,   6.6
149, 146, 29.66141826, 94.35370865,   6.9
150, 146, 29.65788444, 94.34717405,   7.1
151, 146, 29.65432053, 94.34053888,   7.5
152, 146, 29.65072578, 94.33380179,   7.6
153, 146, 29.64709942, 94.32696138,   7.7
154, 146, 29.64344069, 94.32001624,   7.7
155, 146, 29.63974881, 94.31296496,   7.7
156, 146, 29.63602298, 94.30580608,   7.7
157, 146, 29.63226242, 94.29853814,   7.7
158, 146, 29.62846633, 94.29115963,   7.7
159, 146, 29.62463390, 94.28366905,   7.9
160, 146, 29.62076431, 94.27606486,   8.0
161, 146, 29.61685674, 94.26834549,   8.2
162, 146, 29.61291036, 94.26050937,   8.4
163, 146, 29.60892431, 94.25255488,   8.5
164, 146, 29.60489776, 94.24448039,   8.6
165, 146, 29.60082984, 94.23628425,   8.6
166, 146, 29.59671968, 94.22796477,   8.6
167, 146, 29.59256640, 94.21952025,   8.5
168, 146, 29.58836912, 94.21094897,   8.4
169, 146, 29.58412694, 94.20224915,   8.3
170, 146, 29.57983895, 94.19341903,   8.2
171, 146, 29.57550423, 94.18445678,   8.1
172, 146, 29.57112186, 94.17536058,   8.0
173, 146, 29.56669089, 94.16612857,   7.9
174, 146, 29.56221037, 94.15675885,   7.7
175, 146, 29.55767934, 94.14724951,   7.6
176, 146, 29.55309683, 94.13759859,   7.5
177, 146, 29.54846185, 94.12780413,   7.4
178, 146, 29.54377341, 94.11786413,   7.3
179, 146, 29.53903050, 94.10777655,   7.2
180, 146, 29.53423211, 94.09753932,   7.1
181, 146, 29.52937718, 94.08715037,   7.0
182, 146, 29.52446469, 94.07660756,   6.9
183, 146, 29.51949357, 94.06590874,   6.9
184, 146, 29.51446274, 94.05505173,   6.8
185, 146, 29.50937114, 94.04403431,   6.7
186, 146, 29.50421764, 94.03285423,   6.6
187, 146, 29.49900115, 94.02150921,   6.5
188, 146, 29.49372053, 94.00999694,   6.4
189, 146, 29.48837464, 93.99831508,   6.3
190, 146, 29.48296232, 93.98646123,   6.2
191, 146, 29.47748240, 93.97443298,   6.1
192, 146, 29.47193370, 93.96222789,   6.0
193, 146, 29.46631502, 93.94984347,   5.9
194, 146, 29.46062512, 93.93727720,   5.8
195, 146, 29.45486278, 93.92452651,   5.8
196, 146, 29.44902674, 93.91158882,   5.8
197, 146, 29.44311574, 93.89846150,   5.7
198, 146, 29.43712849, 93.88514187,   5.7
199, 146, 29.43106368, 93.87162723,   5.7
200, 146, 29.42492000, 93.85791483,   5.6
201, 146, 29.41869611, 93.84400189,   5.6
202, 146, 29.41239064, 93.82988558,   5.6
203, 146, 29.40600223, 93.81556304,   5.5
204, 146, 29.39952947, 93.80103137,   5.5
205, 146, 29.39297095, 93.78628761,   5.5
206, 146, 29.38632524, 93.77132877,   5.4
207, 146, 29.37959088, 93.75615183,   5.3
208, 146, 29.37276639, 93.74075371,   5.2
209, 146, 29.36585028, 93.72513130,   5.2
210, 146, 29.35884104, 93.70928142,   5.1
211, 146, 29.35173711, 93.69320088,   5.0
212, 146, 29.34453695, 93.67688642,   4.9
213, 146, 29.33723896, 93.66033475,   4.8
214, 146, 29.32984155, 93.64354252,   4.7
215, 146, 29.32234307, 93.62650633,   4.6
216, 146, 29.31474188, 93.60922275,   4.6
217, 146, 29.30703631, 93.59168830,   4.5
218, 146, 29.29922464, 93.57389943,   4.4
219, 146, 29.29130515, 93.55585256,   4.4
220, 146, 29.28327610, 93.53754405,   4.3
221, 146, 29.27513570, 93.51897022,   4.2
222, 146, 29.26688214, 93.50012733,   4.1
223, 146, 29.25851361, 93.48101158,   4.0
224, 146, 29.25002824, 93.46161912,   3.9
225, 146, 29.24142414, 93.44194608,   3.8
226, 146, 29.23269940, 93.42198848,   3.7
227, 146, 29.22385209, 93.40174232,   3.6
228, 146, 29.21488022, 93.38120355,   3.4
229, 146, 29.20578181, 93.36036803,   3.3
230, 146, 29.19655481, 93.33923160,   3.2
231, 146, 29.18719717, 93.31779002,   3.1
232, 146, 29.17770680, 93.29603900,   3.0
233, 146, 29.16808157, 93.27397418,   2.8
234, 146, 29.15831932, 93.25159115,   2.7
235, 146, 29.14841786, 93.22888544,   2.5
236, 146, 29.13837498, 93.20585251,   2.3
237, 146, 29.12818842, 93.18248776,   2.2
238, 146, 29.11785587, 93.15878653,   2.0
239, 146, 29.10737503, 93.13474410,   1.9
240, 146, 29.09674352, 93.11035568,   1.9
241, 146, 29.08595895, 93.08561641,   2.0
  1, 147, 30.21879370, 94.64727097,  99.9
  2, 147, 30.21216749, 94.64834170,  99.9
  3, 147, 30.20562699, 94.64937362,  99.9
  4, 147, 30.19917086, 94.65036697,  99.9
  5, 147, 30.19279775, 94.65132197,  99.9
  6, 147, 30.18650633, 94.65223883,  99.9
  7, 147, 30.18029530, 94.65311774,  99.9
  8, 147, 30.17416337, 94.65395890,  99.9
  9, 147, 30.16810926, 94.65476248,  99.9
 10, 147, 30.16213171, 94.65552868,  99.9
 11, 147, 30.15622947, 94.65625765,  99.9
 12, 147, 30.15040133, 94.65694955,  99.9
 13, 147, 30.14464607, 94.65760454,  99.9
 14, 147, 30.13896250, 94.65822276,  99.9
 15, 147, 30.13334942, 94.65880435,  99.9
 16, 147, 30.12780568, 94.65934944,  99.9
 17, 147, 30.12233012, 94.65985814,  99.9
 18, 147, 30.11692160, 94.66033057,  99.9
 19, 147, 30.11157900, 94.66076683,  99.9
 20, 147, 30.10630120, 94.66116703,  99.9
 21, 147, 30.10108711, 94.66153124,  99.9
 22, 147, 30.09593565, 94.66185956,  99.9
 23, 147, 30.09084574, 94.66215206,  99.9
 24, 147, 30.08581633, 94.66240881,  99.9
 25, 147, 30.08084636, 94.66262985,  99.9
 26, 147, 30.07593480, 94.66281526,  99.9
 27, 147, 30.07108064, 94.66296506,  99.9
 28, 147, 30.06628286, 94.66307930,  99.9
 29, 147, 30.06154047, 94.66315801,  99.9
 30, 147, 30.05685247, 94.66320120,  99.9
 31, 147, 30.05221789, 94.66320890,  99.9
 32, 147, 30.04763578, 94.66318110,  99.9
 33, 147, 30.04310516, 94.66311781,  99.9
 34, 147, 30.03862511, 94.66301902,  99.9
 35, 147, 30.03419469, 94.66288471,  99.9
 36, 147, 30.02981298, 94.66271486,  99.9
 37, 147, 30.02547906, 94.66250944,  99.9
 38, 147, 30.02119203, 94.66226841,  99.9
 39, 147, 30.01695101, 94.66199172,  99.9
 40, 147, 30.01275511, 94.66167932,  99.9
 41, 147, 30.00860345, 94.66133115,  99.9
 42, 147, 30.00449518, 94.66094715,  99.9
 43, 147, 30.00042943, 94.66052723,  99.9
 44, 147, 29.99640536, 94.66007131,  99.9
 45, 147, 29.99242214, 94.65957930,  99.9
 46, 147, 29.98847892, 94.65905110,  99.9
 47, 147, 29.98457491, 94.65848661,  99.9
 48, 147, 29.98070927, 94.65788571,  99.9
 49, 147, 29.97688120, 94.65724828,  99.9
 50, 147, 29.97308992, 94.65657419,  99.9
 51, 147, 29.96933462, 94.65586330,  99.9
 52, 147, 29.96561453, 94.65511548,  99.9
 53, 147, 29.96192887, 94.65433056,  99.9
 54, 147, 29.95827688, 94.65350839,  99.9
 55, 147, 29.95465779, 94.65264880,  99.9
 56, 147, 29.95107085, 94.65175161,  99.9
 57, 147, 29.94751531, 94.65081664,  99.9
 58, 147, 29.94399043, 94.64984370,  99.9
 59, 147, 29.94049548, 94.64883259,  99.9
 60, 147, 29.93702974, 94.64778310,  99.9
 61, 147, 29.93359247, 94.64669502,  99.9
 62, 147, 29.93018296, 94.64556812,  99.9
 63, 147, 29.92680050, 94.64440218,  99.9
 64, 147, 29.92344439, 94.64319694,  99.9
 65, 147, 29.92011393, 94.64195217,  99.9
 66, 147, 29.91680842, 94.64066761,  99.9
 67, 147, 29.91352717, 94.63934300,  99.9
 68, 147, 29.91026950, 94.63797805,  99.9
 69, 147, 29.90703473, 94.63657250,  99.9
 70, 147, 29.90382219, 94.63512604,  99.9
 71, 147, 29.90063121, 94.63363839,  99.9
 72, 147, 29.89746111, 94.63210924,  99.9
 73, 147, 29.89431125, 94.63053826,  99.9
 74, 147, 29.89118096, 94.62892515,  99.9
 75, 147, 29.88806959, 94.62726955,  99.9
 76, 147, 29.88497649, 94.62557114,  99.9
 77, 147, 29.88190102, 94.62382957,  99.9
 78, 147, 29.87884253, 94.62204446,  99.9
 79, 147, 29.87580038, 94.62021546,  99.9
 80, 147, 29.87277395, 94.61834219,  99.9
 81, 147, 29.86976260, 94.61642426,  99.9
 82, 147, 29.86676570, 94.61446127,  99.9
 83, 147, 29.86378262, 94.61245283,  99.9
 84, 147, 29.86081275, 94.61039850,  99.9
 85, 147, 29.85785545, 94.60829788,  99.9
 86, 147, 29.85491013, 94.60615053,  99.9
 87, 147, 29.85197615, 94.60395599,  99.9
 88, 147, 29.84905291, 94.60171383,  99.9
 89, 147, 29.84613979, 94.59942357,  99.9
 90, 147, 29.84323619, 94.59708475,  99.9
 91, 147, 29.84034150, 94.59469688,  99.9
 92, 147, 29.83745512, 94.59225946,  99.9
 93, 147, 29.83457644, 94.58977200,  99.9
 94, 147, 29.83170486, 94.58723398,  99.9
 95, 147, 29.82883978, 94.58464487,  99.9
 96, 147, 29.82598059, 94.58200415,  99.9
 97, 147, 29.82312672, 94.57931126,  99.9
 98, 147, 29.82027754, 94.57656564,  99.9
 99, 147, 29.81743248, 94.57376674,  99.9
100, 147, 29.81459093, 94.57091397,  99.9
101, 147, 29.81175230, 94.56800675,  99.9
102, 147, 29.80891599, 94.56504447,  99.9
103, 147, 29.80608141, 94.56202652,  99.9
104, 147, 29.80324797, 94.55895227,  99.9
105, 147, 29.80041508, 94.55582110,  99.9
106, 147, 29.79758213, 94.55263236,  99.9
107, 147, 29.79474854, 94.54938538,  99.9
108, 147, 29.79191371, 94.54607950,  99.9
109, 147, 29.78907705, 94.54271403,  99.9
110, 147, 29.78623796, 94.53928828,  99.9
111, 147, 29.78339585, 94.53580154,  99.9
112, 147, 29.78055012, 94.53225310,  99.9
113, 147, 29.77770018, 94.52864221,  99.9
114, 147, 29.77484542, 94.52496813,  99.9
115, 147, 29.77198525, 94.52123011,  99.9
116, 147, 29.76911906, 94.51742737,  99.9
117, 147, 29.76624626, 94.51355912,  99.9
118, 147, 29.76336624, 94.50962458,  99.9
119, 147, 29.76047839, 94.50562292,  99.9
120, 147, 29.75758211, 94.50155332,  99.9
121, 147, 29.75467679, 94.49741494,  99.9
122, 147, 29.75176182, 94.49320692,  99.9
123, 147, 29.74883658, 94.48892841,  99.9
124, 147, 29.74590047, 94.48457851,  99.9
125, 147, 29.74295285, 94.48015632,  99.9
126, 147, 29.73999311, 94.47566094,  99.9
127, 147, 29.73702063, 94.47109144,  99.9
128, 147, 29.73403478, 94.46644687,  99.9
129, 147, 29.73103494, 94.46172629,  99.9
130, 147, 29.72802046, 94.45692870,  99.9
131, 147, 29.72499071, 94.45205313,  99.9
132, 147, 29.72194506, 94.44709857,  99.9
133, 147, 29.71888287, 94.44206399,  99.9
134, 147, 29.71580347, 94.43694836,  99.9
135, 147, 29.71270623, 94.43175063,  99.9
136, 147, 29.70959050, 94.42646973,  99.9
137, 147, 29.70645560, 94.42110456,  99.9
138, 147, 29.70330089, 94.41565401,  99.9
139, 147, 29.70012568, 94.41011698,  99.9
140, 147, 29.69692932, 94.40449231,  99.9
141, 147, 29.69371113, 94.39877885,  99.9
142, 147, 29.69047041, 94.39297542,  99.9
143, 147, 29.68720650, 94.38708083,  99.9
144, 147, 29.68391869, 94.38109386,   7.0
145, 147, 29.68060629, 94.37501328,   6.9
146, 147, 29.67726860, 94.36883784,   6.7
147, 147, 29.67390490, 94.36256626,   6.6
148, 147, 29.67051450, 94.35619727,   6.8
149, 147, 29.66709665, 94.34972953,   7.0
150, 147, 29.66365065, 94.34316174,   7.0
151, 147, 29.66017576, 94.33649253,   7.6
152, 147, 29.65667124, 94.32972053,   7.6
153, 147, 29.65313634, 94.32284436,   7.6
154, 147, 29.64957031, 94.31586259,   7.7
155, 147, 29.64597240, 94.30877379,   7.7
156, 147, 29.64234184, 94.30157651,   7.7
157, 147, 29.63867785, 94.29426927,   7.7
158, 147, 29.63497966, 94.28685056,   7.7
159, 147, 29.63124647, 94.27931886,   7.8
160, 147, 29.62747749, 94.27167262,   7.9
161, 147, 29.62367192, 94.26391028,   8.1
162, 147, 29.61982894, 94.25603024,   8.3
163, 147, 29.61594774, 94.24803089,   8.5
164, 147, 29.61202748, 94.23991057,   8.6
165, 147, 29.60806732, 94.23166763,   8.6
166, 147, 29.60406642, 94.22330038,   8.6
167, 147, 29.60002393, 94.21480709,   8.6
168, 147, 29.59593897, 94.20618603,   8.5
169, 147, 29.59181068, 94.19743543,   8.4
170, 147, 29.58763816, 94.18855349,   8.3
171, 147, 29.58342052, 94.17953840,   8.2
172, 147, 29.57915687, 94.17038830,   8.1
173, 147, 29.57484627, 94.16110133,   7.9
174, 147, 29.57048782, 94.15167559,   7.8
175, 147, 29.56608056, 94.14210913,   7.7
176, 147, 29.56162356, 94.13240001,   7.6
177, 147, 29.55711585, 94.12254623,   7.5
178, 147, 29.55255646, 94.11254579,   7.4
179, 147, 29.54794442, 94.10239663,   7.3
180, 147, 29.54327873, 94.09209667,   7.2
181, 147, 29.53855837, 94.08164383,   7.1
182, 147, 29.53378235, 94.07103595,   7.1
183, 147, 29.52894961, 94.06027086,   7.0
184, 147, 29.52405913, 94.04934638,   6.9
185, 147, 29.51910983, 94.03826027,   6.8
186, 147, 29.51410066, 94.02701026,   6.7
187, 147, 29.50903053, 94.01559406,   6.6
188, 147, 29.50389834, 94.00400934,   6.5
189, 147, 29.49870298, 93.99225374,   6.4
190, 147, 29.49344331, 93.98032485,   6.3
191, 147, 29.48811821, 93.96822025,   6.2
192, 147, 29.48272652, 93.95593747,   6.1
193, 147, 29.47726706, 93.94347400,   6.0
194, 147, 29.47173864, 93.93082731,   5.9
195, 147, 29.46614007, 93.91799482,   5.9
196, 147, 29.46047013, 93.90497392,   5.8
197, 147, 29.45472757, 93.89176196,   5.8
198, 147, 29.44891116, 93.87835625,   5.7
199, 147, 29.44301962, 93.86475406,   5.7
200, 147, 29.43705166, 93.85095263,   5.7
201, 147, 29.43100598, 93.83694916,   5.7
202, 147, 29.42488126, 93.82274080,   5.6
203, 147, 29.41867616, 93.80832466,   5.6
204, 147, 29.41238932, 93.79369782,   5.6
205, 147, 29.40601937, 93.77885730,   5.5
206, 147, 29.39956490, 93.76380010,   5.5
207, 147, 29.39302450, 93.74852317,   5.4
208, 147, 29.38639674, 93.73302340,   5.3
209, 147, 29.37968015, 93.71729766,   5.2
210, 147, 29.37287327, 93.70134276,   5.1
211, 147, 29.36597458, 93.68515547,   5.0
212, 147, 29.35898258, 93.66873251,   5.0
213, 147, 29.35189572, 93.65207057,   4.9
214, 147, 29.34471244, 93.63516626,   4.8
215, 147, 29.33743115, 93.61801619,   4.7
216, 147, 29.33005024, 93.60061687,   4.7
217, 147, 29.32256808, 93.58296479,   4.6
218, 147, 29.31498301, 93.56505640,   4.5
219, 147, 29.30729335, 93.54688808,   4.4
220, 147, 29.29949740, 93.52845617,   4.3
221, 147, 29.29159342, 93.50975694,   4.2
222, 147, 29.28357966, 93.49078663,   4.1
223, 147, 29.27545433, 93.47154142,   4.0
224, 147, 29.26721564, 93.45201744,   4.0
225, 147, 29.25886173, 93.43221076,   3.9
226, 147, 29.25039076, 93.41211739,   3.8
227, 147, 29.24180082, 93.39173330,   3.7
228, 147, 29.23309000, 93.37105439,   3.5
229, 147, 29.22425635, 93.35007652,   3.4
230, 147, 29.21529790, 93.32879546,   3.3
231, 147, 29.20621263, 93.30720696,   3.2
232, 147, 29.19699850, 93.28530668,   3.1
233, 147, 29.18765346, 93.26309024,   2.9
234, 147, 29.17817539, 93.24055318,   2.8
235, 147, 29.16856217, 93.21769101,   2.6
236, 147, 29.15881163, 93.19449915,   2.5
237, 147, 29.14892157, 93.17097296,   2.3
238, 147, 29.13888975, 93.14710775,   2.1
239, 147, 29.12871392, 93.12289875,   2.0
240, 147, 29.11839178, 93.09834113,   1.9
241, 147, 29.10792097, 93.07343000,   2.1
  1, 148, 30.21780309, 94.63961160,  99.9
  2, 148, 30.21121130, 94.64078221,  99.9
  3, 148, 30.20470503, 94.64191242,  99.9
  4, 148, 30.19828293, 94.64300250,  99.9
  5, 148, 30.19194366, 94.64405267,  99.9
  6, 148, 30.18568590, 94.64506317,  99.9
  7, 148, 30.17950836, 94.64603421,  99.9
  8, 148, 30.17340974, 94.64696601,  99.9
  9, 148, 30.16738879, 94.64785877,  99.9
 10, 148, 30.16144424, 94.64871268,  99.9
 11, 148, 30.15557487, 94.64952793,  99.9
 12, 148, 30.14977945, 94.65030471,  99.9
 13, 148, 30.14405677, 94.65104318,  99.9
 14, 148, 30.13840566, 94.65174349,  99.9
 15, 148, 30.13282493, 94.65240582,  99.9
 16, 148, 30.12731342, 94.65303029,  99.9
 17, 148, 30.12186999, 94.65361705,  99.9
 18, 148, 30.11649350, 94.65416624,  99.9
 19, 148, 30.11118283, 94.65467796,  99.9
 20, 148, 30.10593689, 94.65515233,  99.9
 21, 148, 30.10075458, 94.65558947,  99.9
 22, 148, 30.09563483, 94.65598945,  99.9
 23, 148, 30.09057656, 94.65635239,  99.9
 24, 148, 30.08557872, 94.65667835,  99.9
 25, 148, 30.08064029, 94.65696742,  99.9
 26, 148, 30.07576022, 94.65721965,  99.9
 27, 148, 30.07093750, 94.65743511,  99.9
 28, 148, 30.06617114, 94.65761384,  99.9
 29, 148, 30.06146014, 94.65775590,  99.9
 30, 148, 30.05680352, 94.65786131,  99.9
 31, 148, 30.05220030, 94.65793010,  99.9
 32, 148, 30.04764954, 94.65796229,  99.9
 33, 148, 30.04315029, 94.65795790,  99.9
 34, 148, 30.03870160, 94.65791692,  99.9
 35, 148, 30.03430256, 94.65783935,  99.9
 36, 148, 30.02995225, 94.65772519,  99.9
 37, 148, 30.02564977, 94.65757441,  99.9
 38, 148, 30.02139421, 94.65738699,  99.9
 39, 148, 30.01718469, 94.65716288,  99.9
 40, 148, 30.01302034, 94.65690206,  99.9
 41, 148, 30.00890029, 94.65660446,  99.9
 42, 148, 30.00482369, 94.65627004,  99.9
 43, 148, 30.00078968, 94.65589872,  99.9
 44, 148, 29.99679742, 94.65549043,  99.9
 45, 148, 29.99284608, 94.65504509,  99.9
 46, 148, 29.98893485, 94.65456262,  99.9
 47, 148, 29.98506290, 94.65404291,  99.9
 48, 148, 29.98122944, 94.65348586,  99.9
 49, 148, 29.97743365, 94.65289137,  99.9
 50, 148, 29.97367476, 94.65225930,  99.9
 51, 148, 29.96995198, 94.65158953,  99.9
 52, 148, 29.96626453, 94.65088193,  99.9
 53, 148, 29.96261165, 94.65013634,  99.9
 54, 148, 29.95899258, 94.64935263,  99.9
 55, 148, 29.95540656, 94.64853063,  99.9
 56, 148, 29.95185284, 94.64767016,  99.9
 57, 148, 29.94833068, 94.64677107,  99.9
 58, 148, 29.94483936, 94.64583316,  99.9
 59, 148, 29.94137815, 94.64485623,  99.9
 60, 148, 29.93794631, 94.64384010,  99.9
 61, 148, 29.93454314, 94.64278455,  99.9
 62, 148, 29.93116794, 94.64168936,  99.9
 63, 148, 29.92781998, 94.64055432,  99.9
 64, 148, 29.92449859, 94.63937918,  99.9
 65, 148, 29.92120306, 94.63816371,  99.9
 66, 148, 29.91793271, 94.63690765,  99.9
 67, 148, 29.91468686, 94.63561075,  99.9
 68, 148, 29.91146482, 94.63427274,  99.9
 69, 148, 29.90826594, 94.63289335,  99.9
 70, 148, 29.90508954, 94.63147229,  99.9
 71, 148, 29.90193496, 94.63000926,  99.9
 72, 148, 29.89880154, 94.62850398,  99.9
 73, 148, 29.89568863, 94.62695612,  99.9
 74, 148, 29.89259557, 94.62536537,  99.9
 75, 148, 29.88952173, 94.62373140,  99.9
 76, 148, 29.88646647, 94.62205387,  99.9
 77, 148, 29.88342914, 94.62033243,  99.9
 78, 148, 29.88040911, 94.61856674,  99.9
 79, 148, 29.87740575, 94.61675643,  99.9
 80, 148, 29.87441844, 94.61490112,  99.9
 81, 148, 29.87144654, 94.61300043,  99.9
 82, 148, 29.86848945, 94.61105397,  99.9
 83, 148, 29.86554654, 94.60906134,  99.9
 84, 148, 29.86261720, 94.60702212,  99.9
 85, 148, 29.85970082, 94.60493589,  99.9
 86, 148, 29.85679678, 94.60280223,  99.9
 87, 148, 29.85390449, 94.60062069,  99.9
 88, 148, 29.85102333, 94.59839082,  99.9
 89, 148, 29.84815271, 94.59611217,  99.9
 90, 148, 29.84529203, 94.59378425,  99.9
 91, 148, 29.84244068, 94.59140659,  99.9
 92, 148, 29.83959807, 94.58897871,  99.9
 93, 148, 29.83676361, 94.58650009,  99.9
 94, 148, 29.83393670, 94.58397022,  99.9
 95, 148, 29.83111676, 94.58138859,  99.9
 96, 148, 29.82830319, 94.57875465,  99.9
 97, 148, 29.82549541, 94.57606787,  99.9
 98, 148, 29.82269282, 94.57332769,  99.9
 99, 148, 29.81989484, 94.57053354,  99.9
100, 148, 29.81710089, 94.56768485,  99.9
101, 148, 29.81431038, 94.56478102,  99.9
102, 148, 29.81152272, 94.56182146,  99.9
103, 148, 29.80873734, 94.55880556,  99.9
104, 148, 29.80595364, 94.55573269,  99.9
105, 148, 29.80317105, 94.55260222,  99.9
106, 148, 29.80038898, 94.54941350,  99.9
107, 148, 29.79760685, 94.54616587,  99.9
108, 148, 29.79482408, 94.54285867,  99.9
109, 148, 29.79204008, 94.53949120,  99.9
110, 148, 29.78925426, 94.53606277,  99.9
111, 148, 29.78646605, 94.53257268,  99.9
112, 148, 29.78367486, 94.52902020,  99.9
113, 148, 29.78088010, 94.52540461,  99.9
114, 148, 29.77808118, 94.52172514,  99.9
115, 148, 29.77527753, 94.51798105,  99.9
116, 148, 29.77246854, 94.51417156,  99.9
117, 148, 29.76965363, 94.51029588,  99.9
118, 148, 29.76683221, 94.50635322,  99.9
119, 148, 29.76400369, 94.50234275,  99.9
120, 148, 29.76116746, 94.49826366,  99.9
121, 148, 29.75832294, 94.49411509,  99.9
122, 148, 29.75546952, 94.48989620,  99.9
123, 148, 29.75260660, 94.48560611,  99.9
124, 148, 29.74973359, 94.48124394,  99.9
125, 148, 29.74684987, 94.47680878,  99.9
126, 148, 29.74395484, 94.47229972,  99.9
127, 148, 29.74104789, 94.46771583,  99.9
128, 148, 29.73812841, 94.46305617,  99.9
129, 148, 29.73519577, 94.45831978,  99.9
130, 148, 29.73224937, 94.45350566,  99.9
131, 148, 29.72928858, 94.44861285,  99.9
132, 148, 29.72631277, 94.44364031,  99.9
133, 148, 29.72332132, 94.43858704,  99.9
134, 148, 29.72031360, 94.43345198,  99.9
135, 148, 29.71728896, 94.42823408,  99.9
136, 148, 29.71424678, 94.42293227,  99.9
137, 148, 29.71118640, 94.41754544,  99.9
138, 148, 29.70810719, 94.41207249,  99.9
139, 148, 29.70500848, 94.40651230,  99.9
140, 148, 29.70188963, 94.40086371,  99.9
141, 148, 29.69874997, 94.39512556,  99.9
142, 148, 29.69558883, 94.38929667,  99.9
143, 148, 29.69240556, 94.38337584,  99.9
144, 148, 29.68919947, 94.37736186,   6.9
145, 148, 29.68596988, 94.37125347,   6.7
146, 148, 29.68271611, 94.36504942,   6.7
147, 148, 29.67943746, 94.35874845,   6.7
148, 148, 29.67613325, 94.35234924,   6.7
149, 148, 29.67280277, 94.34585048,  99.9
150, 148, 29.66944531, 94.33925084,   7.0
151, 148, 29.66606015, 94.33254896,   7.5
152, 148, 29.66264659, 94.32574345,   7.5
153, 148, 29.65920388, 94.31883293,   7.5
154, 148, 29.65573131, 94.31181596,   7.5
155, 148, 29.65222812, 94.30469110,   7.6
156, 148, 29.64869358, 94.29745690,   7.8
157, 148, 29.64512693, 94.29011185,   7.8
158, 148, 29.64152741, 94.28265446,   7.8
159, 148, 29.63789424, 94.27508319,   7.8
160, 148, 29.63422667, 94.26739649,   7.8
161, 148, 29.63052389, 94.25959277,   8.0
162, 148, 29.62678512, 94.25167043,   8.3
163, 148, 29.62300957, 94.24362785,   8.4
164, 148, 29.61919642, 94.23546337,   8.5
165, 148, 29.61534486, 94.22717533,   8.6
166, 148, 29.61145406, 94.21876201,   8.6
167, 148, 29.60752319, 94.21022169,   8.6
168, 148, 29.60355141, 94.20155263,   8.5
169, 148, 29.59953786, 94.19275303,   8.5
170, 148, 29.59548169, 94.18382110,   8.4
171, 148, 29.59138202, 94.17475501,   8.3
172, 148, 29.58723798, 94.16555289,   8.1
173, 148, 29.58304866, 94.15621287,   8.0
174, 148, 29.57881318, 94.14673303,   7.9
175, 148, 29.57453062, 94.13711142,   7.8
176, 148, 29.57020006, 94.12734607,   7.7
177, 148, 29.56582056, 94.11743499,   7.6
178, 148, 29.56139118, 94.10737615,   7.5
179, 148, 29.55691097, 94.09716749,   7.4
180, 148, 29.55237896, 94.08680692,   7.3
181, 148, 29.54779417, 94.07629231,   7.2
182, 148, 29.54315560, 94.06562153,   7.2
183, 148, 29.53846227, 94.05479238,   7.1
184, 148, 29.53371315, 94.04380266,   7.0
185, 148, 29.52890721, 94.03265012,   6.9
186, 148, 29.52404341, 94.02133248,   6.8
187, 148, 29.51912070, 94.00984743,   6.7
188, 148, 29.51413802, 93.99819262,   6.6
189, 148, 29.50909427, 93.98636567,   6.5
190, 148, 29.50398836, 93.97436418,   6.5
191, 148, 29.49881919, 93.96218569,   6.4
192, 148, 29.49358563, 93.94982772,   6.3
193, 148, 29.48828654, 93.93728774,   6.2
194, 148, 29.48292077, 93.92456321,   6.1
195, 148, 29.47748715, 93.91165153,   6.0
196, 148, 29.47198448, 93.89855007,   5.9
197, 148, 29.46641158, 93.88525616,   5.8
198, 148, 29.46076723, 93.87176709,   5.8
199, 148, 29.45505018, 93.85808013,   5.8
200, 148, 29.44925920, 93.84419248,   5.7
201, 148, 29.44339300, 93.83010132,   5.7
202, 148, 29.43745032, 93.81580378,   5.7
203, 148, 29.43142983, 93.80129697,   5.7
204, 148, 29.42533024, 93.78657793,   5.6
205, 148, 29.41915018, 93.77164367,   5.6
206, 148, 29.41288831, 93.75649116,   5.5
207, 148, 29.40654325, 93.74111733,   5.5
208, 148, 29.40011360, 93.72551906,   5.4
209, 148, 29.39359795, 93.70969318,   5.3
210, 148, 29.38699486, 93.69363648,   5.2
211, 148, 29.38030287, 93.67734572,   5.1
212, 148, 29.37352050, 93.66081758,   5.0
213, 148, 29.36664626, 93.64404874,   5.0
214, 148, 29.35967862, 93.62703578,   4.9
215, 148, 29.35261604, 93.60977527,   4.8
216, 148, 29.34545696, 93.59226373,   4.7
217, 148, 29.33819979, 93.57449760,   4.7
218, 148, 29.33084291, 93.55647330,   4.6
219, 148, 29.32338470, 93.53818719,   4.5
220, 148, 29.31582349, 93.51963558,   4.4
221, 148, 29.30815759, 93.50081472,   4.3
222, 148, 29.30038531, 93.48172082,   4.2
223, 148, 29.29250491, 93.46235003,   4.1
224, 148, 29.28451463, 93.44269845,   4.1
225, 148, 29.27641267, 93.42276212,   4.0
226, 148, 29.26819724, 93.40253702,   3.9
227, 148, 29.25986649, 93.38201909,   3.8
228, 148, 29.25141855, 93.36120420,   3.7
229, 148, 29.24285153, 93.34008817,   3.5
230, 148, 29.23416350, 93.31866675,   3.4
231, 148, 29.22535251, 93.29693565,   3.3
232, 148, 29.21641658, 93.27489050,   3.2
233, 148, 29.20735370, 93.25252689,   3.1
234, 148, 29.19816181, 93.22984033,   2.9
235, 148, 29.18883884, 93.20682627,   2.8
236, 148, 29.17938270, 93.18348012,   2.6
237, 148, 29.16979123, 93.15979719,   2.5
238, 148, 29.16006226, 93.13577275,   2.3
239, 148, 29.15019360, 93.11140200,   2.2
240, 148, 29.14018299, 93.08668008,   2.1
241, 148, 29.13002816, 93.06160205,   2.1
  1, 149, 30.21672514, 94.63199287,  99.9
  2, 149, 30.21016916, 94.63326311,  99.9
  3, 149, 30.20369847, 94.63449137,  99.9
  4, 149, 30.19731175, 94.63567793,  99.9
  5, 149, 30.19100764, 94.63682304,  99.9
  6, 149, 30.18478486, 94.63792696,  99.9
  7, 149, 30.17864209, 94.63898992,  99.9
  8, 149, 30.17257807, 94.64001216,  99.9
  9, 149, 30.16659154, 94.64099389,  99.9
 10, 149, 30.16068124, 94.64193534,  99.9
 11, 149, 30.15484596, 94.64283670,  99.9
 12, 149, 30.14908447, 94.64369818,  99.9
 13, 149, 30.14339559, 94.64451996,  99.9
 14, 149, 30.13777812, 94.64530222,  99.9
 15, 149, 30.13223090, 94.64604513,  99.9
 16, 149, 30.12675278, 94.64674886,  99.9
 17, 149, 30.12134261, 94.64741355,  99.9
 18, 149, 30.11599928, 94.64803937,  99.9
 19, 149, 30.11072167, 94.64862643,  99.9
 20, 149, 30.10550868, 94.64917488,  99.9
 21, 149, 30.10035923, 94.64968483,  99.9
 22, 149, 30.09527225, 94.65015640,  99.9
 23, 149, 30.09024668, 94.65058969,  99.9
 24, 149, 30.08528147, 94.65098480,  99.9
 25, 149, 30.08037560, 94.65134181,  99.9
 26, 149, 30.07552804, 94.65166082,  99.9
 27, 149, 30.07073778, 94.65194188,  99.9
 28, 149, 30.06600383, 94.65218507,  99.9
 29, 149, 30.06132521, 94.65239044,  99.9
 30, 149, 30.05670093, 94.65255803,  99.9
 31, 149, 30.05213005, 94.65268790,  99.9
 32, 149, 30.04761159, 94.65278007,  99.9
 33, 149, 30.04314464, 94.65283457,  99.9
 34, 149, 30.03872825, 94.65285141,  99.9
 35, 149, 30.03436152, 94.65283060,  99.9
 36, 149, 30.03004352, 94.65277214,  99.9
 37, 149, 30.02577336, 94.65267603,  99.9
 38, 149, 30.02155016, 94.65254224,  99.9
 39, 149, 30.01737303, 94.65237077,  99.9
 40, 149, 30.01324110, 94.65216156,  99.9
 41, 149, 30.00915352, 94.65191460,  99.9
 42, 149, 30.00510944, 94.65162982,  99.9
 43, 149, 30.00110800, 94.65130717,  99.9
 44, 149, 29.99714839, 94.65094660,  99.9
 45, 149, 29.99322977, 94.65054803,  99.9
 46, 149, 29.98935133, 94.65011137,  99.9
 47, 149, 29.98551227, 94.64963655,  99.9
 48, 149, 29.98171178, 94.64912347,  99.9
 49, 149, 29.97794907, 94.64857203,  99.9
 50, 149, 29.97422335, 94.64798210,  99.9
 51, 149, 29.97053387, 94.64735359,  99.9
 52, 149, 29.96687983, 94.64668635,  99.9
 53, 149, 29.96326049, 94.64598026,  99.9
 54, 149, 29.95967509, 94.64523516,  99.9
 55, 149, 29.95612289, 94.64445091,  99.9
 56, 149, 29.95260313, 94.64362736,  99.9
 57, 149, 29.94911510, 94.64276432,  99.9
 58, 149, 29.94565806, 94.64186162,  99.9
 59, 149, 29.94223130, 94.64091909,  99.9
 60, 149, 29.93883409, 94.63993652,  99.9
 61, 149, 29.93546574, 94.63891371,  99.9
 62, 149, 29.93212553, 94.63785046,  99.9
 63, 149, 29.92881279, 94.63674655,  99.9
 64, 149, 29.92552680, 94.63560175,  99.9
 65, 149, 29.92226689, 94.63441582,  99.9
 66, 149, 29.91903239, 94.63318853,  99.9
 67, 149, 29.91582261, 94.63191961,  99.9
 68, 149, 29.91263688, 94.63060882,  99.9
 69, 149, 29.90947455, 94.62925587,  99.9
 70, 149, 29.90633495, 94.62786049,  99.9
 71, 149, 29.90321743, 94.62642240,  99.9
 72, 149, 29.90012134, 94.62494129,  99.9
 73, 149, 29.89704603, 94.62341687,  99.9
 74, 149, 29.89399086, 94.62184881,  99.9
 75, 149, 29.89095519, 94.62023679,  99.9
 76, 149, 29.88793839, 94.61858049,  99.9
 77, 149, 29.88493984, 94.61687956,  99.9
 78, 149, 29.88195890, 94.61513364,  99.9
 79, 149, 29.87899495, 94.61334239,  99.9
 80, 149, 29.87604738, 94.61150543,  99.9
 81, 149, 29.87311557, 94.60962237,  99.9
 82, 149, 29.87019890, 94.60769284,  99.9
 83, 149, 29.86729678, 94.60571643,  99.9
 84, 149, 29.86440858, 94.60369273,  99.9
 85, 149, 29.86153372, 94.60162134,  99.9
 86, 149, 29.85867158, 94.59950181,  99.9
 87, 149, 29.85582158, 94.59733371,  99.9
 88, 149, 29.85298311, 94.59511660,  99.9
 89, 149, 29.85015558, 94.59285002,  99.9
 90, 149, 29.84733840, 94.59053349,  99.9
 91, 149, 29.84453099, 94.58816654,  99.9
 92, 149, 29.84173275, 94.58574868,  99.9
 93, 149, 29.83894310, 94.58327941,  99.9
 94, 149, 29.83616146, 94.58075822,  99.9
 95, 149, 29.83338724, 94.57818460,  99.9
 96, 149, 29.83061987, 94.57555800,  99.9
 97, 149, 29.82785877, 94.57287788,  99.9
 98, 149, 29.82510335, 94.57014370,  99.9
 99, 149, 29.82235304, 94.56735488,  99.9
100, 149, 29.81960727, 94.56451085,  99.9
101, 149, 29.81686546, 94.56161102,  99.9
102, 149, 29.81412704, 94.55865480,  99.9
103, 149, 29.81139143, 94.55564157,  99.9
104, 149, 29.80865805, 94.55257071,  99.9
105, 149, 29.80592635, 94.54944159,  99.9
106, 149, 29.80319574, 94.54625355,  99.9
107, 149, 29.80046565, 94.54300594,  99.9
108, 149, 29.79773551, 94.53969809,  99.9
109, 149, 29.79500475, 94.53632932,  99.9
110, 149, 29.79227279, 94.53289893,  99.9
111, 149, 29.78953906, 94.52940620,  99.9
112, 149, 29.78680298, 94.52585043,  99.9
113, 149, 29.78406399, 94.52223087,  99.9
114, 149, 29.78132150, 94.51854678,  99.9
115, 149, 29.77857495, 94.51479739,  99.9
116, 149, 29.77582375, 94.51098194,  99.9
117, 149, 29.77306732, 94.50709963,  99.9
118, 149, 29.77030509, 94.50314966,  99.9
119, 149, 29.76753648, 94.49913121,  99.9
120, 149, 29.76476090, 94.49504347,  99.9
121, 149, 29.76197776, 94.49088557,  99.9
122, 149, 29.75918649, 94.48665667,  99.9
123, 149, 29.75638649, 94.48235589,  99.9
124, 149, 29.75357718, 94.47798235,  99.9
125, 149, 29.75075797, 94.47353513,  99.9
126, 149, 29.74792825, 94.46901333,  99.9
127, 149, 29.74508743, 94.46441600,  99.9
128, 149, 29.74223492, 94.45974221,  99.9
129, 149, 29.73937011, 94.45499098,  99.9
130, 149, 29.73649240, 94.45016133,  99.9
131, 149, 29.73360118, 94.44525228,  99.9
132, 149, 29.73069584, 94.44026280,  99.9
133, 149, 29.72777576, 94.43519187,  99.9
134, 149, 29.72484033, 94.43003844,  99.9
135, 149, 29.72188894, 94.42480145,  99.9
136, 149, 29.71892094, 94.41947981,  99.9
137, 149, 29.71593572, 94.41407244,  99.9
138, 149, 29.71293265, 94.40857822,  99.9
139, 149, 29.70991109, 94.40299601,  99.9
140, 149, 29.70687039, 94.39732466,  99.9
141, 149, 29.70380992, 94.39156301,  99.9
142, 149, 29.70072903, 94.38570986,  99.9
143, 149, 29.69762706, 94.37976401,  99.9
144, 149, 29.69450335, 94.37372425,  99.9
145, 149, 29.69135725, 94.36758931,   6.7
146, 149, 29.68818808, 94.36135794,   6.5
147, 149, 29.68499517, 94.35502886,   6.8
148, 149, 29.68177784, 94.34860076,   6.8
149, 149, 29.67853541, 94.34207231,   6.9
150, 149, 29.67526720, 94.33544218,   6.9
151, 149, 29.67197249, 94.32870901,   7.1
152, 149, 29.66865060, 94.32187139,   7.4
153, 149, 29.66530081, 94.31492794,   7.3
154, 149, 29.66192241, 94.30787721,   7.4
155, 149, 29.65851469, 94.30071776,   7.6
156, 149, 29.65507690, 94.29344812,   7.8
157, 149, 29.65160833, 94.28606678,   7.8
158, 149, 29.64810823, 94.27857224,   7.8
159, 149, 29.64457585, 94.27096296,   7.8
160, 149, 29.64101044, 94.26323736,   7.8
161, 149, 29.63741123, 94.25539386,   7.9
162, 149, 29.63377746, 94.24743086,   8.1
163, 149, 29.63010835, 94.23934670,   8.3
164, 149, 29.62640311, 94.23113974,   8.4
165, 149, 29.62266095, 94.22280829,   8.5
166, 149, 29.61888106, 94.21435064,   8.6
167, 149, 29.61506264, 94.20576504,   8.6
168, 149, 29.61120487, 94.19704975,   8.6
169, 149, 29.60730691, 94.18820296,   8.5
170, 149, 29.60336793, 94.17922287,   8.5
171, 149, 29.59938709, 94.17010764,   8.3
172, 149, 29.59536352, 94.16085539,   8.2
173, 149, 29.59129637, 94.15146423,   8.1
174, 149, 29.58718475, 94.14193222,   8.0
175, 149, 29.58302778, 94.13225743,   7.9
176, 149, 29.57882456, 94.12243786,   7.8
177, 149, 29.57457419, 94.11247151,   7.7
178, 149, 29.57027575, 94.10235633,   7.6
179, 149, 29.56592831, 94.09209026,   7.5
180, 149, 29.56153093, 94.08167118,   7.4
181, 149, 29.55708266, 94.07109697,   7.3
182, 149, 29.55258253, 94.06036547,   7.3
183, 149, 29.54802958, 94.04947447,   7.2
184, 149, 29.54342282, 94.03842176,   7.1
185, 149, 29.53876124, 94.02720507,   7.0
186, 149, 29.53404384, 94.01582210,   6.9
187, 149, 29.52926958, 94.00427054,   6.9
188, 149, 29.52443745, 93.99254802,   6.8
189, 149, 29.51954637, 93.98065215,   6.7
190, 149, 29.51459530, 93.96858050,   6.6
191, 149, 29.50958314, 93.95633060,   6.5
192, 149, 29.50450881, 93.94389996,   6.4
193, 149, 29.49937121, 93.93128604,   6.3
194, 149, 29.49416921, 93.91848626,   6.2
195, 149, 29.48890167, 93.90549801,   6.1
196, 149, 29.48356744, 93.89231866,   6.0
197, 149, 29.47816536, 93.87894551,   5.9
198, 149, 29.47269425, 93.86537583,   5.9
199, 149, 29.46715290, 93.85160687,   5.8
200, 149, 29.46154011, 93.83763582,   5.8
201, 149, 29.45585463, 93.82345984,   5.7
202, 149, 29.45009523, 93.80907604,   5.7
203, 149, 29.44426063, 93.79448150,   5.7
204, 149, 29.43834955, 93.77967325,   5.7
205, 149, 29.43236070, 93.76464828,   5.6
206, 149, 29.42629274, 93.74940354,   5.6
207, 149, 29.42014436, 93.73393593,   5.5
208, 149, 29.41391418, 93.71824231,   5.5
209, 149, 29.40760083, 93.70231950,   5.4
210, 149, 29.40120291, 93.68616426,   5.3
211, 149, 29.39471902, 93.66977332,   5.2
212, 149, 29.38814772, 93.65314336,   5.1
213, 149, 29.38148754, 93.63627101,   5.0
214, 149, 29.37473701, 93.61915284,   5.0
215, 149, 29.36789463, 93.60178540,   4.9
216, 149, 29.36095889, 93.58416516,   4.8
217, 149, 29.35392823, 93.56628856,   4.8
218, 149, 29.34680110, 93.54815200,   4.7
219, 149, 29.33957590, 93.52975179,   4.6
220, 149, 29.33225102, 93.51108423,   4.5
221, 149, 29.32482483, 93.49214554,   4.4
222, 149, 29.31729567, 93.47293190,   4.3
223, 149, 29.30966185, 93.45343943,   4.2
224, 149, 29.30192166, 93.43366420,   4.1
225, 149, 29.29407337, 93.41360223,   4.1
226, 149, 29.28611521, 93.39324947,   4.0
227, 149, 29.27804540, 93.37260183,   3.9
228, 149, 29.26986212, 93.35165514,   3.8
229, 149, 29.26156354, 93.33040519,   3.7
230, 149, 29.25314777, 93.30884772,   3.6
231, 149, 29.24461292, 93.28697838,   3.5
232, 149, 29.23595707, 93.26479279,   3.3
233, 149, 29.22717826, 93.24228648,   3.2
234, 149, 29.21827449, 93.21945496,   3.1
235, 149, 29.20924375, 93.19629362,   2.9
236, 149, 29.20008400, 93.17279784,   2.8
237, 149, 29.19079315, 93.14896291,   2.7
238, 149, 29.18136908, 93.12478405,   2.5
239, 149, 29.17180966, 93.10025642,   2.4
240, 149, 29.16211271, 93.07537513,   2.3
241, 149, 29.15227601, 93.05013520,   2.3
  1, 150, 30.21556006, 94.62441639,  99.9
  2, 150, 30.20904126, 94.62578597,  99.9
  3, 150, 30.20260753, 94.62711201,  99.9
  4, 150, 30.19625752, 94.62839480,  99.9
  5, 150, 30.18998990, 94.62963461,  99.9
  6, 150, 30.18380339, 94.63083170,  99.9
  7, 150, 30.17769670, 94.63198636,  99.9
  8, 150, 30.17166854, 94.63309881,  99.9
  9, 150, 30.16571768, 94.63416931,  99.9
 10, 150, 30.15984288, 94.63519808,  99.9
 11, 150, 30.15404290, 94.63618535,  99.9
 12, 150, 30.14831656, 94.63713134,  99.9
 13, 150, 30.14266265, 94.63803626,  99.9
 14, 150, 30.13708001, 94.63890029,  99.9
 15, 150, 30.13156746, 94.63972363,  99.9
 16, 150, 30.12612387, 94.64050645,  99.9
 17, 150, 30.12074811, 94.64124894,  99.9
 18, 150, 30.11543905, 94.64195124,  99.9
 19, 150, 30.11019559, 94.64261352,  99.9
 20, 150, 30.10501665, 94.64323592,  99.9
 21, 150, 30.09990114, 94.64381858,  99.9
 22, 150, 30.09484800, 94.64436162,  99.9
 23, 150, 30.08985618, 94.64486517,  99.9
 24, 150, 30.08492464, 94.64532933,  99.9
 25, 150, 30.08005236, 94.64575422,  99.9
 26, 150, 30.07523832, 94.64613992,  99.9
 27, 150, 30.07048152, 94.64648652,  99.9
 28, 150, 30.06578098, 94.64679411,  99.9
 29, 150, 30.06113571, 94.64706274,  99.9
 30, 150, 30.05654475, 94.64729249,  99.9
 31, 150, 30.05200714, 94.64748340,  99.9
 32, 150, 30.04752195, 94.64763552,  99.9
 33, 150, 30.04308823, 94.64774889,  99.9
 34, 150, 30.03870506, 94.64782354,  99.9
 35, 150, 30.03437154, 94.64785949,  99.9
 36, 150, 30.03008675, 94.64785674,  99.9
 37, 150, 30.02584982, 94.64781531,  99.9
 38, 150, 30.02165985, 94.64773519,  99.9
 39, 150, 30.01751598, 94.64761637,  99.9
 40, 150, 30.01341735, 94.64745883,  99.9
 41, 150, 30.00936309, 94.64726254,  99.9
 42, 150, 30.00535237, 94.64702747,  99.9
 43, 150, 30.00138435, 94.64675356,  99.9
 44, 150, 29.99745821, 94.64644077,  99.9
 45, 150, 29.99357313, 94.64608904,  99.9
 46, 150, 29.98972829, 94.64569829,  99.9
 47, 150, 29.98592291, 94.64526845,  99.9
 48, 150, 29.98215619, 94.64479944,  99.9
 49, 150, 29.97842734, 94.64429116,  99.9
 50, 150, 29.97473558, 94.64374350,  99.9
 51, 150, 29.97108016, 94.64315637,  99.9
 52, 150, 29.96746030, 94.64252963,  99.9
 53, 150, 29.96387526, 94.64186317,  99.9
 54, 150, 29.96032428, 94.64115684,  99.9
 55, 150, 29.95680663, 94.64041051,  99.9
 56, 150, 29.95332158, 94.63962402,  99.9
 57, 150, 29.94986839, 94.63879722,  99.9
 58, 150, 29.94644636, 94.63792993,  99.9
 59, 150, 29.94305476, 94.63702197,  99.9
 60, 150, 29.93969290, 94.63607316,  99.9
 61, 150, 29.93636006, 94.63508332,  99.9
 62, 150, 29.93305556, 94.63405222,  99.9
 63, 150, 29.92977870, 94.63297967,  99.9
 64, 150, 29.92652881, 94.63186544,  99.9
 65, 150, 29.92330521, 94.63070930,  99.9
 66, 150, 29.92010722, 94.62951102,  99.9
 67, 150, 29.91693418, 94.62827035,  99.9
 68, 150, 29.91378543, 94.62698704,  99.9
 69, 150, 29.91066031, 94.62566082,  99.9
 70, 150, 29.90755817, 94.62429141,  99.9
 71, 150, 29.90447836, 94.62287854,  99.9
 72, 150, 29.90142024, 94.62142192,  99.9
 73, 150, 29.89838317, 94.61992124,  99.9
 74, 150, 29.89536652, 94.61837620,  99.9
 75, 150, 29.89236966, 94.61678648,  99.9
 76, 150, 29.88939197, 94.61515174,  99.9
 77, 150, 29.88643281, 94.61347166,  99.9
 78, 150, 29.88349159, 94.61174589,  99.9
 79, 150, 29.88056767, 94.60997406,  99.9
 80, 150, 29.87766046, 94.60815582,  99.9
 81, 150, 29.87476933, 94.60629079,  99.9
 82, 150, 29.87189371, 94.60437858,  99.9
 83, 150, 29.86903297, 94.60241880,  99.9
 84, 150, 29.86618652, 94.60041105,  99.9
 85, 150, 29.86335377, 94.59835491,  99.9
 86, 150, 29.86053413, 94.59624996,  99.9
 87, 150, 29.85772701, 94.59409575,  99.9
 88, 150, 29.85493182, 94.59189185,  99.9
 89, 150, 29.85214797, 94.58963781,  99.9
 90, 150, 29.84937489, 94.58733314,  99.9
 91, 150, 29.84661200, 94.58497739,  99.9
 92, 150, 29.84385871, 94.58257006,  99.9
 93, 150, 29.84111446, 94.58011066,  99.9
 94, 150, 29.83837866, 94.57759867,  99.9
 95, 150, 29.83565075, 94.57503358,  99.9
 96, 150, 29.83293015, 94.57241485,  99.9
 97, 150, 29.83021630, 94.56974196,  99.9
 98, 150, 29.82750863, 94.56701434,  99.9
 99, 150, 29.82480657, 94.56423143,  99.9
100, 150, 29.82210955, 94.56139265,  99.9
101, 150, 29.81941702, 94.55849742,  99.9
102, 150, 29.81672840, 94.55554515,  99.9
103, 150, 29.81404313, 94.55253521,  99.9
104, 150, 29.81136065, 94.54946699,  99.9
105, 150, 29.80868040, 94.54633986,  99.9
106, 150, 29.80600182, 94.54315316,  99.9
107, 150, 29.80332434, 94.53990625,  99.9
108, 150, 29.80064740, 94.53659844,  99.9
109, 150, 29.79797045, 94.53322906,  99.9
110, 150, 29.79529291, 94.52979741,  99.9
111, 150, 29.79261423, 94.52630277,  99.9
112, 150, 29.78993385, 94.52274444,  99.9
113, 150, 29.78725120, 94.51912166,  99.9
114, 150, 29.78456571, 94.51543371,  99.9
115, 150, 29.78187683, 94.51167980,  99.9
116, 150, 29.77918399, 94.50785917,  99.9
117, 150, 29.77648662, 94.50397103,  99.9
118, 150, 29.77378416, 94.50001457,  99.9
119, 150, 29.77107603, 94.49598898,  99.9
120, 150, 29.76836167, 94.49189342,  99.9
121, 150, 29.76564051, 94.48772706,  99.9
122, 150, 29.76291197, 94.48348902,  99.9
123, 150, 29.76017548, 94.47917844,  99.9
124, 150, 29.75743046, 94.47479443,  99.9
125, 150, 29.75467633, 94.47033607,  99.9
126, 150, 29.75191251, 94.46580245,  99.9
127, 150, 29.74913842, 94.46119263,  99.9
128, 150, 29.74635348, 94.45650567,  99.9
129, 150, 29.74355710, 94.45174059,  99.9
130, 150, 29.74074868, 94.44689641,  99.9
131, 150, 29.73792763, 94.44197213,  99.9
132, 150, 29.73509336, 94.43696674,  99.9
133, 150, 29.73224527, 94.43187919,  99.9
134, 150, 29.72938275, 94.42670845,  99.9
135, 150, 29.72650520, 94.42145345,  99.9
136, 150, 29.72361202, 94.41611310,  99.9
137, 150, 29.72070258, 94.41068630,  99.9
138, 150, 29.71777628, 94.40517193,  99.9
139, 150, 29.71483249, 94.39956885,  99.9
140, 150, 29.71187059, 94.39387591,  99.9
141, 150, 29.70888995, 94.38809194,  99.9
142, 150, 29.70588994, 94.38221574,  99.9
143, 150, 29.70286992, 94.37624611,  99.9
144, 150, 29.69982925, 94.37018180,  99.9
145, 150, 29.69676729, 94.36402158,  99.9
146, 150, 29.69368339, 94.35776417,  99.9
147, 150, 29.69057688, 94.35140828,   6.9
148, 150, 29.68744711, 94.34495261,   6.9
149, 150, 29.68429341, 94.33839582,   6.9
150, 150, 29.68111512, 94.33173657,   7.0
151, 150, 29.67791155, 94.32497349,   7.1
152, 150, 29.67468203, 94.31810517,   7.0
153, 150, 29.67142585, 94.31113021,   7.2
154, 150, 29.66814234, 94.30404718,   7.3
155, 150, 29.66483078, 94.29685461,   7.5
156, 150, 29.66149048, 94.28955102,   7.7
157, 150, 29.65812072, 94.28213492,   7.8
158, 150, 29.65472077, 94.27460477,   7.8
159, 150, 29.65128991, 94.26695903,   7.8
160, 150, 29.64782741, 94.25919613,   7.8
161, 150, 29.64433253, 94.25131447,   7.8
162, 150, 29.64080452, 94.24331243,   8.0
163, 150, 29.63724261, 94.23518836,   8.1
164, 150, 29.63364606, 94.22694060,   8.3
165, 150, 29.63001408, 94.21856745,   8.4
166, 150, 29.62634590, 94.21006720,   8.5
167, 150, 29.62264072, 94.20143809,   8.6
168, 150, 29.61889777, 94.19267835,   8.6
169, 150, 29.61511621, 94.18378620,   8.6
170, 150, 29.61129526, 94.17475979,   8.5
171, 150, 29.60743407, 94.16559728,   8.4
172, 150, 29.60353183, 94.15629679,   8.3
173, 150, 29.59958768, 94.14685641,   8.2
174, 150, 29.59560079, 94.13727421,   8.1
175, 150, 29.59157028, 94.12754822,   8.0
176, 150, 29.58749529, 94.11767644,   7.9
177, 150, 29.58337494, 94.10765685,   7.8
178, 150, 29.57920833, 94.09748741,   7.7
179, 150, 29.57499457, 94.08716602,   7.6
180, 150, 29.57073275, 94.07669057,   7.5
181, 150, 29.56642193, 94.06605892,   7.4
182, 150, 29.56206119, 94.05526889,   7.4
183, 150, 29.55764958, 94.04431828,   7.3
184, 150, 29.55318614, 94.03320483,   7.2
185, 150, 29.54866990, 94.02192628,   7.1
186, 150, 29.54409988, 94.01048032,   7.1
187, 150, 29.53947509, 93.99886461,   7.0
188, 150, 29.53479451, 93.98707678,   6.9
189, 150, 29.53005714, 93.97511441,   6.8
190, 150, 29.52526193, 93.96297506,   6.7
191, 150, 29.52040784, 93.95065626,   6.7
192, 150, 29.51549381, 93.93815548,   6.6
193, 150, 29.51051877, 93.92547018,   6.5
194, 150, 29.50548163, 93.91259776,   6.4
195, 150, 29.50038129, 93.89953561,   6.3
196, 150, 29.49521662, 93.88628104,   6.2
197, 150, 29.48998650, 93.87283137,   6.1
198, 150, 29.48468978, 93.85918385,   5.9
199, 150, 29.47932529, 93.84533570,   5.9
200, 150, 29.47389187, 93.83128409,   5.8
201, 150, 29.46838830, 93.81702617,   5.8
202, 150, 29.46281339, 93.80255903,   5.8
203, 150, 29.45716590, 93.78787973,   5.7
204, 150, 29.45144459, 93.77298528,   5.7
205, 150, 29.44564820, 93.75787266,   5.7
206, 150, 29.43977544, 93.74253878,   5.7
207, 150, 29.43382502, 93.72698053,   5.6
208, 150, 29.42779562, 93.71119475,   5.5
209, 150, 29.42168590, 93.69517824,   5.4
210, 150, 29.41549452, 93.67892773,   5.4
211, 150, 29.40922009, 93.66243995,   5.3
212, 150, 29.40286123, 93.64571152,   5.2
213, 150, 29.39641651, 93.62873908,   5.1
214, 150, 29.38988452, 93.61151917,   5.0
215, 150, 29.38326379, 93.59404830,   5.0
216, 150, 29.37655284, 93.57632294,   4.9
217, 150, 29.36975018, 93.55833950,   4.8
218, 150, 29.36285430, 93.54009433,   4.8
219, 150, 29.35586364, 93.52158374,   4.7
220, 150, 29.34877664, 93.50280400,   4.6
221, 150, 29.34159172, 93.48375130,   4.5
222, 150, 29.33430726, 93.46442179,   4.4
223, 150, 29.32692163, 93.44481157,   4.3
224, 150, 29.31943317, 93.42491669,   4.2
225, 150, 29.31184020, 93.40473312,   4.2
226, 150, 29.30414100, 93.38425680,   4.1
227, 150, 29.29633383, 93.36348360,   4.0
228, 150, 29.28841695, 93.34240932,   3.9
229, 150, 29.28038855, 93.32102974,   3.8
230, 150, 29.27224682, 93.29934054,   3.7
231, 150, 29.26398992, 93.27733736,   3.6
232, 150, 29.25561598, 93.25501577,   3.5
233, 150, 29.24712309, 93.23237129,   3.3
234, 150, 29.23850933, 93.20939938,   3.2
235, 150, 29.22977273, 93.18609541,   3.1
236, 150, 29.22091131, 93.16245471,   3.0
237, 150, 29.21192304, 93.13847254,   2.8
238, 150, 29.20280587, 93.11414409,   2.7
239, 150, 29.19355772, 93.08946450,   2.6
240, 150, 29.18417648, 93.06442881,   2.5
241, 150, 29.17465998, 93.03903202,   2.5
  1, 151, 30.21430812, 94.61688374,  99.9
  2, 151, 30.20782787, 94.61835238,  99.9
  3, 151, 30.20143243, 94.61977591,  99.9
  4, 151, 30.19512046, 94.62115465,  99.9
  5, 151, 30.18889066, 94.62248888,  99.9
  6, 151, 30.18274172, 94.62377890,  99.9
  7, 151, 30.17667237, 94.62502499,  99.9
  8, 151, 30.17068135, 94.62622741,  99.9
  9, 151, 30.16476741, 94.62738644,  99.9
 10, 151, 30.15892932, 94.62850232,  99.9
 11, 151, 30.15316588, 94.62957529,  99.9
 12, 151, 30.14747587, 94.63060559,  99.9
 13, 151, 30.14185813, 94.63159344,  99.9
 14, 151, 30.13631147, 94.63253905,  99.9
 15, 151, 30.13083476, 94.63344263,  99.9
 16, 151, 30.12542685, 94.63430439,  99.9
 17, 151, 30.12008661, 94.63512450,  99.9
 18, 151, 30.11481293, 94.63590314,  99.9
 19, 151, 30.10960473, 94.63664049,  99.9
 20, 151, 30.10446091, 94.63733670,  99.9
 21, 151, 30.09938041, 94.63799194,  99.9
 22, 151, 30.09436217, 94.63860633,  99.9
 23, 151, 30.08940514, 94.63918003,  99.9
 24, 151, 30.08450831, 94.63971315,  99.9
 25, 151, 30.07967064, 94.64020581,  99.9
 26, 151, 30.07489113, 94.64065812,  99.9
 27, 151, 30.07016878, 94.64107019,  99.9
 28, 151, 30.06550263, 94.64144210,  99.9
 29, 151, 30.06089169, 94.64177393,  99.9
 30, 151, 30.05633500, 94.64206578,  99.9
 31, 151, 30.05183163, 94.64231769,  99.9
 32, 151, 30.04738062, 94.64252972,  99.9
 33, 151, 30.04298106, 94.64270194,  99.9
 34, 151, 30.03863203, 94.64283438,  99.9
 35, 151, 30.03433263, 94.64292706,  99.9
 36, 151, 30.03008196, 94.64298003,  99.9
 37, 151, 30.02587913, 94.64299329,  99.9
 38, 151, 30.02172328, 94.64296684,  99.9
 39, 151, 30.01761353, 94.64290070,  99.9
 40, 151, 30.01354904, 94.64279485,  99.9
 41, 151, 30.00952895, 94.64264927,  99.9
 42, 151, 30.00555244, 94.64246394,  99.9
 43, 151, 30.00161866, 94.64223883,  99.9
 44, 151, 29.99772681, 94.64197388,  99.9
 45, 151, 29.99387608, 94.64166906,  99.9
 46, 151, 29.99006565, 94.64132430,  99.9
 47, 151, 29.98629475, 94.64093953,  99.9
 48, 151, 29.98256258, 94.64051468,  99.9
 49, 151, 29.97886837, 94.64004966,  99.9
 50, 151, 29.97521134, 94.63954438,  99.9
 51, 151, 29.97159074, 94.63899875,  99.9
 52, 151, 29.96800582, 94.63841264,  99.9
 53, 151, 29.96445582, 94.63778594,  99.9
 54, 151, 29.96094001, 94.63711853,  99.9
 55, 151, 29.95745765, 94.63641027,  99.9
 56, 151, 29.95400803, 94.63566101,  99.9
 57, 151, 29.95059041, 94.63487060,  99.9
 58, 151, 29.94720410, 94.63403889,  99.9
 59, 151, 29.94384838, 94.63316570,  99.9
 60, 151, 29.94052255, 94.63225085,  99.9
 61, 151, 29.93722593, 94.63129417,  99.9
 62, 151, 29.93395782, 94.63029544,  99.9
 63, 151, 29.93071754, 94.62925446,  99.9
 64, 151, 29.92750443, 94.62817104,  99.9
 65, 151, 29.92431780, 94.62704493,  99.9
 66, 151, 29.92115700, 94.62587591,  99.9
 67, 151, 29.91802136, 94.62466374,  99.9
 68, 151, 29.91491024, 94.62340817,  99.9
 69, 151, 29.91182298, 94.62210895,  99.9
 70, 151, 29.90875895, 94.62076580,  99.9
 71, 151, 29.90571749, 94.61937844,  99.9
 72, 151, 29.90269798, 94.61794660,  99.9
 73, 151, 29.89969979, 94.61646998,  99.9
 74, 151, 29.89672229, 94.61494828,  99.9
 75, 151, 29.89376486, 94.61338117,  99.9
 76, 151, 29.89082689, 94.61176834,  99.9
 77, 151, 29.88790775, 94.61010946,  99.9
 78, 151, 29.88500685, 94.60840417,  99.9
 79, 151, 29.88212357, 94.60665214,  99.9
 80, 151, 29.87925732, 94.60485300,  99.9
 81, 151, 29.87640750, 94.60300638,  99.9
 82, 151, 29.87357350, 94.60111189,  99.9
 83, 151, 29.87075475, 94.59916915,  99.9
 84, 151, 29.86795065, 94.59717776,  99.9
 85, 151, 29.86516061, 94.59513730,  99.9
 86, 151, 29.86238405, 94.59304735,  99.9
 87, 151, 29.85962039, 94.59090748,  99.9
 88, 151, 29.85686906, 94.58871725,  99.9
 89, 151, 29.85412948, 94.58647621,  99.9
 90, 151, 29.85140108, 94.58418389,  99.9
 91, 151, 29.84868328, 94.58183982,  99.9
 92, 151, 29.84597552, 94.57944352,  99.9
 93, 151, 29.84327723, 94.57699448,  99.9
 94, 151, 29.84058785, 94.57449221,  99.9
 95, 151, 29.83790681, 94.57193619,  99.9
 96, 151, 29.83523356, 94.56932588,  99.9
 97, 151, 29.83256753, 94.56666076,  99.9
 98, 151, 29.82990817, 94.56394026,  99.9
 99, 151, 29.82725492, 94.56116383,  99.9
100, 151, 29.82460722, 94.55833090,  99.9
101, 151, 29.82196452, 94.55544087,  99.9
102, 151, 29.81932626, 94.55249315,  99.9
103, 151, 29.81669190, 94.54948713,  99.9
104, 151, 29.81406087, 94.54642219,  99.9
105, 151, 29.81143264, 94.54329769,  99.9
106, 151, 29.80880664, 94.54011300,  99.9
107, 151, 29.80618233, 94.53686744,  99.9
108, 151, 29.80355916, 94.53356036,  99.9
109, 151, 29.80093657, 94.53019107,  99.9
110, 151, 29.79831402, 94.52675886,  99.9
111, 151, 29.79569095, 94.52326304,  99.9
112, 151, 29.79306681, 94.51970288,  99.9
113, 151, 29.79044106, 94.51607764,  99.9
114, 151, 29.78781314, 94.51238658,  99.9
115, 151, 29.78518249, 94.50862893,  99.9
116, 151, 29.78254857, 94.50480391,  99.9
117, 151, 29.77991082, 94.50091074,  99.9
118, 151, 29.77726869, 94.49694861,  99.9
119, 151, 29.77462162, 94.49291670,  99.9
120, 151, 29.77196905, 94.48881419,  99.9
121, 151, 29.76931042, 94.48464021,  99.9
122, 151, 29.76664518, 94.48039392,  99.9
123, 151, 29.76397277, 94.47607442,  99.9
124, 151, 29.76129261, 94.47168084,  99.9
125, 151, 29.75860414, 94.46721226,  99.9
126, 151, 29.75590681, 94.46266777,  99.9
127, 151, 29.75320003, 94.45804641,  99.9
128, 151, 29.75048324, 94.45334725,  99.9
129, 151, 29.74775586, 94.44856930,  99.9
130, 151, 29.74501731, 94.44371158,  99.9
131, 151, 29.74226703, 94.43877309,  99.9
132, 151, 29.73950442, 94.43375282,  99.9
133, 151, 29.73672891, 94.42864971,  99.9
134, 151, 29.73393990, 94.42346273,  99.9
135, 151, 29.73113681, 94.41819080,  99.9
136, 151, 29.72831904, 94.41283283,  99.9
137, 151, 29.72548599, 94.40738771,  99.9
138, 151, 29.72263707, 94.40185434,  99.9
139, 151, 29.71977167, 94.39623155,  99.9
140, 151, 29.71688918, 94.39051820,  99.9
141, 151, 29.71398899, 94.38471310,  99.9
142, 151, 29.71107049, 94.37881506,  99.9
143, 151, 29.70813306, 94.37282286,  99.9
144, 151, 29.70517607, 94.36673527,  99.9
145, 151, 29.70219889, 94.36055103,  99.9
146, 151, 29.69920089, 94.35426887,  99.9
147, 151, 29.69618144, 94.34788749,   7.1
148, 151, 29.69313988, 94.34140558,   7.3
149, 151, 29.69007558, 94.33482180,   7.1
150, 151, 29.68698787, 94.32813480,   7.1
151, 151, 29.68387611, 94.32134319,   7.1
152, 151, 29.68073963, 94.31444559,   7.0
153, 151, 29.67757775, 94.30744056,   6.9
154, 151, 29.67438981, 94.30032668,   6.9
155, 151, 29.67117512, 94.29310246,   7.3
156, 151, 29.66793299, 94.28576644,   7.6
157, 151, 29.66466274, 94.27831709,   7.7
158, 151, 29.66136366, 94.27075288,   7.8
159, 151, 29.65803504, 94.26307226,   7.8
160, 151, 29.65467618, 94.25527365,   7.8
161, 151, 29.65128635, 94.24735545,   7.8
162, 151, 29.64786483, 94.23931601,   7.8
163, 151, 29.64441089, 94.23115371,   8.0
164, 151, 29.64092377, 94.22286684,   8.1
165, 151, 29.63740273, 94.21445372,   8.3
166, 151, 29.63384702, 94.20591261,   8.4
167, 151, 29.63025588, 94.19724176,   8.5
168, 151, 29.62662851, 94.18843938,   8.6
169, 151, 29.62296416, 94.17950367,   8.6
170, 151, 29.61926203, 94.17043280,   8.6
171, 151, 29.61552131, 94.16122490,   8.5
172, 151, 29.61174120, 94.15187808,   8.4
173, 151, 29.60792090, 94.14239042,   8.3
174, 151, 29.60405956, 94.13275998,   8.2
175, 151, 29.60015636, 94.12298478,   8.1
176, 151, 29.59621045, 94.11306281,   8.0
177, 151, 29.59222099, 94.10299205,   7.9
178, 151, 29.58818709, 94.09277042,   7.8
179, 151, 29.58410790, 94.08239584,   7.7
180, 151, 29.57998252, 94.07186616,   7.6
181, 151, 29.57581006, 94.06117925,   7.5
182, 151, 29.57158962, 94.05033290,   7.5
183, 151, 29.56732027, 94.03932490,   7.4
184, 151, 29.56300109, 94.02815299,   7.3
185, 151, 29.55863114, 94.01681489,   7.2
186, 151, 29.55420947, 94.00530828,   7.2
187, 151, 29.54973510, 93.99363080,   7.1
188, 151, 29.54520708, 93.98178006,   7.0
189, 151, 29.54062440, 93.96975364,   7.0
190, 151, 29.53598607, 93.95754908,   6.9
191, 151, 29.53129107, 93.94516388,   6.8
192, 151, 29.52653837, 93.93259552,   6.7
193, 151, 29.52172694, 93.91984143,   6.6
194, 151, 29.51685572, 93.90689900,   6.5
195, 151, 29.51192364, 93.89376560,   6.4
196, 151, 29.50692961, 93.88043853,   6.3
197, 151, 29.50187255, 93.86691508,   6.2
198, 151, 29.49675134, 93.85319249,   6.1
199, 151, 29.49156485, 93.83926797,   6.0
200, 151, 29.48631193, 93.82513867,   5.9
201, 151, 29.48099144, 93.81080171,   5.9
202, 151, 29.47560220, 93.79625418,   5.8
203, 151, 29.47014301, 93.78149311,   5.8
204, 151, 29.46461267, 93.76651549,   5.8
205, 151, 29.45900995, 93.75131828,   5.7
206, 151, 29.45333363, 93.73589837,   5.7
207, 151, 29.44758242, 93.72025265,   5.7
208, 151, 29.44175507, 93.70437792,   5.6
209, 151, 29.43585028, 93.68827096,   5.5
210, 151, 29.42986673, 93.67192849,   5.4
211, 151, 29.42380309, 93.65534719,   5.4
212, 151, 29.41765801, 93.63852371,   5.3
213, 151, 29.41143013, 93.62145461,   5.2
214, 151, 29.40511804, 93.60413644,   5.1
215, 151, 29.39872035, 93.58656569,   5.0
216, 151, 29.39223562, 93.56873880,   5.0
217, 151, 29.38566240, 93.55065214,   4.9
218, 151, 29.37899921, 93.53230206,   4.8
219, 151, 29.37224457, 93.51368484,   4.8
220, 151, 29.36539695, 93.49479671,   4.7
221, 151, 29.35845481, 93.47563385,   4.6
222, 151, 29.35141660, 93.45619238,   4.5
223, 151, 29.34428073, 93.43646838,   4.4
224, 151, 29.33704558, 93.41645785,   4.3
225, 151, 29.32970953, 93.39615676,   4.3
226, 151, 29.32227091, 93.37556100,   4.2
227, 151, 29.31472805, 93.35466642,   4.1
228, 151, 29.30707923, 93.33346881,   4.0
229, 151, 29.29932272, 93.31196389,   3.9
230, 151, 29.29145675, 93.29014733,   3.8
231, 151, 29.28347955, 93.26801473,   3.7
232, 151, 29.27538928, 93.24556164,   3.6
233, 151, 29.26718412, 93.22278353,   3.5
234, 151, 29.25886219, 93.19967584,   3.4
235, 151, 29.25042158, 93.17623391,   3.3
236, 151, 29.24186036, 93.15245303,   3.1
237, 151, 29.23317658, 93.12832844,   3.0
238, 151, 29.22436825, 93.10385528,   2.9
239, 151, 29.21543333, 93.07902865,   2.8
240, 151, 29.20636978, 93.05384358,   2.7
241, 151, 29.19717551, 93.02829501,   2.7
  1, 152, 30.21296957, 94.60939652,  99.9
  2, 152, 30.20652924, 94.61096390,  99.9
  3, 152, 30.20017343, 94.61248461,  99.9
  4, 152, 30.19390084, 94.61395899,  99.9
  5, 152, 30.18771014, 94.61538736,  99.9
  6, 152, 30.18160006, 94.61677002,  99.9
  7, 152, 30.17556933, 94.61810728,  99.9
  8, 152, 30.16961670, 94.61939942,  99.9
  9, 152, 30.16374092, 94.62064672,  99.9
 10, 152, 30.15794078, 94.62184946,  99.9
 11, 152, 30.15221506, 94.62300790,  99.9
 12, 152, 30.14656259, 94.62412228,  99.9
 13, 152, 30.14098219, 94.62519285,  99.9
 14, 152, 30.13547269, 94.62621984,  99.9
 15, 152, 30.13003295, 94.62720347,  99.9
 16, 152, 30.12466184, 94.62814396,  99.9
 17, 152, 30.11935825, 94.62904152,  99.9
 18, 152, 30.11412107, 94.62989633,  99.9
 19, 152, 30.10894920, 94.63070859,  99.9
 20, 152, 30.10384159, 94.63147847,  99.9
 21, 152, 30.09879716, 94.63220613,  99.9
 22, 152, 30.09381487, 94.63289175,  99.9
 23, 152, 30.08889368, 94.63353546,  99.9
 24, 152, 30.08403256, 94.63413742,  99.9
 25, 152, 30.07923051, 94.63469775,  99.9
 26, 152, 30.07448653, 94.63521657,  99.9
 27, 152, 30.06979964, 94.63569400,  99.9
 28, 152, 30.06516884, 94.63613016,  99.9
 29, 152, 30.06059320, 94.63652512,  99.9
 30, 152, 30.05607174, 94.63687899,  99.9
 31, 152, 30.05160354, 94.63719184,  99.9
 32, 152, 30.04718765, 94.63746375,  99.9
 33, 152, 30.04282317, 94.63769477,  99.9
 34, 152, 30.03850919, 94.63788496,  99.9
 35, 152, 30.03424481, 94.63803436,  99.9
 36, 152, 30.03002913, 94.63814302,  99.9
 37, 152, 30.02586130, 94.63821096,  99.9
 38, 152, 30.02174042, 94.63823819,  99.9
 39, 152, 30.01766566, 94.63822474,  99.9
 40, 152, 30.01363616, 94.63817059,  99.9
 41, 152, 30.00965109, 94.63807575,  99.9
 42, 152, 30.00570961, 94.63794020,  99.9
 43, 152, 30.00181090, 94.63776392,  99.9
 44, 152, 29.99795415, 94.63754687,  99.9
 45, 152, 29.99413857, 94.63728902,  99.9
 46, 152, 29.99036335, 94.63699031,  99.9
 47, 152, 29.98662771, 94.63665068,  99.9
 48, 152, 29.98293088, 94.63627008,  99.9
 49, 152, 29.97927207, 94.63584842,  99.9
 50, 152, 29.97565054, 94.63538562,  99.9
 51, 152, 29.97206553, 94.63488159,  99.9
 52, 152, 29.96851628, 94.63433623,  99.9
 53, 152, 29.96500207, 94.63374943,  99.9
 54, 152, 29.96152216, 94.63312107,  99.9
 55, 152, 29.95807582, 94.63245101,  99.9
 56, 152, 29.95466234, 94.63173914,  99.9
 57, 152, 29.95128101, 94.63098530,  99.9
 58, 152, 29.94793112, 94.63018933,  99.9
 59, 152, 29.94461198, 94.62935109,  99.9
 60, 152, 29.94132289, 94.62847039,  99.9
 61, 152, 29.93806316, 94.62754705,  99.9
 62, 152, 29.93483213, 94.62658089,  99.9
 63, 152, 29.93162911, 94.62557172,  99.9
 64, 152, 29.92845344, 94.62451931,  99.9
 65, 152, 29.92530445, 94.62342346,  99.9
 66, 152, 29.92218150, 94.62228394,  99.9
 67, 152, 29.91908392, 94.62110052,  99.9
 68, 152, 29.91601108, 94.61987296,  99.9
 69, 152, 29.91296232, 94.61860100,  99.9
 70, 152, 29.90993703, 94.61728438,  99.9
 71, 152, 29.90693456, 94.61592283,  99.9
 72, 152, 29.90395430, 94.61451607,  99.9
 73, 152, 29.90099561, 94.61306381,  99.9
 74, 152, 29.89805788, 94.61156575,  99.9
 75, 152, 29.89514050, 94.61002158,  99.9
 76, 152, 29.89224286, 94.60843099,  99.9
 77, 152, 29.88936435, 94.60679365,  99.9
 78, 152, 29.88650438, 94.60510921,  99.9
 79, 152, 29.88366235, 94.60337734,  99.9
 80, 152, 29.88083766, 94.60159767,  99.9
 81, 152, 29.87802972, 94.59976983,  99.9
 82, 152, 29.87523795, 94.59789346,  99.9
 83, 152, 29.87246177, 94.59596816,  99.9
 84, 152, 29.86970060, 94.59399353,  99.9
 85, 152, 29.86695385, 94.59196917,  99.9
 86, 152, 29.86422095, 94.58989466,  99.9
 87, 152, 29.86150134, 94.58776957,  99.9
 88, 152, 29.85879445, 94.58559346,  99.9
 89, 152, 29.85609970, 94.58336589,  99.9
 90, 152, 29.85341654, 94.58108638,  99.9
 91, 152, 29.85074441, 94.57875448,  99.9
 92, 152, 29.84808274, 94.57636970,  99.9
 93, 152, 29.84543098, 94.57393154,  99.9
 94, 152, 29.84278857, 94.57143951,  99.9
 95, 152, 29.84015497, 94.56889308,  99.9
 96, 152, 29.83752962, 94.56629173,  99.9
 97, 152, 29.83491197, 94.56363493,  99.9
 98, 152, 29.83230147, 94.56092212,  99.9
 99, 152, 29.82969758, 94.55815275,  99.9
100, 152, 29.82709975, 94.55532624,  99.9
101, 152, 29.82450743, 94.55244200,  99.9
102, 152, 29.82192009, 94.54949945,  99.9
103, 152, 29.81933718, 94.54649796,  99.9
104, 152, 29.81675816, 94.54343693,  99.9
105, 152, 29.81418249, 94.54031572,  99.9
106, 152, 29.81160963, 94.53713369,  99.9
107, 152, 29.80903904, 94.53389017,  99.9
108, 152, 29.80647017, 94.53058449,  99.9
109, 152, 29.80390250, 94.52721598,  99.9
110, 152, 29.80133547, 94.52378394,  99.9
111, 152, 29.79876856, 94.52028765,  99.9
112, 152, 29.79620122, 94.51672640,  99.9
113, 152, 29.79363292, 94.51309944,  99.9
114, 152, 29.79106311, 94.50940604,  99.9
115, 152, 29.78849125, 94.50564542,  99.9
116, 152, 29.78591680, 94.50181681,  99.9
117, 152, 29.78333922, 94.49791941,  99.9
118, 152, 29.78075797, 94.49395243,  99.9
119, 152, 29.77817250, 94.48991504,  99.9
120, 152, 29.77558228, 94.48580641,  99.9
121, 152, 29.77298675, 94.48162568,  99.9
122, 152, 29.77038536, 94.47737200,  99.9
123, 152, 29.76777758, 94.47304449,  99.9
124, 152, 29.76516284, 94.46864225,  99.9
125, 152, 29.76254060, 94.46416438,  99.9
126, 152, 29.75991031, 94.45960994,  99.9
127, 152, 29.75727140, 94.45497800,  99.9
128, 152, 29.75462333, 94.45026760,  99.9
129, 152, 29.75196553, 94.44547777,  99.9
130, 152, 29.74929743, 94.44060752,  99.9
131, 152, 29.74661849, 94.43565585,  99.9
132, 152, 29.74392812, 94.43062172,  99.9
133, 152, 29.74122577, 94.42550411,  99.9
134, 152, 29.73851085, 94.42030195,  99.9
135, 152, 29.73578279, 94.41501418,  99.9
136, 152, 29.73304103, 94.40963970,  99.9
137, 152, 29.73028496, 94.40417740,  99.9
138, 152, 29.72751402, 94.39862615,  99.9
139, 152, 29.72472760, 94.39298481,  99.9
140, 152, 29.72192513, 94.38725222,  99.9
141, 152, 29.71910600, 94.38142720,  99.9
142, 152, 29.71626962, 94.37550853,  99.9
143, 152, 29.71341539, 94.36949501,  99.9
144, 152, 29.71054269, 94.36338538,  99.9
145, 152, 29.70765092, 94.35717840,  99.9
146, 152, 29.70473945, 94.35087278,   7.3
147, 152, 29.70180768, 94.34446722,   7.3
148, 152, 29.69885498, 94.33796041,   7.3
149, 152, 29.69588071, 94.33135099,   7.2
150, 152, 29.69288424, 94.32463761,   7.2
151, 152, 29.68986493, 94.31781889,   7.1
152, 152, 29.68682215, 94.31089342,   7.0
153, 152, 29.68375523, 94.30385977,   6.9
154, 152, 29.68066353, 94.29671650,   6.8
155, 152, 29.67754637, 94.28946213,   7.2
156, 152, 29.67440310, 94.28209518,   7.5
157, 152, 29.67123305, 94.27461411,   7.6
158, 152, 29.66803552, 94.26701740,   7.7
159, 152, 29.66480985, 94.25930348,   7.8
160, 152, 29.66155533, 94.25147077,   7.8
161, 152, 29.65827126, 94.24351765,   7.8
162, 152, 29.65495696, 94.23544248,   7.7
163, 152, 29.65161169, 94.22724360,   7.8
164, 152, 29.64823474, 94.21891934,   7.9
165, 152, 29.64482538, 94.21046797,   8.1
166, 152, 29.64138289, 94.20188776,   8.3
167, 152, 29.63790652, 94.19317694,   8.4
168, 152, 29.63439552, 94.18433373,   8.6
169, 152, 29.63084913, 94.17535631,   8.6
170, 152, 29.62726660, 94.16624284,   8.6
171, 152, 29.62364713, 94.15699143,   8.6
172, 152, 29.61998996, 94.14760020,   8.5
173, 152, 29.61629429, 94.13806721,   8.4
174, 152, 29.61255933, 94.12839051,   8.3
175, 152, 29.60878425, 94.11856810,   8.2
176, 152, 29.60496826, 94.10859798,   8.1
177, 152, 29.60111051, 94.09847811,   8.0
178, 152, 29.59721017, 94.08820639,   7.9
179, 152, 29.59326640, 94.07778073,   7.8
180, 152, 29.58927834, 94.06719899,   7.7
181, 152, 29.58524512, 94.05645900,   7.6
182, 152, 29.58116586, 94.04555856,   7.5
183, 152, 29.57703967, 94.03449543,   7.5
184, 152, 29.57286566, 94.02326735,   7.4
185, 152, 29.56864291, 94.01187202,   7.4
186, 152, 29.56437051, 94.00030710,   7.3
187, 152, 29.56004752, 93.98857023,   7.2
188, 152, 29.55567299, 93.97665901,   7.2
189, 152, 29.55124598, 93.96457100,   7.1
190, 152, 29.54676549, 93.95230372,   7.0
191, 152, 29.54223057, 93.93985466,   7.0
192, 152, 29.53764021, 93.92722129,   6.9
193, 152, 29.53299340, 93.91440101,   6.8
194, 152, 29.52828912, 93.90139122,   6.7
195, 152, 29.52352634, 93.88818924,   6.6
196, 152, 29.51870402, 93.87479239,   6.5
197, 152, 29.51382108, 93.86119792,   6.4
198, 152, 29.50887645, 93.84740307,   6.3
199, 152, 29.50386904, 93.83340501,   6.1
200, 152, 29.49879775, 93.81920090,   6.0
201, 152, 29.49366145, 93.80478783,   5.9
202, 152, 29.48845901, 93.79016286,   5.9
203, 152, 29.48318927, 93.77532302,   5.8
204, 152, 29.47785107, 93.76026528,   5.8
205, 152, 29.47244322, 93.74498658,   5.8
206, 152, 29.46696452, 93.72948379,   5.7
207, 152, 29.46141375, 93.71375377,   5.7
208, 152, 29.45578968, 93.69779331,   5.6
209, 152, 29.45009105, 93.68159917,   5.6
210, 152, 29.44431660, 93.66516806,   5.5
211, 152, 29.43846503, 93.64849662,   5.4
212, 152, 29.43253503, 93.63158148,   5.4
213, 152, 29.42652529, 93.61441920,   5.3
214, 152, 29.42043445, 93.59700630,   5.2
215, 152, 29.41426115, 93.57933922,   5.1
216, 152, 29.40800401, 93.56141441,   5.0
217, 152, 29.40166161, 93.54322820,   5.0
218, 152, 29.39523253, 93.52477693,   4.9
219, 152, 29.38871533, 93.50605684,   4.8
220, 152, 29.38210854, 93.48706415,   4.8
221, 152, 29.37541066, 93.46779500,   4.7
222, 152, 29.36862018, 93.44824550,   4.6
223, 152, 29.36173557, 93.42841170,   4.5
224, 152, 29.35475527, 93.40828957,   4.5
225, 152, 29.34767770, 93.38787505,   4.4
226, 152, 29.34050124, 93.36716401,   4.3
227, 152, 29.33322427, 93.34615228,   4.2
228, 152, 29.32584514, 93.32483560,   4.1
229, 152, 29.31836216, 93.30320968,   4.0
230, 152, 29.31077363, 93.28127015,   3.9
231, 152, 29.30307781, 93.25901258,   3.8
232, 152, 29.29527294, 93.23643250,   3.7
233, 152, 29.28735725, 93.21352535,   3.6
234, 152, 29.27932891, 93.19028653,   3.5
235, 152, 29.27118608, 93.16671135,   3.4
236, 152, 29.26292689, 93.14279507,   3.3
237, 152, 29.25454944, 93.11853289,   3.2
238, 152, 29.24605181, 93.09391993,   3.1
239, 152, 29.23743202, 93.06895124,   3.0
240, 152, 29.22868810, 93.04362183,   2.9
241, 152, 29.21981801, 93.01792660,   2.9
  1, 153, 30.21154472, 94.60195630,  99.9
  2, 153, 30.20514564, 94.60362207,  99.9
  3, 153, 30.19883081, 94.60523964,  99.9
  4, 153, 30.19259889, 94.60680935,  99.9
  5, 153, 30.18644861, 94.60833154,  99.9
  6, 153, 30.18037867, 94.60980655,  99.9
  7, 153, 30.17438782, 94.61123468,  99.9
  8, 153, 30.16847482, 94.61261626,  99.9
  9, 153, 30.16263844, 94.61395157,  99.9
 10, 153, 30.15687745, 94.61524091,  99.9
 11, 153, 30.15119067, 94.61648456,  99.9
 12, 153, 30.14557692, 94.61768278,  99.9
 13, 153, 30.14003502, 94.61883584,  99.9
 14, 153, 30.13456383, 94.61994398,  99.9
 15, 153, 30.12916221, 94.62100745,  99.9
 16, 153, 30.12382903, 94.62202648,  99.9
 17, 153, 30.11856319, 94.62300128,  99.9
 18, 153, 30.11336359, 94.62393208,  99.9
 19, 153, 30.10822916, 94.62481906,  99.9
 20, 153, 30.10315882, 94.62566244,  99.9
 21, 153, 30.09815152, 94.62646238,  99.9
 22, 153, 30.09320622, 94.62721906,  99.9
 23, 153, 30.08832189, 94.62793266,  99.9
 24, 153, 30.08349751, 94.62860331,  99.9
 25, 153, 30.07873209, 94.62923118,  99.9
 26, 153, 30.07402464, 94.62981640,  99.9
 27, 153, 30.06937416, 94.63035910,  99.9
 28, 153, 30.06477970, 94.63085940,  99.9
 29, 153, 30.06024030, 94.63131741,  99.9
 30, 153, 30.05575502, 94.63173322,  99.9
 31, 153, 30.05132292, 94.63210694,  99.9
 32, 153, 30.04694308, 94.63243865,  99.9
 33, 153, 30.04261460, 94.63272842,  99.9
 34, 153, 30.03833656, 94.63297632,  99.9
 35, 153, 30.03410809, 94.63318241,  99.9
 36, 153, 30.02992830, 94.63334673,  99.9
 37, 153, 30.02579632, 94.63346933,  99.9
 38, 153, 30.02171129, 94.63355023,  99.9
 39, 153, 30.01767237, 94.63358946,  99.9
 40, 153, 30.01367870, 94.63358703,  99.9
 41, 153, 30.00972947, 94.63354294,  99.9
 42, 153, 30.00582385, 94.63345720,  99.9
 43, 153, 30.00196102, 94.63332978,  99.9
 44, 153, 29.99814019, 94.63316067,  99.9
 45, 153, 29.99436055, 94.63294983,  99.9
 46, 153, 29.99062132, 94.63269723,  99.9
 47, 153, 29.98692173, 94.63240282,  99.9
 48, 153, 29.98326100, 94.63206654,  99.9
 49, 153, 29.97963837, 94.63168832,  99.9
 50, 153, 29.97605309, 94.63126809,  99.9
 51, 153, 29.97250441, 94.63080577,  99.9
 52, 153, 29.96899158, 94.63030127,  99.9
 53, 153, 29.96551389, 94.62975448,  99.9
 54, 153, 29.96207061, 94.62916529,  99.9
 55, 153, 29.95866101, 94.62853358,  99.9
 56, 153, 29.95528439, 94.62785924,  99.9
 57, 153, 29.95194005, 94.62714211,  99.9
 58, 153, 29.94862728, 94.62638206,  99.9
 59, 153, 29.94534541, 94.62557893,  99.9
 60, 153, 29.94209374, 94.62473255,  99.9
 61, 153, 29.93887160, 94.62384276,  99.9
 62, 153, 29.93567831, 94.62290937,  99.9
 63, 153, 29.93251321, 94.62193219,  99.9
 64, 153, 29.92937565, 94.62091103,  99.9
 65, 153, 29.92626496, 94.61984566,  99.9
 66, 153, 29.92318051, 94.61873588,  99.9
 67, 153, 29.92012163, 94.61758145,  99.9
 68, 153, 29.91708771, 94.61638214,  99.9
 69, 153, 29.91407810, 94.61513771,  99.9
 70, 153, 29.91109219, 94.61384789,  99.9
 71, 153, 29.90812933, 94.61251242,  99.9
 72, 153, 29.90518893, 94.61113103,  99.9
 73, 153, 29.90227036, 94.60970343,  99.9
 74, 153, 29.89937301, 94.60822933,  99.9
 75, 153, 29.89649629, 94.60670842,  99.9
 76, 153, 29.89363959, 94.60514040,  99.9
 77, 153, 29.89080231, 94.60352493,  99.9
 78, 153, 29.88798387, 94.60186168,  99.9
 79, 153, 29.88518367, 94.60015032,  99.9
 80, 153, 29.88240113, 94.59839049,  99.9
 81, 153, 29.87963567, 94.59658182,  99.9
 82, 153, 29.87688671, 94.59472395,  99.9
 83, 153, 29.87415368, 94.59281648,  99.9
 84, 153, 29.87143601, 94.59085903,  99.9
 85, 153, 29.86873312, 94.58885119,  99.9
 86, 153, 29.86604446, 94.58679255,  99.9
 87, 153, 29.86336947, 94.58468268,  99.9
 88, 153, 29.86070757, 94.58252114,  99.9
 89, 153, 29.85805822, 94.58030749,  99.9
 90, 153, 29.85542087, 94.57804127,  99.9
 91, 153, 29.85279495, 94.57572202,  99.9
 92, 153, 29.85017993, 94.57334925,  99.9
 93, 153, 29.84757525, 94.57092248,  99.9
 94, 153, 29.84498038, 94.56844119,  99.9
 95, 153, 29.84239476, 94.56590489,  99.9
 96, 153, 29.83981786, 94.56331304,  99.9
 97, 153, 29.83724913, 94.56066511,  99.9
 98, 153, 29.83468804, 94.55796055,  99.9
 99, 153, 29.83213405, 94.55519880,  99.9
100, 153, 29.82958663, 94.55237930,  99.9
101, 153, 29.82704525, 94.54950145,  99.9
102, 153, 29.82450936, 94.54656467,  99.9
103, 153, 29.82197844, 94.54356835,  99.9
104, 153, 29.81945197, 94.54051186,  99.9
105, 153, 29.81692940, 94.53739458,  99.9
106, 153, 29.81441020, 94.53421586,  99.9
107, 153, 29.81189386, 94.53097504,  99.9
108, 153, 29.80937984, 94.52767146,  99.9
109, 153, 29.80686762, 94.52430443,  99.9
110, 153, 29.80435666, 94.52087325,  99.9
111, 153, 29.80184644, 94.51737722,  99.9
112, 153, 29.79933644, 94.51381562,  99.9
113, 153, 29.79682611, 94.51018769,  99.9
114, 153, 29.79431495, 94.50649271,  99.9
115, 153, 29.79180241, 94.50272990,  99.9
116, 153, 29.78928797, 94.49889848,  99.9
117, 153, 29.78677110, 94.49499767,  99.9
118, 153, 29.78425127, 94.49102665,  99.9
119, 153, 29.78172795, 94.48698461,  99.9
120, 153, 29.77920061, 94.48287071,  99.9
121, 153, 29.77666872, 94.47868411,  99.9
122, 153, 29.77413173, 94.47442392,  99.9
123, 153, 29.77158913, 94.47008929,  99.9
124, 153, 29.76904036, 94.46567930,  99.9
125, 153, 29.76648489, 94.46119305,  99.9
126, 153, 29.76392219, 94.45662961,  99.9
127, 153, 29.76135171, 94.45198804,  99.9
128, 153, 29.75877290, 94.44726739,  99.9
129, 153, 29.75618523, 94.44246667,  99.9
130, 153, 29.75358815, 94.43758489,  99.9
131, 153, 29.75098110, 94.43262104,  99.9
132, 153, 29.74836354, 94.42757411,  99.9
133, 153, 29.74573491, 94.42244305,  99.9
134, 153, 29.74309465, 94.41722679,  99.9
135, 153, 29.74044220, 94.41192427,  99.9
136, 153, 29.73777701, 94.40653438,  99.9
137, 153, 29.73509850, 94.40105602,  99.9
138, 153, 29.73240611, 94.39548805,  99.9
139, 153, 29.72969927, 94.38982933,  99.9
140, 153, 29.72697740, 94.38407868,  99.9
141, 153, 29.72423992, 94.37823493,  99.9
142, 153, 29.72148626, 94.37229686,  99.9
143, 153, 29.71871582, 94.36626325,  99.9
144, 153, 29.71592801, 94.36013285,  99.9
145, 153, 29.71312225, 94.35390441,  99.9
146, 153, 29.71029793, 94.34757663,  99.9
147, 153, 29.70745446, 94.34114822,   7.4
148, 153, 29.70459122, 94.33461783,   7.3
149, 153, 29.70170760, 94.32798414,   7.3
150, 153, 29.69880300, 94.32124577,   7.2
151, 153, 29.69587678, 94.31440134,   7.1
152, 153, 29.69292833, 94.30744943,   7.0
153, 153, 29.68995702, 94.30038860,   6.9
154, 153, 29.68696220, 94.29321742,   6.8
155, 153, 29.68394323, 94.28593439,   7.0
156, 153, 29.68089948, 94.27853802,   7.4
157, 153, 29.67783028, 94.27102678,   7.5
158, 153, 29.67473499, 94.26339913,   7.6
159, 153, 29.67161293, 94.25565350,   7.7
160, 153, 29.66846343, 94.24778829,   7.8
161, 153, 29.66528582, 94.23980188,   7.7
162, 153, 29.66207942, 94.23169264,   7.7
163, 153, 29.65884353, 94.22345889,   7.7
164, 153, 29.65557746, 94.21509893,   7.8
165, 153, 29.65228050, 94.20661105,   7.9
166, 153, 29.64895195, 94.19799351,   8.1
167, 153, 29.64559108, 94.18924452,   8.3
168, 153, 29.64219718, 94.18036230,   8.5
169, 153, 29.63876950, 94.17134500,   8.6
170, 153, 29.63530731, 94.16219080,   8.6
171, 153, 29.63180986, 94.15289779,   8.6
172, 153, 29.62827639, 94.14346407,   8.6
173, 153, 29.62470614, 94.13388770,   8.5
174, 153, 29.62109833, 94.12416673,   8.4
175, 153, 29.61745217, 94.11429914,   8.3
176, 153, 29.61376689, 94.10428291,   8.1
177, 153, 29.61004167, 94.09411599,   8.0
178, 153, 29.60627571, 94.08379630,   8.0
179, 153, 29.60246819, 94.07332170,   7.9
180, 153, 29.59861828, 94.06269006,   7.8
181, 153, 29.59472514, 94.05189920,   7.7
182, 153, 29.59078793, 94.04094689,   7.6
183, 153, 29.58680577, 94.02983090,   7.6
184, 153, 29.58277781, 94.01854895,   7.5
185, 153, 29.57870316, 94.00709872,   7.5
186, 153, 29.57458093, 93.99547787,   7.4
187, 153, 29.57041022, 93.98368402,   7.4
188, 153, 29.56619011, 93.97171475,   7.3
189, 153, 29.56191968, 93.95956762,   7.3
190, 153, 29.55759799, 93.94724013,   7.2
191, 153, 29.55322410, 93.93472976,   7.1
192, 153, 29.54879704, 93.92203395,   7.1
193, 153, 29.54431583, 93.90915011,   7.0
194, 153, 29.53977949, 93.89607560,   6.9
195, 153, 29.53518702, 93.88280775,   6.8
196, 153, 29.53053741, 93.86934385,   6.7
197, 153, 29.52582962, 93.85568114,   6.6
198, 153, 29.52106262, 93.84181684,   6.4
199, 153, 29.51623535, 93.82774810,   6.3
200, 153, 29.51134675, 93.81347207,   6.2
201, 153, 29.50639573, 93.79898583,   6.1
202, 153, 29.50138119, 93.78428641,   6.0
203, 153, 29.49630201, 93.76937083,   5.9
204, 153, 29.49115707, 93.75423604,   5.9
205, 153, 29.48594523, 93.73887895,   5.8
206, 153, 29.48066531, 93.72329643,   5.8
207, 153, 29.47531615, 93.70748532,   5.7
208, 153, 29.46989655, 93.69144238,   5.7
209, 153, 29.46440529, 93.67516436,   5.6
210, 153, 29.45884115, 93.65864794,   5.6
211, 153, 29.45320289, 93.64188975,   5.5
212, 153, 29.44748923, 93.62488640,   5.4
213, 153, 29.44169890, 93.60763442,   5.4
214, 153, 29.43583060, 93.59013030,   5.3
215, 153, 29.42988300, 93.57237049,   5.2
216, 153, 29.42385476, 93.55435139,   5.1
217, 153, 29.41774453, 93.53606933,   5.0
218, 153, 29.41155093, 93.51752060,   5.0
219, 153, 29.40527256, 93.49870144,   4.9
220, 153, 29.39890799, 93.47960803,   4.8
221, 153, 29.39245578, 93.46023650,   4.8
222, 153, 29.38591448, 93.44058293,   4.7
223, 153, 29.37928259, 93.42064333,   4.6
224, 153, 29.37255862, 93.40041367,   4.6
225, 153, 29.36574102, 93.37988985,   4.5
226, 153, 29.35882825, 93.35906772,   4.4
227, 153, 29.35181872, 93.33794306,   4.3
228, 153, 29.34471084, 93.31651162,   4.2
229, 153, 29.33750298, 93.29476906,   4.2
230, 153, 29.33019349, 93.27271098,   4.1
231, 153, 29.32278069, 93.25033294,   4.0
232, 153, 29.31526288, 93.22763042,   3.9
233, 153, 29.30763834, 93.20459884,   3.8
234, 153, 29.29990530, 93.18123356,   3.7
235, 153, 29.29206198, 93.15752987,   3.6
236, 153, 29.28410658, 93.13348300,   3.5
237, 153, 29.27603725, 93.10908810,   3.4
238, 153, 29.26785212, 93.08434028,   3.3
239, 153, 29.25954930, 93.05923455,   3.2
240, 153, 29.25112687, 93.03376588,   3.1
241, 153, 29.24258285, 93.00792913,   3.1
  1, 154, 30.21003385, 94.59456464,  99.9
  2, 154, 30.20367738, 94.59632845,  99.9
  3, 154, 30.19740484, 94.59804253,  99.9
  4, 154, 30.19121491, 94.59970723,  99.9
  5, 154, 30.18510632, 94.60132292,  99.9
  6, 154, 30.17907780, 94.60288994,  99.9
  7, 154, 30.17312810, 94.60440865,  99.9
  8, 154, 30.16725597, 94.60587935,  99.9
  9, 154, 30.16146019, 94.60730239,  99.9
 10, 154, 30.15573958, 94.60867805,  99.9
 11, 154, 30.15009292, 94.61000664,  99.9
 12, 154, 30.14451906, 94.61128844,  99.9
 13, 154, 30.13901683, 94.61252374,  99.9
 14, 154, 30.13358510, 94.61371280,  99.9
 15, 154, 30.12822272, 94.61485587,  99.9
 16, 154, 30.12292859, 94.61595321,  99.9
 17, 154, 30.11770161, 94.61700506,  99.9
 18, 154, 30.11254068, 94.61801163,  99.9
 19, 154, 30.10744475, 94.61897315,  99.9
 20, 154, 30.10241274, 94.61988984,  99.9
 21, 154, 30.09744362, 94.62076188,  99.9
 22, 154, 30.09253635, 94.62158947,  99.9
 23, 154, 30.08768990, 94.62237278,  99.9
 24, 154, 30.08290328, 94.62311200,  99.9
 25, 154, 30.07817548, 94.62380727,  99.9
 26, 154, 30.07350553, 94.62445876,  99.9
 27, 154, 30.06889245, 94.62506660,  99.9
 28, 154, 30.06433528, 94.62563093,  99.9
 29, 154, 30.05983308, 94.62615188,  99.9
 30, 154, 30.05538491, 94.62662955,  99.9
 31, 154, 30.05098985, 94.62706406,  99.9
 32, 154, 30.04664697, 94.62745549,  99.9
 33, 154, 30.04235539, 94.62780395,  99.9
 34, 154, 30.03811419, 94.62810950,  99.9
 35, 154, 30.03392252, 94.62837222,  99.9
 36, 154, 30.02977948, 94.62859217,  99.9
 37, 154, 30.02568422, 94.62876939,  99.9
 38, 154, 30.02163589, 94.62890394,  99.9
 39, 154, 30.01763364, 94.62899584,  99.9
 40, 154, 30.01367665, 94.62904512,  99.9
 41, 154, 30.00976409, 94.62905179,  99.9
 42, 154, 30.00589514, 94.62901586,  99.9
 43, 154, 30.00206900, 94.62893733,  99.9
 44, 154, 29.99828487, 94.62881619,  99.9
 45, 154, 29.99454197, 94.62865241,  99.9
 46, 154, 29.99083952, 94.62844597,  99.9
 47, 154, 29.98717675, 94.62819682,  99.9
 48, 154, 29.98355289, 94.62790493,  99.9
 49, 154, 29.97996719, 94.62757023,  99.9
 50, 154, 29.97641891, 94.62719265,  99.9
 51, 154, 29.97290730, 94.62677214,  99.9
 52, 154, 29.96943163, 94.62630859,  99.9
 53, 154, 29.96599119, 94.62580192,  99.9
 54, 154, 29.96258525, 94.62525202,  99.9
 55, 154, 29.95921310, 94.62465880,  99.9
 56, 154, 29.95587405, 94.62402211,  99.9
 57, 154, 29.95256739, 94.62334185,  99.9
 58, 154, 29.94929244, 94.62261786,  99.9
 59, 154, 29.94604852, 94.62185001,  99.9
 60, 154, 29.94283495, 94.62103813,  99.9
 61, 154, 29.93965106, 94.62018207,  99.9
 62, 154, 29.93649619, 94.61928164,  99.9
 63, 154, 29.93336968, 94.61833666,  99.9
 64, 154, 29.93027088, 94.61734694,  99.9
 65, 154, 29.92719914, 94.61631227,  99.9
 66, 154, 29.92415382, 94.61523245,  99.9
 67, 154, 29.92113430, 94.61410726,  99.9
 68, 154, 29.91813993, 94.61293645,  99.9
 69, 154, 29.91517009, 94.61171980,  99.9
 70, 154, 29.91222417, 94.61045705,  99.9
 71, 154, 29.90930155, 94.60914793,  99.9
 72, 154, 29.90640163, 94.60779220,  99.9
 73, 154, 29.90352378, 94.60638955,  99.9
 74, 154, 29.90066743, 94.60493971,  99.9
 75, 154, 29.89783196, 94.60344238,  99.9
 76, 154, 29.89501680, 94.60189724,  99.9
 77, 154, 29.89222134, 94.60030398,  99.9
 78, 154, 29.88944501, 94.59866227,  99.9
 79, 154, 29.88668723, 94.59697178,  99.9
 80, 154, 29.88394743, 94.59523215,  99.9
 81, 154, 29.88122502, 94.59344302,  99.9
 82, 154, 29.87851944, 94.59160403,  99.9
 83, 154, 29.87583013, 94.58971479,  99.9
 84, 154, 29.87315653, 94.58777492,  99.9
 85, 154, 29.87049807, 94.58578402,  99.9
 86, 154, 29.86785421, 94.58374166,  99.9
 87, 154, 29.86522438, 94.58164745,  99.9
 88, 154, 29.86260804, 94.57950093,  99.9
 89, 154, 29.86000464, 94.57730166,  99.9
 90, 154, 29.85741364, 94.57504920,  99.9
 91, 154, 29.85483450, 94.57274308,  99.9
 92, 154, 29.85226667, 94.57038281,  99.9
 93, 154, 29.84970962, 94.56796792,  99.9
 94, 154, 29.84716281, 94.56549790,  99.9
 95, 154, 29.84462571, 94.56297224,  99.9
 96, 154, 29.84209779, 94.56039042,  99.9
 97, 154, 29.83957853, 94.55775191,  99.9
 98, 154, 29.83706738, 94.55505616,  99.9
 99, 154, 29.83456383, 94.55230261,  99.9
100, 154, 29.83206736, 94.54949070,  99.9
101, 154, 29.82957743, 94.54661984,  99.9
102, 154, 29.82709353, 94.54368944,  99.9
103, 154, 29.82461513, 94.54069889,  99.9
104, 154, 29.82214172, 94.53764758,  99.9
105, 154, 29.81967278, 94.53453487,  99.9
106, 154, 29.81720778, 94.53136012,  99.9
107, 154, 29.81474622, 94.52812268,  99.9
108, 154, 29.81228757, 94.52482187,  99.9
109, 154, 29.80983132, 94.52145702,  99.9
110, 154, 29.80737696, 94.51802742,  99.9
111, 154, 29.80492395, 94.51453237,  99.9
112, 154, 29.80247180, 94.51097114,  99.9
113, 154, 29.80001999, 94.50734301,  99.9
114, 154, 29.79756799, 94.50364721,  99.9
115, 154, 29.79511530, 94.49988298,  99.9
116, 154, 29.79266140, 94.49604955,  99.9
117, 154, 29.79020576, 94.49214613,  99.9
118, 154, 29.78774788, 94.48817190,  99.9
119, 154, 29.78528723, 94.48412604,  99.9
120, 154, 29.78282331, 94.48000773,  99.9
121, 154, 29.78035557, 94.47581610,  99.9
122, 154, 29.77788352, 94.47155029,  99.9
123, 154, 29.77540662, 94.46720943,  99.9
124, 154, 29.77292435, 94.46279260,  99.9
125, 154, 29.77043620, 94.45829891,  99.9
126, 154, 29.76794162, 94.45372741,  99.9
127, 154, 29.76544010, 94.44907718,  99.9
128, 154, 29.76293111, 94.44434723,  99.9
129, 154, 29.76041411, 94.43953661,  99.9
130, 154, 29.75788857, 94.43464431,  99.9
131, 154, 29.75535397, 94.42966933,  99.9
132, 154, 29.75280976, 94.42461063,  99.9
133, 154, 29.75025540, 94.41946717,  99.9
134, 154, 29.74769035, 94.41423789,  99.9
135, 154, 29.74511407, 94.40892172,  99.9
136, 154, 29.74252601, 94.40351754,  99.9
137, 154, 29.73992562, 94.39802425,  99.9
138, 154, 29.73731235, 94.39244071,  99.9
139, 154, 29.73468564, 94.38676577,  99.9
140, 154, 29.73204494, 94.38099825,  99.9
141, 154, 29.72938969, 94.37513697,  99.9
142, 154, 29.72671931, 94.36918072,  99.9
143, 154, 29.72403325, 94.36312827,  99.9
144, 154, 29.72133092, 94.35697837,  99.9
145, 154, 29.71861175, 94.35072975,  99.9
146, 154, 29.71587517, 94.34438112,  99.9
147, 154, 29.71312059, 94.33793117,   7.3
148, 154, 29.71034742, 94.33137857,   7.3
149, 154, 29.70755506, 94.32472197,   7.3
150, 154, 29.70474293, 94.31796000,   7.2
151, 154, 29.70191042, 94.31109126,   7.1
152, 154, 29.69905692, 94.30411434,   7.0
153, 154, 29.69618183, 94.29702779,   6.9
154, 154, 29.69328452, 94.28983017,   6.8
155, 154, 29.69036438, 94.28251998,   7.0
156, 154, 29.68742078, 94.27509572,   7.2
157, 154, 29.68445309, 94.26755585,   7.3
158, 154, 29.68146067, 94.25989884,   7.4
159, 154, 29.67844287, 94.25212309,   7.5
160, 154, 29.67539906, 94.24422700,   7.7
161, 154, 29.67232857, 94.23620896,   7.7
162, 154, 29.66923075, 94.22806731,   7.7
163, 154, 29.66610492, 94.21980037,   7.7
164, 154, 29.66295041, 94.21140644,   7.7
165, 154, 29.65976654, 94.20288380,   7.8
166, 154, 29.65655263, 94.19423069,   7.9
167, 154, 29.65330797, 94.18544533,   8.1
168, 154, 29.65003188, 94.17652592,   8.3
169, 154, 29.64672363, 94.16747061,   8.5
170, 154, 29.64338252, 94.15827755,   8.6
171, 154, 29.64000781, 94.14894485,   8.6
172, 154, 29.63659879, 94.13947058,   8.6
173, 154, 29.63315470, 94.12985281,   8.5
174, 154, 29.62967480, 94.12008955,   8.4
175, 154, 29.62615833, 94.11017880,   8.3
176, 154, 29.62260454, 94.10011852,   8.2
177, 154, 29.61901263, 94.08990665,   8.1
178, 154, 29.61538184, 94.07954109,   8.0
179, 154, 29.61171138, 94.06901971,   7.9
180, 154, 29.60800043, 94.05834036,   7.9
181, 154, 29.60424819, 94.04750083,   7.8
182, 154, 29.60045384, 94.03649891,   7.7
183, 154, 29.59661655, 94.02533233,   7.7
184, 154, 29.59273549, 94.01399882,   7.6
185, 154, 29.58880979, 94.00249604,   7.6
186, 154, 29.58483860, 93.99082164,   7.5
187, 154, 29.58082105, 93.97897322,   7.5
188, 154, 29.57675625, 93.96694836,   7.5
189, 154, 29.57264331, 93.95474458,   7.4
190, 154, 29.56848133, 93.94235941,   7.4
191, 154, 29.56426939, 93.92979028,   7.3
192, 154, 29.56000656, 93.91703464,   7.2
193, 154, 29.55569190, 93.90408987,   7.2
194, 154, 29.55132445, 93.89095332,   7.1
195, 154, 29.54690326, 93.87762231,   7.0
196, 154, 29.54242734, 93.86409411,   6.9
197, 154, 29.53789570, 93.85036595,   6.7
198, 154, 29.53330734, 93.83643503,   6.6
199, 154, 29.52866123, 93.82229849,   6.5
200, 154, 29.52395635, 93.80795345,   6.4
201, 154, 29.51919165, 93.79339699,   6.2
202, 154, 29.51436607, 93.77862612,   6.2
203, 154, 29.50947853, 93.76363784,   6.1
204, 154, 29.50452794, 93.74842908,   6.0
205, 154, 29.49951320, 93.73299674,   5.9
206, 154, 29.49443319, 93.71733767,   5.9
207, 154, 29.48928676, 93.70144868,   5.8
208, 154, 29.48407277, 93.68532653,   5.8
209, 154, 29.47879005, 93.66896794,   5.7
210, 154, 29.47343741, 93.65236957,   5.6
211, 154, 29.46801365, 93.63552804,   5.6
212, 154, 29.46251754, 93.61843993,   5.5
213, 154, 29.45694785, 93.60110176,   5.4
214, 154, 29.45130332, 93.58350999,   5.4
215, 154, 29.44558268, 93.56566105,   5.3
216, 154, 29.43978463, 93.54755132,   5.2
217, 154, 29.43390787, 93.52917711,   5.1
218, 154, 29.42795105, 93.51053469,   5.0
219, 154, 29.42191283, 93.49162027,   5.0
220, 154, 29.41579184, 93.47243002,   4.9
221, 154, 29.40958668, 93.45296003,   4.9
222, 154, 29.40329594, 93.43320636,   4.8
223, 154, 29.39691819, 93.41316501,   4.7
224, 154, 29.39045196, 93.39283191,   4.7
225, 154, 29.38389579, 93.37220294,   4.6
226, 154, 29.37724817, 93.35127393,   4.5
227, 154, 29.37050758, 93.33004063,   4.4
228, 154, 29.36367246, 93.30849876,   4.4
229, 154, 29.35674126, 93.28664394,   4.3
230, 154, 29.34971236, 93.26447178,   4.2
231, 154, 29.34258416, 93.24197777,   4.1
232, 154, 29.33535501, 93.21915739,   4.0
233, 154, 29.32802324, 93.19600602,   4.0
234, 154, 29.32058715, 93.17251899,   3.9
235, 154, 29.31304502, 93.14869156,   3.8
236, 154, 29.30539510, 93.12451894,   3.7
237, 154, 29.29763560, 93.09999624,   3.6
238, 154, 29.28976473, 93.07511853,   3.5
239, 154, 29.28178065, 93.04988080,   3.4
240, 154, 29.27368150, 93.02427798,   3.3
241, 154, 29.26546537, 92.99830491,   3.3
  1, 155, 30.20843730, 94.58722311,  99.9
  2, 155, 30.20212476, 94.58908458,  99.9
  3, 155, 30.19589583, 94.59089478,  99.9
  4, 155, 30.18974919, 94.59265411,  99.9
  5, 155, 30.18368358, 94.59436295,  99.9
  6, 155, 30.17769774, 94.59602166,  99.9
  7, 155, 30.17179042, 94.59763060,  99.9
  8, 155, 30.16596039, 94.59919013,  99.9
  9, 155, 30.16020645, 94.60070057,  99.9
 10, 155, 30.15452739, 94.60216226,  99.9
 11, 155, 30.14892205, 94.60357550,  99.9
 12, 155, 30.14338925, 94.60494061,  99.9
 13, 155, 30.13792784, 94.60625788,  99.9
 14, 155, 30.13253669, 94.60752759,  99.9
 15, 155, 30.12721468, 94.60875003,  99.9
 16, 155, 30.12196071, 94.60992544,  99.9
 17, 155, 30.11677368, 94.61105410,  99.9
 18, 155, 30.11165251, 94.61213623,  99.9
 19, 155, 30.10659615, 94.61317208,  99.9
 20, 155, 30.10160353, 94.61416188,  99.9
 21, 155, 30.09667362, 94.61510583,  99.9
 22, 155, 30.09180540, 94.61600414,  99.9
 23, 155, 30.08699785, 94.61685701,  99.9
 24, 155, 30.08224998, 94.61766462,  99.9
 25, 155, 30.07756080, 94.61842715,  99.9
 26, 155, 30.07292933, 94.61914476,  99.9
 27, 155, 30.06835461, 94.61981761,  99.9
 28, 155, 30.06383569, 94.62044585,  99.9
 29, 155, 30.05937163, 94.62102962,  99.9
 30, 155, 30.05496150, 94.62156904,  99.9
 31, 155, 30.05060439, 94.62206424,  99.9
 32, 155, 30.04629938, 94.62251531,  99.9
 33, 155, 30.04204559, 94.62292238,  99.9
 34, 155, 30.03784213, 94.62328551,  99.9
 35, 155, 30.03368812, 94.62360480,  99.9
 36, 155, 30.02958271, 94.62388032,  99.9
 37, 155, 30.02552503, 94.62411213,  99.9
 38, 155, 30.02151424, 94.62430029,  99.9
 39, 155, 30.01754951, 94.62444484,  99.9
 40, 155, 30.01363001, 94.62454581,  99.9
 41, 155, 30.00975493, 94.62460323,  99.9
 42, 155, 30.00592347, 94.62461712,  99.9
 43, 155, 30.00213482, 94.62458749,  99.9
 44, 155, 29.99838819, 94.62451434,  99.9
 45, 155, 29.99468281, 94.62439765,  99.9
 46, 155, 29.99101791, 94.62423740,  99.9
 47, 155, 29.98739272, 94.62403357,  99.9
 48, 155, 29.98380649, 94.62378612,  99.9
 49, 155, 29.98025847, 94.62349500,  99.9
 50, 155, 29.97674792, 94.62316016,  99.9
 51, 155, 29.97327412, 94.62278153,  99.9
 52, 155, 29.96983634, 94.62235903,  99.9
 53, 155, 29.96643386, 94.62189258,  99.9
 54, 155, 29.96306597, 94.62138209,  99.9
 55, 155, 29.95973198, 94.62082746,  99.9
 56, 155, 29.95643119, 94.62022857,  99.9
 57, 155, 29.95316291, 94.61958530,  99.9
 58, 155, 29.94992647, 94.61889753,  99.9
 59, 155, 29.94672118, 94.61816511,  99.9
 60, 155, 29.94354638, 94.61738790,  99.9
 61, 155, 29.94040141, 94.61656573,  99.9
 62, 155, 29.93728561, 94.61569845,  99.9
 63, 155, 29.93419834, 94.61478586,  99.9
 64, 155, 29.93113894, 94.61382779,  99.9
 65, 155, 29.92810679, 94.61282404,  99.9
 66, 155, 29.92510125, 94.61177441,  99.9
 67, 155, 29.92212170, 94.61067867,  99.9
 68, 155, 29.91916751, 94.60953661,  99.9
 69, 155, 29.91623807, 94.60834799,  99.9
 70, 155, 29.91333276, 94.60711256,  99.9
 71, 155, 29.91045098, 94.60583008,  99.9
 72, 155, 29.90759214, 94.60450027,  99.9
 73, 155, 29.90475563, 94.60312287,  99.9
 74, 155, 29.90194086, 94.60169759,  99.9
 75, 155, 29.89914724, 94.60022413,  99.9
 76, 155, 29.89637420, 94.59870220,  99.9
 77, 155, 29.89362114, 94.59713148,  99.9
 78, 155, 29.89088751, 94.59551165,  99.9
 79, 155, 29.88817273, 94.59384237,  99.9
 80, 155, 29.88547622, 94.59212330,  99.9
 81, 155, 29.88279743, 94.59035408,  99.9
 82, 155, 29.88013581, 94.58853435,  99.9
 83, 155, 29.87749078, 94.58666373,  99.9
 84, 155, 29.87486181, 94.58474184,  99.9
 85, 155, 29.87224833, 94.58276828,  99.9
 86, 155, 29.86964981, 94.58074265,  99.9
 87, 155, 29.86706570, 94.57866451,  99.9
 88, 155, 29.86449546, 94.57653345,  99.9
 89, 155, 29.86193856, 94.57434903,  99.9
 90, 155, 29.85939445, 94.57211079,  99.9
 91, 155, 29.85686261, 94.56981827,  99.9
 92, 155, 29.85434251, 94.56747099,  99.9
 93, 155, 29.85183362, 94.56506848,  99.9
 94, 155, 29.84933542, 94.56261024,  99.9
 95, 155, 29.84684737, 94.56009575,  99.9
 96, 155, 29.84436897, 94.55752449,  99.9
 97, 155, 29.84189969, 94.55489595,  99.9
 98, 155, 29.83943901, 94.55220956,  99.9
 99, 155, 29.83698642, 94.54946478,  99.9
100, 155, 29.83454141, 94.54666104,  99.9
101, 155, 29.83210346, 94.54379776,  99.9
102, 155, 29.82967206, 94.54087435,  99.9
103, 155, 29.82724670, 94.53789020,  99.9
104, 155, 29.82482688, 94.53484469,  99.9
105, 155, 29.82241208, 94.53173720,  99.9
106, 155, 29.82000179, 94.52856708,  99.9
107, 155, 29.81759552, 94.52533368,  99.9
108, 155, 29.81519276, 94.52203633,  99.9
109, 155, 29.81279299, 94.51867435,  99.9
110, 155, 29.81039573, 94.51524704,  99.9
111, 155, 29.80800046, 94.51175369,  99.9
112, 155, 29.80560668, 94.50819358,  99.9
113, 155, 29.80321388, 94.50456598,  99.9
114, 155, 29.80082157, 94.50087012,  99.9
115, 155, 29.79842923, 94.49710526,  99.9
116, 155, 29.79603637, 94.49327061,  99.9
117, 155, 29.79364249, 94.48936538,  99.9
118, 155, 29.79124707, 94.48538876,  99.9
119, 155, 29.78884961, 94.48133993,  99.9
120, 155, 29.78644961, 94.47721805,  99.9
121, 155, 29.78404655, 94.47302227,  99.9
122, 155, 29.78163995, 94.46875172,  99.9
123, 155, 29.77922927, 94.46440552,  99.9
124, 155, 29.77681403, 94.45998277,  99.9
125, 155, 29.77439370, 94.45548256,  99.9
126, 155, 29.77196777, 94.45090395,  99.9
127, 155, 29.76953573, 94.44624601,  99.9
128, 155, 29.76709707, 94.44150776,  99.9
129, 155, 29.76465128, 94.43668823,  99.9
130, 155, 29.76219782, 94.43178642,  99.9
131, 155, 29.75973619, 94.42680132,  99.9
132, 155, 29.75726586, 94.42173190,  99.9
133, 155, 29.75478630, 94.41657712,  99.9
134, 155, 29.75229700, 94.41133590,  99.9
135, 155, 29.74979742, 94.40600716,  99.9
136, 155, 29.74728704, 94.40058981,  99.9
137, 155, 29.74476531, 94.39508272,  99.9
138, 155, 29.74223171, 94.38948476,  99.9
139, 155, 29.73968569, 94.38379477,  99.9
140, 155, 29.73712671, 94.37801158,  99.9
141, 155, 29.73455423, 94.37213399,  99.9
142, 155, 29.73196771, 94.36616079,  99.9
143, 155, 29.72936658, 94.36009074,  99.9
144, 155, 29.72675029, 94.35392260,  99.9
145, 155, 29.72411830, 94.34765509,  99.9
146, 155, 29.72147002, 94.34128692,  99.9
147, 155, 29.71880491, 94.33481676,  99.9
148, 155, 29.71612238, 94.32824330,   7.3
149, 155, 29.71342188, 94.32156516,   7.3
150, 155, 29.71070280, 94.31478098,   7.2
151, 155, 29.70796459, 94.30788936,   7.1
152, 155, 29.70520664, 94.30088887,   7.0
153, 155, 29.70242837, 94.29377806,   6.9
154, 155, 29.69962919, 94.28655548,   6.9
155, 155, 29.69680848, 94.27921964,   6.9
156, 155, 29.69396565, 94.27176902,   7.0
157, 155, 29.69110009, 94.26420208,   7.2
158, 155, 29.68821117, 94.25651727,   7.3
159, 155, 29.68529828, 94.24871300,   7.4
160, 155, 29.68236079, 94.24078767,   7.5
161, 155, 29.67939806, 94.23273964,   7.7
162, 155, 29.67640947, 94.22456726,   7.7
163, 155, 29.67339435, 94.21626884,   7.7
164, 155, 29.67035207, 94.20784267,   7.7
165, 155, 29.66728196, 94.19928702,   7.7
166, 155, 29.66418336, 94.19060012,   7.8
167, 155, 29.66105560, 94.18178020,   7.9
168, 155, 29.65789800, 94.17282542,   8.1
169, 155, 29.65470988, 94.16373396,   8.3
170, 155, 29.65149054, 94.15450394,   8.4
171, 155, 29.64823930, 94.14513346,   8.6
172, 155, 29.64495543, 94.13562060,   8.6
173, 155, 29.64163823, 94.12596339,   8.5
174, 155, 29.63828697, 94.11615986,   8.5
175, 155, 29.63490093, 94.10620799,   8.4
176, 155, 29.63147937, 94.09610573,   8.3
177, 155, 29.62802154, 94.08585100,   8.2
178, 155, 29.62452668, 94.07544170,   8.1
179, 155, 29.62099404, 94.06487570,   8.0
180, 155, 29.61742284, 94.05415081,   7.9
181, 155, 29.61381229, 94.04326485,   7.9
182, 155, 29.61016161, 94.03221557,   7.8
183, 155, 29.60647000, 94.02100070,   7.7
184, 155, 29.60273665, 94.00961795,   7.7
185, 155, 29.59896073, 93.99806498,   7.7
186, 155, 29.59514142, 93.98633942,   7.6
187, 155, 29.59127787, 93.97443886,   7.6
188, 155, 29.58736924, 93.96236086,   7.6
189, 155, 29.58341466, 93.95010295,   7.6
190, 155, 29.57941326, 93.93766262,   7.5
191, 155, 29.57536416, 93.92503732,   7.5
192, 155, 29.57126646, 93.91222445,   7.4
193, 155, 29.56711926, 93.89922140,   7.3
194, 155, 29.56292163, 93.88602551,   7.3
195, 155, 29.55867265, 93.87263406,   7.1
196, 155, 29.55437137, 93.85904432,   7.0
197, 155, 29.55001683, 93.84525352,   6.9
198, 155, 29.54560807, 93.83125882,   6.8
199, 155, 29.54114411, 93.81705737,   6.7
200, 155, 29.53662395, 93.80264626,   6.5
201, 155, 29.53204658, 93.78802255,   6.4
202, 155, 29.52741097, 93.77318324,   6.3
203, 155, 29.52271611, 93.75812532,   6.2
204, 155, 29.51796092, 93.74284569,   6.1
205, 155, 29.51314435, 93.72734124,   6.0
206, 155, 29.50826531, 93.71160881,   6.0
207, 155, 29.50332272, 93.69564519,   5.9
208, 155, 29.49831545, 93.67944712,   5.8
209, 155, 29.49324238, 93.66301129,   5.8
210, 155, 29.48810237, 93.64633435,   5.7
211, 155, 29.48289425, 93.62941291,   5.6
212, 155, 29.47761686, 93.61224352,   5.6
213, 155, 29.47226899, 93.59482268,   5.5
214, 155, 29.46684944, 93.57714684,   5.4
215, 155, 29.46135697, 93.55921240,   5.4
216, 155, 29.45579034, 93.54101572,   5.3
217, 155, 29.45014829, 93.52255310,   5.2
218, 155, 29.44442952, 93.50382077,   5.1
219, 155, 29.43863274, 93.48481493,   5.1
220, 155, 29.43275663, 93.46553173,   5.0
221, 155, 29.42679983, 93.44596723,   4.9
222, 155, 29.42076100, 93.42611748,   4.9
223, 155, 29.41463873, 93.40597843,   4.8
224, 155, 29.40843164, 93.38554602,   4.8
225, 155, 29.40213829, 93.36481608,   4.7
226, 155, 29.39575724, 93.34378441,   4.6
227, 155, 29.38928701, 93.32244677,   4.6
228, 155, 29.38272612, 93.30079882,   4.5
229, 155, 29.37607304, 93.27883617,   4.4
230, 155, 29.36932625, 93.25655439,   4.3
231, 155, 29.36248417, 93.23394897,   4.3
232, 155, 29.35554522, 93.21101533,   4.2
233, 155, 29.34850778, 93.18774885,   4.1
234, 155, 29.34137023, 93.16414481,   4.0
235, 155, 29.33413089, 93.14019845,   3.9
236, 155, 29.32678808, 93.11590494,   3.9
237, 155, 29.31934008, 93.09125937,   3.8
238, 155, 29.31178515, 93.06625679,   3.7
239, 155, 29.30412152, 93.04089214,   3.6
240, 155, 29.29634738, 93.01516032,   3.5
241, 155, 29.28846091, 92.98905614,   3.5
  1, 156, 30.20675540, 94.57993324,  99.9
  2, 156, 30.20048812, 94.58189196,  99.9
  3, 156, 30.19430410, 94.58379791,  99.9
  4, 156, 30.18820204, 94.58565149,  99.9
  5, 156, 30.18218068, 94.58745310,  99.9
  6, 156, 30.17623877, 94.58920314,  99.9
  7, 156, 30.17037507, 94.59090198,  99.9
  8, 156, 30.16458837, 94.59254998,  99.9
  9, 156, 30.15887746, 94.59414751,  99.9
 10, 156, 30.15324116, 94.59569490,  99.9
 11, 156, 30.14767830, 94.59719250,  99.9
 12, 156, 30.14218771, 94.59864062,  99.9
 13, 156, 30.13676827, 94.60003957,  99.9
 14, 156, 30.13141885, 94.60138967,  99.9
 15, 156, 30.12613832, 94.60269119,  99.9
 16, 156, 30.12092560, 94.60394443,  99.9
 17, 156, 30.11577961, 94.60514965,  99.9
 18, 156, 30.11069927, 94.60630711,  99.9
 19, 156, 30.10568353, 94.60741707,  99.9
 20, 156, 30.10073134, 94.60847976,  99.9
 21, 156, 30.09584168, 94.60949542,  99.9
 22, 156, 30.09101353, 94.61046426,  99.9
 23, 156, 30.08624589, 94.61138649,  99.9
 24, 156, 30.08153776, 94.61226232,  99.9
 25, 156, 30.07688818, 94.61309193,  99.9
 26, 156, 30.07229616, 94.61387551,  99.9
 27, 156, 30.06776076, 94.61461323,  99.9
 28, 156, 30.06328103, 94.61530524,  99.9
 29, 156, 30.05885604, 94.61595170,  99.9
 30, 156, 30.05448488, 94.61655276,  99.9
 31, 156, 30.05016663, 94.61710853,  99.9
 32, 156, 30.04590040, 94.61761915,  99.9
 33, 156, 30.04168529, 94.61808473,  99.9
 34, 156, 30.03752044, 94.61850536,  99.9
 35, 156, 30.03340497, 94.61888115,  99.9
 36, 156, 30.02933803, 94.61921219,  99.9
 37, 156, 30.02531877, 94.61949853,  99.9
 38, 156, 30.02134637, 94.61974025,  99.9
 39, 156, 30.01741998, 94.61993741,  99.9
 40, 156, 30.01353880, 94.62009005,  99.9
 41, 156, 30.00970202, 94.62019821,  99.9
 42, 156, 30.00590884, 94.62026191,  99.9
 43, 156, 30.00215846, 94.62028118,  99.9
 44, 156, 29.99845012, 94.62025602,  99.9
 45, 156, 29.99478304, 94.62018644,  99.9
 46, 156, 29.99115645, 94.62007242,  99.9
 47, 156, 29.98756960, 94.61991394,  99.9
 48, 156, 29.98402175, 94.61971098,  99.9
 49, 156, 29.98051215, 94.61946350,  99.9
 50, 156, 29.97704007, 94.61917145,  99.9
 51, 156, 29.97360480, 94.61883478,  99.9
 52, 156, 29.97020562, 94.61845342,  99.9
 53, 156, 29.96684181, 94.61802728,  99.9
 54, 156, 29.96351269, 94.61755630,  99.9
 55, 156, 29.96021755, 94.61704038,  99.9
 56, 156, 29.95695571, 94.61647940,  99.9
 57, 156, 29.95372649, 94.61587327,  99.9
 58, 156, 29.95052922, 94.61522185,  99.9
 59, 156, 29.94736324, 94.61452501,  99.9
 60, 156, 29.94422787, 94.61378262,  99.9
 61, 156, 29.94112247, 94.61299452,  99.9
 62, 156, 29.93804640, 94.61216055,  99.9
 63, 156, 29.93499901, 94.61128055,  99.9
 64, 156, 29.93197966, 94.61035433,  99.9
 65, 156, 29.92898774, 94.60938170,  99.9
 66, 156, 29.92602260, 94.60836246,  99.9
 67, 156, 29.92308364, 94.60729641,  99.9
 68, 156, 29.92017025, 94.60618332,  99.9
 69, 156, 29.91728181, 94.60502298,  99.9
 70, 156, 29.91441772, 94.60381513,  99.9
 71, 156, 29.91157739, 94.60255954,  99.9
 72, 156, 29.90876022, 94.60125594,  99.9
 73, 156, 29.90596563, 94.59990406,  99.9
 74, 156, 29.90319303, 94.59850363,  99.9
 75, 156, 29.90044185, 94.59705436,  99.9
 76, 156, 29.89771150, 94.59555595,  99.9
 77, 156, 29.89500143, 94.59400810,  99.9
 78, 156, 29.89231106, 94.59241047,  99.9
 79, 156, 29.88963984, 94.59076275,  99.9
 80, 156, 29.88698720, 94.58906459,  99.9
 81, 156, 29.88435260, 94.58731565,  99.9
 82, 156, 29.88173547, 94.58551556,  99.9
 83, 156, 29.87913528, 94.58366395,  99.9
 84, 156, 29.87655148, 94.58176043,  99.9
 85, 156, 29.87398353, 94.57980463,  99.9
 86, 156, 29.87143090, 94.57779612,  99.9
 87, 156, 29.86889305, 94.57573450,  99.9
 88, 156, 29.86636945, 94.57361935,  99.9
 89, 156, 29.86385957, 94.57145021,  99.9
 90, 156, 29.86136289, 94.56922665,  99.9
 91, 156, 29.85887889, 94.56694821,  99.9
 92, 156, 29.85640704, 94.56461442,  99.9
 93, 156, 29.85394683, 94.56222478,  99.9
 94, 156, 29.85149775, 94.55977882,  99.9
 95, 156, 29.84905928, 94.55727601,  99.9
 96, 156, 29.84663091, 94.55471586,  99.9
 97, 156, 29.84421212, 94.55209782,  99.9
 98, 156, 29.84180243, 94.54942135,  99.9
 99, 156, 29.83940131, 94.54668591,  99.9
100, 156, 29.83700827, 94.54389092,  99.9
101, 156, 29.83462281, 94.54103581,  99.9
102, 156, 29.83224442, 94.53811999,  99.9
103, 156, 29.82987261, 94.53514285,  99.9
104, 156, 29.82750687, 94.53210378,  99.9
105, 156, 29.82514672, 94.52900215,  99.9
106, 156, 29.82279165, 94.52583732,  99.9
107, 156, 29.82044118, 94.52260864,  99.9
108, 156, 29.81809480, 94.51931542,  99.9
109, 156, 29.81575202, 94.51595701,  99.9
110, 156, 29.81341236, 94.51253269,  99.9
111, 156, 29.81107532, 94.50904177,  99.9
112, 156, 29.80874040, 94.50548351,  99.9
113, 156, 29.80640713, 94.50185719,  99.9
114, 156, 29.80407500, 94.49816205,  99.9
115, 156, 29.80174352, 94.49439733,  99.9
116, 156, 29.79941221, 94.49056226,  99.9
117, 156, 29.79708057, 94.48665603,  99.9
118, 156, 29.79474811, 94.48267784,  99.9
119, 156, 29.79241434, 94.47862687,  99.9
120, 156, 29.79007877, 94.47450227,  99.9
121, 156, 29.78774090, 94.47030321,  99.9
122, 156, 29.78540024, 94.46602880,  99.9
123, 156, 29.78305629, 94.46167816,  99.9
124, 156, 29.78070857, 94.45725041,  99.9
125, 156, 29.77835657, 94.45274461,  99.9
126, 156, 29.77599980, 94.44815983,  99.9
127, 156, 29.77363776, 94.44349514,  99.9
128, 156, 29.77126994, 94.43874957,  99.9
129, 156, 29.76889586, 94.43392212,  99.9
130, 156, 29.76651499, 94.42901182,  99.9
131, 156, 29.76412685, 94.42401764,  99.9
132, 156, 29.76173091, 94.41893854,  99.9
133, 156, 29.75932669, 94.41377349,  99.9
134, 156, 29.75691365, 94.40852141,  99.9
135, 156, 29.75449130, 94.40318122,  99.9
136, 156, 29.75205911, 94.39775181,  99.9
137, 156, 29.74961658, 94.39223206,  99.9
138, 156, 29.74716317, 94.38662084,  99.9
139, 156, 29.74469837, 94.38091698,  99.9
140, 156, 29.74222165, 94.37511930,  99.9
141, 156, 29.73973249, 94.36922661,  99.9
142, 156, 29.73723035, 94.36323769,  99.9
143, 156, 29.73471471, 94.35715131,  99.9
144, 156, 29.73218502, 94.35096620,  99.9
145, 156, 29.72964074, 94.34468109,  99.9
146, 156, 29.72708133, 94.33829469,  99.9
147, 156, 29.72450624, 94.33180567,  99.9
148, 156, 29.72191493, 94.32521269,   7.3
149, 156, 29.71930683, 94.31851440,   7.2
150, 156, 29.71668139, 94.31170941,   7.2
151, 156, 29.71403804, 94.30479632,   7.1
152, 156, 29.71137623, 94.29777370,   7.0
153, 156, 29.70869537, 94.29064011,   6.9
154, 156, 29.70599489, 94.28339406,   6.9
155, 156, 29.70327421, 94.27603407,   6.9
156, 156, 29.70053275, 94.26855862,   6.9
157, 156, 29.69776991, 94.26096617,   7.0
158, 156, 29.69498510, 94.25325515,   7.2
159, 156, 29.69217772, 94.24542398,   7.3
160, 156, 29.68934717, 94.23747103,   7.4
161, 156, 29.68649283, 94.22939467,   7.6
162, 156, 29.68361409, 94.22119324,   7.7
163, 156, 29.68071033, 94.21286504,   7.7
164, 156, 29.67778091, 94.20440837,   7.7
165, 156, 29.67482520, 94.19582147,   7.7
166, 156, 29.67184256, 94.18710258,   7.7
167, 156, 29.66883235, 94.17824990,   7.8
168, 156, 29.66579392, 94.16926162,   7.9
169, 156, 29.66272659, 94.16013587,   8.1
170, 156, 29.65962971, 94.15087079,   8.3
171, 156, 29.65650261, 94.14146446,   8.4
172, 156, 29.65334459, 94.13191495,   8.5
173, 156, 29.65015498, 94.12222030,   8.5
174, 156, 29.64693307, 94.11237851,   8.5
175, 156, 29.64367817, 94.10238756,   8.4
176, 156, 29.64038956, 94.09224539,   8.4
177, 156, 29.63706653, 94.08194991,   8.3
178, 156, 29.63370834, 94.07149902,   8.2
179, 156, 29.63031427, 94.06089056,   8.1
180, 156, 29.62688356, 94.05012235,   8.0
181, 156, 29.62341547, 94.03919218,   7.9
182, 156, 29.61990923, 94.02809781,   7.9
183, 156, 29.61636407, 94.01683695,   7.8
184, 156, 29.61277922, 94.00540730,   7.8
185, 156, 29.60915388, 93.99380650,   7.8
186, 156, 29.60548725, 93.98203218,   7.7
187, 156, 29.60177852, 93.97008192,   7.7
188, 156, 29.59802689, 93.95795327,   7.7
189, 156, 29.59423150, 93.94564374,   7.7
190, 156, 29.59039153, 93.93315081,   7.7
191, 156, 29.58650613, 93.92047191,   7.7
192, 156, 29.58257443, 93.90760444,   7.6
193, 156, 29.57859556, 93.89454577,   7.5
194, 156, 29.57456863, 93.88129323,   7.4
195, 156, 29.57049276, 93.86784409,   7.3
196, 156, 29.56636703, 93.85419560,   7.2
197, 156, 29.56219052, 93.84034497,   7.1
198, 156, 29.55796229, 93.82628936,   7.0
199, 156, 29.55368142, 93.81202590,   6.8
200, 156, 29.54934693, 93.79755166,   6.7
201, 156, 29.54495786, 93.78286369,   6.6
202, 156, 29.54051322, 93.76795898,   6.5
203, 156, 29.53601202, 93.75283449,   6.4
204, 156, 29.53145324, 93.73748711,   6.3
205, 156, 29.52683586, 93.72191373,   6.2
206, 156, 29.52215884, 93.70611115,   6.1
207, 156, 29.51742112, 93.69007615,   6.0
208, 156, 29.51262163, 93.67380545,   5.9
209, 156, 29.50775929, 93.65729573,   5.9
210, 156, 29.50283300, 93.64054363,   5.8
211, 156, 29.49784164, 93.62354573,   5.7
212, 156, 29.49278408, 93.60629855,   5.6
213, 156, 29.48765917, 93.58879859,   5.6
214, 156, 29.48246575, 93.57104227,   5.5
215, 156, 29.47720262, 93.55302599,   5.4
216, 156, 29.47186860, 93.53474606,   5.4
217, 156, 29.46646245, 93.51619877,   5.3
218, 156, 29.46098296, 93.49738035,   5.2
219, 156, 29.45542885, 93.47828696,   5.1
220, 156, 29.44979887, 93.45891472,   5.1
221, 156, 29.44409171, 93.43925969,   5.0
222, 156, 29.43830606, 93.41931787,   5.0
223, 156, 29.43244059, 93.39908522,   4.9
224, 156, 29.42649395, 93.37855763,   4.8
225, 156, 29.42046477, 93.35773092,   4.8
226, 156, 29.41435164, 93.33660088,   4.8
227, 156, 29.40815316, 93.31516320,   4.7
228, 156, 29.40186789, 93.29341356,   4.6
229, 156, 29.39549437, 93.27134753,   4.6
230, 156, 29.38903111, 93.24896065,   4.5
231, 156, 29.38247662, 93.22624837,   4.4
232, 156, 29.37582935, 93.20320612,   4.3
233, 156, 29.36908776, 93.17982921,   4.3
234, 156, 29.36225027, 93.15611293,   4.2
235, 156, 29.35531528, 93.13205247,   4.1
236, 156, 29.34828116, 93.10764298,   4.0
237, 156, 29.34114625, 93.08287952,   4.0
238, 156, 29.33390888, 93.05775710,   3.9
239, 156, 29.32656733, 93.03227063,   3.8
240, 156, 29.31911988, 93.00641500,   3.8
241, 156, 29.31156475, 92.98018497,   3.7
  1, 157, 30.20498851, 94.57269656,  99.9
  2, 157, 30.19876781, 94.57475212,  99.9
  3, 157, 30.19263000, 94.57675340,  99.9
  4, 157, 30.18657379, 94.57870083,  99.9
  5, 157, 30.18059795, 94.58059483,  99.9
  6, 157, 30.17470121, 94.58243582,  99.9
  7, 157, 30.16888237, 94.58422418,  99.9
  8, 157, 30.16314020, 94.58596031,  99.9
  9, 157, 30.15747352, 94.58764458,  99.9
 10, 157, 30.15188116, 94.58927735,  99.9
 11, 157, 30.14636194, 94.59085897,  99.9
 12, 157, 30.14091472, 94.59238979,  99.9
 13, 157, 30.13553838, 94.59387013,  99.9
 14, 157, 30.13023180, 94.59530031,  99.9
 15, 157, 30.12499386, 94.59668065,  99.9
 16, 157, 30.11982349, 94.59801144,  99.9
 17, 157, 30.11471961, 94.59929296,  99.9
 18, 157, 30.10968116, 94.60052550,  99.9
 19, 157, 30.10470709, 94.60170932,  99.9
 20, 157, 30.09979638, 94.60284468,  99.9
 21, 157, 30.09494799, 94.60393182,  99.9
 22, 157, 30.09016092, 94.60497098,  99.9
 23, 157, 30.08543418, 94.60596238,  99.9
 24, 157, 30.08076679, 94.60690624,  99.9
 25, 157, 30.07615776, 94.60780275,  99.9
 26, 157, 30.07160616, 94.60865213,  99.9
 27, 157, 30.06711102, 94.60945455,  99.9
 28, 157, 30.06267142, 94.61021018,  99.9
 29, 157, 30.05828644, 94.61091920,  99.9
 30, 157, 30.05395515, 94.61158175,  99.9
 31, 157, 30.04967667, 94.61219798,  99.9
 32, 157, 30.04545010, 94.61276803,  99.9
 33, 157, 30.04127456, 94.61329201,  99.9
 34, 157, 30.03714918, 94.61377006,  99.9
 35, 157, 30.03307311, 94.61420227,  99.9
 36, 157, 30.02904550, 94.61458873,  99.9
 37, 157, 30.02506551, 94.61492954,  99.9
 38, 157, 30.02113232, 94.61522478,  99.9
 39, 157, 30.01724510, 94.61547450,  99.9
 40, 157, 30.01340305, 94.61567877,  99.9
 41, 157, 30.00960536, 94.61583763,  99.9
 42, 157, 30.00585125, 94.61595113,  99.9
 43, 157, 30.00213994, 94.61601929,  99.9
 44, 157, 29.99847066, 94.61604213,  99.9
 45, 157, 29.99484263, 94.61601967,  99.9
 46, 157, 29.99125512, 94.61595189,  99.9
 47, 157, 29.98770736, 94.61583880,  99.9
 48, 157, 29.98419862, 94.61568037,  99.9
 49, 157, 29.98072818, 94.61547657,  99.9
 50, 157, 29.97729530, 94.61522737,  99.9
 51, 157, 29.97389928, 94.61493272,  99.9
 52, 157, 29.97053941, 94.61459257,  99.9
 53, 157, 29.96721498, 94.61420684,  99.9
 54, 157, 29.96392531, 94.61377546,  99.9
 55, 157, 29.96066971, 94.61329834,  99.9
 56, 157, 29.95744750, 94.61277539,  99.9
 57, 157, 29.95425802, 94.61220651,  99.9
 58, 157, 29.95110059, 94.61159157,  99.9
 59, 157, 29.94797457, 94.61093046,  99.9
 60, 157, 29.94487929, 94.61022304,  99.9
 61, 157, 29.94181412, 94.60946917,  99.9
 62, 157, 29.93877841, 94.60866870,  99.9
 63, 157, 29.93577154, 94.60782145,  99.9
 64, 157, 29.93279287, 94.60692726,  99.9
 65, 157, 29.92984179, 94.60598595,  99.9
 66, 157, 29.92691768, 94.60499732,  99.9
 67, 157, 29.92401993, 94.60396118,  99.9
 68, 157, 29.92114793, 94.60287730,  99.9
 69, 157, 29.91830110, 94.60174547,  99.9
 70, 157, 29.91547883, 94.60056545,  99.9
 71, 157, 29.91268054, 94.59933700,  99.9
 72, 157, 29.90990564, 94.59805987,  99.9
 73, 157, 29.90715355, 94.59673380,  99.9
 74, 157, 29.90442370, 94.59535852,  99.9
 75, 157, 29.90171552, 94.59393373,  99.9
 76, 157, 29.89902845, 94.59245915,  99.9
 77, 157, 29.89636192, 94.59093447,  99.9
 78, 157, 29.89371538, 94.58935939,  99.9
 79, 157, 29.89108828, 94.58773357,  99.9
 80, 157, 29.88848006, 94.58605667,  99.9
 81, 157, 29.88589018, 94.58432836,  99.9
 82, 157, 29.88331810, 94.58254828,  99.9
 83, 157, 29.88076329, 94.58071606,  99.9
 84, 157, 29.87822521, 94.57883132,  99.9
 85, 157, 29.87570332, 94.57689367,  99.9
 86, 157, 29.87319711, 94.57490271,  99.9
 87, 157, 29.87070605, 94.57285803,  99.9
 88, 157, 29.86822961, 94.57075921,  99.9
 89, 157, 29.86576729, 94.56860582,  99.9
 90, 157, 29.86331856, 94.56639740,  99.9
 91, 157, 29.86088291, 94.56413351,  99.9
 92, 157, 29.85845983, 94.56181367,  99.9
 93, 157, 29.85604882, 94.55943741,  99.9
 94, 157, 29.85364937, 94.55700423,  99.9
 95, 157, 29.85126097, 94.55451364,  99.9
 96, 157, 29.84888314, 94.55196511,  99.9
 97, 157, 29.84651537, 94.54935812,  99.9
 98, 157, 29.84415715, 94.54669213,  99.9
 99, 157, 29.84180801, 94.54396658,  99.9
100, 157, 29.83946745, 94.54118093,  99.9
101, 157, 29.83713497, 94.53833458,  99.9
102, 157, 29.83481009, 94.53542695,  99.9
103, 157, 29.83249231, 94.53245744,  99.9
104, 157, 29.83018116, 94.52942544,  99.9
105, 157, 29.82787615, 94.52633031,  99.9
106, 157, 29.82557679, 94.52317142,  99.9
107, 157, 29.82328259, 94.51994811,  99.9
108, 157, 29.82099309, 94.51665972,  99.9
109, 157, 29.81870779, 94.51330556,  99.9
110, 157, 29.81642622, 94.50988495,  99.9
111, 157, 29.81414790, 94.50639717,  99.9
112, 157, 29.81187234, 94.50284151,  99.9
113, 157, 29.80959907, 94.49921722,  99.9
114, 157, 29.80732761, 94.49552356,  99.9
115, 157, 29.80505748, 94.49175976,  99.9
116, 157, 29.80278820, 94.48792505,  99.9
117, 157, 29.80051929, 94.48401863,  99.9
118, 157, 29.79825028, 94.48003969,  99.9
119, 157, 29.79598069, 94.47598742,  99.9
120, 157, 29.79371003, 94.47186097,  99.9
121, 157, 29.79143783, 94.46765948,  99.9
122, 157, 29.78916361, 94.46338210,  99.9
123, 157, 29.78688689, 94.45902793,  99.9
124, 157, 29.78460718, 94.45459608,  99.9
125, 157, 29.78232401, 94.45008562,  99.9
126, 157, 29.78003689, 94.44549563,  99.9
127, 157, 29.77774533, 94.44082516,  99.9
128, 157, 29.77544886, 94.43607323,  99.9
129, 157, 29.77314697, 94.43123888,  99.9
130, 157, 29.77083920, 94.42632109,  99.9
131, 157, 29.76852504, 94.42131886,  99.9
132, 157, 29.76620401, 94.41623114,  99.9
133, 157, 29.76387561, 94.41105689,  99.9
134, 157, 29.76153935, 94.40579503,  99.9
135, 157, 29.75919473, 94.40044449,  99.9
136, 157, 29.75684125, 94.39500414,  99.9
137, 157, 29.75447841, 94.38947288,  99.9
138, 157, 29.75210572, 94.38384955,  99.9
139, 157, 29.74972265, 94.37813299,  99.9
140, 157, 29.74732872, 94.37232203,  99.9
141, 157, 29.74492339, 94.36641546,  99.9
142, 157, 29.74250617, 94.36041206,  99.9
143, 157, 29.74007653, 94.35431059,  99.9
144, 157, 29.73763396, 94.34810980,  99.9
145, 157, 29.73517793, 94.34180839,  99.9
146, 157, 29.73270793, 94.33540507,  99.9
147, 157, 29.73022341, 94.32889853,  99.9
148, 157, 29.72772384, 94.32228740,   7.2
149, 157, 29.72520870, 94.31557033,   7.2
150, 157, 29.72267744, 94.30874594,   7.1
151, 157, 29.72012952, 94.30181281,   7.0
152, 157, 29.71756440, 94.29476951,   7.0
153, 157, 29.71498151, 94.28761459,   6.9
154, 157, 29.71238030, 94.28034658,   6.8
155, 157, 29.70976022, 94.27296396,   6.9
156, 157, 29.70712070, 94.26546523,   6.9
157, 157, 29.70446117, 94.25784883,   7.0
158, 157, 29.70178106, 94.25011319,   7.1
159, 157, 29.69907979, 94.24225672,   7.2
160, 157, 29.69635677, 94.23427780,   7.4
161, 157, 29.69361141, 94.22617478,   7.5
162, 157, 29.69084313, 94.21794599,   7.7
163, 157, 29.68805133, 94.20958973,   7.7
164, 157, 29.68523539, 94.20110429,   7.7
165, 157, 29.68239470, 94.19248791,   7.7
166, 157, 29.67952866, 94.18373881,   7.7
167, 157, 29.67663664, 94.17485521,   7.7
168, 157, 29.67371800, 94.16583526,   7.7
169, 157, 29.67077212, 94.15667711,   7.9
170, 157, 29.66779834, 94.14737887,   8.1
171, 157, 29.66479604, 94.13793863,   8.3
172, 157, 29.66176454, 94.12835445,   8.4
173, 157, 29.65870318, 94.11862434,   8.5
174, 157, 29.65561131, 94.10874632,   8.5
175, 157, 29.65248823, 94.09871834,   8.4
176, 157, 29.64933327, 94.08853834,   8.4
177, 157, 29.64614574, 94.07820424,   8.3
178, 157, 29.64292493, 94.06771389,   8.3
179, 157, 29.63967014, 94.05706516,   8.2
180, 157, 29.63638065, 94.04625584,   8.1
181, 157, 29.63305574, 94.03528371,   8.0
182, 157, 29.62969468, 94.02414652,   7.9
183, 157, 29.62629673, 94.01284199,   7.9
184, 157, 29.62286113, 94.00136778,   7.9
185, 157, 29.61938713, 93.98972154,   7.8
186, 157, 29.61587396, 93.97790088,   7.8
187, 157, 29.61232084, 93.96590338,   7.8
188, 157, 29.60872699, 93.95372656,   7.8
189, 157, 29.60509160, 93.94136793,   7.8
190, 157, 29.60141388, 93.92882495,   7.8
191, 157, 29.59769299, 93.91609506,   7.8
192, 157, 29.59392812, 93.90317563,   7.8
193, 157, 29.59011843, 93.89006402,   7.7
194, 157, 29.58626306, 93.87675754,   7.6
195, 157, 29.58236115, 93.86325346,   7.5
196, 157, 29.57841184, 93.84954901,   7.4
197, 157, 29.57441424, 93.83564139,   7.3
198, 157, 29.57036746, 93.82152775,   7.2
199, 157, 29.56627058, 93.80720519,   7.0
200, 157, 29.56212268, 93.79267079,   6.9
201, 157, 29.55792284, 93.77792156,   6.8
202, 157, 29.55367011, 93.76295450,   6.7
203, 157, 29.54936353, 93.74776653,   6.6
204, 157, 29.54500212, 93.73235454,   6.5
205, 157, 29.54058491, 93.71671540,   6.4
206, 157, 29.53611090, 93.70084590,   6.3
207, 157, 29.53157906, 93.68474279,   6.2
208, 157, 29.52698838, 93.66840279,   6.1
209, 157, 29.52233780, 93.65182256,   6.0
210, 157, 29.51762628, 93.63499870,   5.9
211, 157, 29.51285274, 93.61792780,   5.8
212, 157, 29.50801609, 93.60060636,   5.7
213, 157, 29.50311523, 93.58303084,   5.7
214, 157, 29.49814904, 93.56519767,   5.6
215, 157, 29.49311638, 93.54710320,   5.5
216, 157, 29.48801609, 93.52874375,   5.4
217, 157, 29.48284701, 93.51011558,   5.4
218, 157, 29.47760796, 93.49121489,   5.3
219, 157, 29.47229771, 93.47203782,   5.2
220, 157, 29.46691506, 93.45258048,   5.2
221, 157, 29.46145875, 93.43283891,   5.1
222, 157, 29.45592752, 93.41280909,   5.1
223, 157, 29.45032010, 93.39248695,   5.0
224, 157, 29.44463519, 93.37186835,   4.9
225, 157, 29.43887146, 93.35094910,   4.9
226, 157, 29.43302757, 93.32972495,   4.9
227, 157, 29.42710217, 93.30819160,   4.8
228, 157, 29.42109386, 93.28634467,   4.7
229, 157, 29.41500126, 93.26417973,   4.7
230, 157, 29.40882293, 93.24169227,   4.6
231, 157, 29.40255742, 93.21887775,   4.5
232, 157, 29.39620326, 93.19573154,   4.5
233, 157, 29.38975896, 93.17224895,   4.4
234, 157, 29.38322300, 93.14842521,   4.3
235, 157, 29.37659384, 93.12425552,   4.3
236, 157, 29.36986991, 93.09973498,   4.2
237, 157, 29.36304963, 93.07485862,   4.1
238, 157, 29.35613137, 93.04962143,   4.1
239, 157, 29.34911349, 93.02401830,   4.0
240, 157, 29.34199432, 92.99804405,   3.9
241, 157, 29.33477217, 92.97169345,   3.9
  1, 158, 30.20313701, 94.56551461,  99.9
  2, 158, 30.19696419, 94.56766655,  99.9
  3, 158, 30.19087387, 94.56976273,  99.9
  4, 158, 30.18486480, 94.57180359,  99.9
  5, 158, 30.17893571, 94.57378958,  99.9
  6, 158, 30.17308539, 94.57572112,  99.9
  7, 158, 30.16731261, 94.57759862,  99.9
  8, 158, 30.16161619, 94.57942250,  99.9
  9, 158, 30.15599493, 94.58119315,  99.9
 10, 158, 30.15044767, 94.58291094,  99.9
 11, 158, 30.14497325, 94.58457625,  99.9
 12, 158, 30.13957055, 94.58618943,  99.9
 13, 158, 30.13423843, 94.58775083,  99.9
 14, 158, 30.12897580, 94.58926080,  99.9
 15, 158, 30.12378155, 94.59071965,  99.9
 16, 158, 30.11865461, 94.59212770,  99.9
 17, 158, 30.11359391, 94.59348526,  99.9
 18, 158, 30.10859840, 94.59479261,  99.9
 19, 158, 30.10366705, 94.59605004,  99.9
 20, 158, 30.09879883, 94.59725781,  99.9
 21, 158, 30.09399273, 94.59841620,  99.9
 22, 158, 30.08924775, 94.59952545,  99.9
 23, 158, 30.08456290, 94.60058581,  99.9
 24, 158, 30.07993721, 94.60159749,  99.9
 25, 158, 30.07536972, 94.60256072,  99.9
 26, 158, 30.07085947, 94.60347571,  99.9
 27, 158, 30.06640555, 94.60434265,  99.9
 28, 158, 30.06200700, 94.60516174,  99.9
 29, 158, 30.05766293, 94.60593315,  99.9
 30, 158, 30.05337243, 94.60665706,  99.9
 31, 158, 30.04913461, 94.60733361,  99.9
 32, 158, 30.04494858, 94.60796296,  99.9
 33, 158, 30.04081348, 94.60854524,  99.9
 34, 158, 30.03672845, 94.60908059,  99.9
 35, 158, 30.03269263, 94.60956912,  99.9
 36, 158, 30.02870519, 94.61001093,  99.9
 37, 158, 30.02476530, 94.61040613,  99.9
 38, 158, 30.02087214, 94.61075481,  99.9
 39, 158, 30.01702490, 94.61105704,  99.9
 40, 158, 30.01322277, 94.61131289,  99.9
 41, 158, 30.00946498, 94.61152243,  99.9
 42, 158, 30.00575073, 94.61168569,  99.9
 43, 158, 30.00207926, 94.61180272,  99.9
 44, 158, 29.99844980, 94.61187355,  99.9
 45, 158, 29.99486159, 94.61189820,  99.9
 46, 158, 29.99131390, 94.61187668,  99.9
 47, 158, 29.98780597, 94.61180898,  99.9
 48, 158, 29.98433708, 94.61169511,  99.9
 49, 158, 29.98090652, 94.61153504,  99.9
 50, 158, 29.97751356, 94.61132874,  99.9
 51, 158, 29.97415749, 94.61107617,  99.9
 52, 158, 29.97083763, 94.61077729,  99.9
 53, 158, 29.96755328, 94.61043204,  99.9
 54, 158, 29.96430375, 94.61004035,  99.9
 55, 158, 29.96108837, 94.60960213,  99.9
 56, 158, 29.95790647, 94.60911732,  99.9
 57, 158, 29.95475738, 94.60858580,  99.9
 58, 158, 29.95164046, 94.60800747,  99.9
 59, 158, 29.94855505, 94.60738222,  99.9
 60, 158, 29.94550051, 94.60670992,  99.9
 61, 158, 29.94247620, 94.60599043,  99.9
 62, 158, 29.93948149, 94.60522361,  99.9
 63, 158, 29.93651576, 94.60440929,  99.9
 64, 158, 29.93357839, 94.60354733,  99.9
 65, 158, 29.93066877, 94.60263753,  99.9
 66, 158, 29.92778630, 94.60167971,  99.9
 67, 158, 29.92493036, 94.60067368,  99.9
 68, 158, 29.92210037, 94.59961923,  99.9
 69, 158, 29.91929574, 94.59851614,  99.9
 70, 158, 29.91651587, 94.59736419,  99.9
 71, 158, 29.91376020, 94.59616315,  99.9
 72, 158, 29.91102815, 94.59491276,  99.9
 73, 158, 29.90831914, 94.59361276,  99.9
 74, 158, 29.90563261, 94.59226290,  99.9
 75, 158, 29.90296801, 94.59086289,  99.9
 76, 158, 29.90032477, 94.58941244,  99.9
 77, 158, 29.89770234, 94.58791126,  99.9
 78, 158, 29.89510018, 94.58635904,  99.9
 79, 158, 29.89251774, 94.58475545,  99.9
 80, 158, 29.88995448, 94.58310017,  99.9
 81, 158, 29.88740988, 94.58139285,  99.9
 82, 158, 29.88488338, 94.57963315,  99.9
 83, 158, 29.88237448, 94.57782069,  99.9
 84, 158, 29.87988264, 94.57595511,  99.9
 85, 158, 29.87740735, 94.57403601,  99.9
 86, 158, 29.87494808, 94.57206301,  99.9
 87, 158, 29.87250433, 94.57003570,  99.9
 88, 158, 29.87007557, 94.56795365,  99.9
 89, 158, 29.86766131, 94.56581644,  99.9
 90, 158, 29.86526104, 94.56362362,  99.9
 91, 158, 29.86287425, 94.56137475,  99.9
 92, 158, 29.86050045, 94.55906935,  99.9
 93, 158, 29.85813914, 94.55670695,  99.9
 94, 158, 29.85578982, 94.55428707,  99.9
 95, 158, 29.85345201, 94.55180919,  99.9
 96, 158, 29.85112521, 94.54927281,  99.9
 97, 158, 29.84880893, 94.54667741,  99.9
 98, 158, 29.84650270, 94.54402245,  99.9
 99, 158, 29.84420602, 94.54130737,  99.9
100, 158, 29.84191842, 94.53853162,  99.9
101, 158, 29.83963941, 94.53569462,  99.9
102, 158, 29.83736852, 94.53279579,  99.9
103, 158, 29.83510527, 94.52983452,  99.9
104, 158, 29.83284919, 94.52681021,  99.9
105, 158, 29.83059979, 94.52372222,  99.9
106, 158, 29.82835662, 94.52056992,  99.9
107, 158, 29.82611919, 94.51735266,  99.9
108, 158, 29.82388704, 94.51406977,  99.9
109, 158, 29.82165970, 94.51072057,  99.9
110, 158, 29.81943670, 94.50730437,  99.9
111, 158, 29.81721757, 94.50382046,  99.9
112, 158, 29.81500184, 94.50026812,  99.9
113, 158, 29.81278905, 94.49664662,  99.9
114, 158, 29.81057873, 94.49295520,  99.9
115, 158, 29.80837042, 94.48919310,  99.9
116, 158, 29.80616365, 94.48535955,  99.9
117, 158, 29.80395795, 94.48145375,  99.9
118, 158, 29.80175286, 94.47747489,  99.9
119, 158, 29.79954792, 94.47342215,  99.9
120, 158, 29.79734266, 94.46929469,  99.9
121, 158, 29.79513660, 94.46509166,  99.9
122, 158, 29.79292930, 94.46081218,  99.9
123, 158, 29.79072027, 94.45645538,  99.9
124, 158, 29.78850906, 94.45202035,  99.9
125, 158, 29.78629518, 94.44750617,  99.9
126, 158, 29.78407819, 94.44291191,  99.9
127, 158, 29.78185760, 94.43823662,  99.9
128, 158, 29.77963294, 94.43347933,  99.9
129, 158, 29.77740375, 94.42863906,  99.9
130, 158, 29.77516955, 94.42371481,  99.9
131, 158, 29.77292986, 94.41870555,  99.9
132, 158, 29.77068421, 94.41361027,  99.9
133, 158, 29.76843213, 94.40842788,  99.9
134, 158, 29.76617313, 94.40315734,  99.9
135, 158, 29.76390673, 94.39779755,  99.9
136, 158, 29.76163246, 94.39234740,  99.9
137, 158, 29.75934982, 94.38680575,  99.9
138, 158, 29.75705833, 94.38117148,  99.9
139, 158, 29.75475750, 94.37544341,  99.9
140, 158, 29.75244684, 94.36962037,  99.9
141, 158, 29.75012586, 94.36370113,  99.9
142, 158, 29.74779406, 94.35768449,  99.9
143, 158, 29.74545094, 94.35156920,  99.9
144, 158, 29.74309600, 94.34535400,  99.9
145, 158, 29.74072874, 94.33903759,  99.9
146, 158, 29.73834865, 94.33261869,  99.9
147, 158, 29.73595522, 94.32609596,   7.3
148, 158, 29.73354794, 94.31946805,   7.3
149, 158, 29.73112628, 94.31273359,   7.2
150, 158, 29.72868973, 94.30589120,   7.1
151, 158, 29.72623777, 94.29893946,   7.0
152, 158, 29.72376987, 94.29187694,   6.9
153, 158, 29.72128550, 94.28470217,   6.9
154, 158, 29.71878411, 94.27741369,   6.8
155, 158, 29.71626518, 94.27000997,   6.8
156, 158, 29.71372816, 94.26248950,   6.8
157, 158, 29.71117249, 94.25485072,   6.9
158, 158, 29.70859764, 94.24709206,   7.0
159, 158, 29.70600304, 94.23921192,   7.1
160, 158, 29.70338812, 94.23120866,   7.3
161, 158, 29.70075234, 94.22308064,   7.4
162, 158, 29.69809510, 94.21482619,   7.5
163, 158, 29.69541584, 94.20644360,   7.6
164, 158, 29.69271397, 94.19793114,   7.7
165, 158, 29.68998891, 94.18928705,   7.7
166, 158, 29.68724006, 94.18050956,   7.7
167, 158, 29.68446683, 94.17159686,   7.7
168, 158, 29.68166861, 94.16254710,   7.7
169, 158, 29.67884479, 94.15335844,   7.7
170, 158, 29.67599475, 94.14402896,   7.9
171, 158, 29.67311787, 94.13455675,   8.1
172, 158, 29.67021353, 94.12493986,   8.3
173, 158, 29.66728108, 94.11517630,   8.3
174, 158, 29.66431988, 94.10526407,   8.3
175, 158, 29.66132929, 94.09520113,   8.4
176, 158, 29.65830864, 94.08498541,   8.4
177, 158, 29.65525728, 94.07461479,   8.3
178, 158, 29.65217453, 94.06408716,   8.3
179, 158, 29.64905971, 94.05340033,   8.2
180, 158, 29.64591214, 94.04255212,   8.2
181, 158, 29.64273112, 94.03154029,   8.1
182, 158, 29.63951595, 94.02036258,   8.0
183, 158, 29.63626592, 94.00901669,   8.0
184, 158, 29.63298031, 93.99750028,   7.9
185, 158, 29.62965838, 93.98581100,   7.9
186, 158, 29.62629941, 93.97394643,   7.9
187, 158, 29.62290265, 93.96190413,   7.9
188, 158, 29.61946734, 93.94968165,   7.9
189, 158, 29.61599272, 93.93727646,   7.9
190, 158, 29.61247801, 93.92468601,   7.9
191, 158, 29.60892244, 93.91190773,   8.0
192, 158, 29.60532519, 93.89893899,   8.0
193, 158, 29.60168548, 93.88577713,   7.9
194, 158, 29.59800249, 93.87241944,   7.8
195, 158, 29.59427538, 93.85886319,   7.7
196, 158, 29.59050333, 93.84510559,   7.6
197, 158, 29.58668549, 93.83114383,   7.5
198, 158, 29.58282100, 93.81697505,   7.4
199, 158, 29.57890898, 93.80259633,   7.2
200, 158, 29.57494856, 93.78800473,   7.1
201, 158, 29.57093885, 93.77319727,   7.0
202, 158, 29.56687893, 93.75817091,   6.8
203, 158, 29.56276788, 93.74292257,   6.7
204, 158, 29.55860478, 93.72744913,   6.6
205, 158, 29.55438868, 93.71174742,   6.5
206, 158, 29.55011862, 93.69581424,   6.4
207, 158, 29.54579363, 93.67964632,   6.3
208, 158, 29.54141273, 93.66324036,   6.2
209, 158, 29.53697491, 93.64659299,   6.1
210, 158, 29.53247916, 93.62970082,   6.0
211, 158, 29.52792445, 93.61256040,   5.9
212, 158, 29.52330975, 93.59516823,   5.8
213, 158, 29.51863398, 93.57752075,   5.8
214, 158, 29.51389608, 93.55961435,   5.7
215, 158, 29.50909496, 93.54144539,   5.6
216, 158, 29.50422950, 93.52301016,   5.5
217, 158, 29.49929860, 93.50430490,   5.4
218, 158, 29.49430110, 93.48532578,   5.4
219, 158, 29.48923585, 93.46606895,   5.3
220, 158, 29.48410167, 93.44653048,   5.3
221, 158, 29.47889738, 93.42670638,   5.2
222, 158, 29.47362176, 93.40659263,   5.2
223, 158, 29.46827359, 93.38618512,   5.1
224, 158, 29.46285162, 93.36547970,   5.0
225, 158, 29.45735458, 93.34447216,   5.0
226, 158, 29.45178118, 93.32315823,   5.0
227, 158, 29.44613013, 93.30153356,   4.9
228, 158, 29.44040008, 93.27959378,   4.8
229, 158, 29.43458970, 93.25733442,   4.8
230, 158, 29.42869762, 93.23475096,   4.7
231, 158, 29.42272244, 93.21183881,   4.7
232, 158, 29.41666275, 93.18859333,   4.6
233, 158, 29.41051713, 93.16500981,   4.5
234, 158, 29.40428411, 93.14108345,   4.5
235, 158, 29.39796221, 93.11680941,   4.4
236, 158, 29.39154993, 93.09218277,   4.4
237, 158, 29.38504573, 93.06719855,   4.3
238, 158, 29.37844807, 93.04185169,   4.2
239, 158, 29.37175537, 93.01613706,   4.2
240, 158, 29.36496603, 92.99004945,   4.1
241, 158, 29.35807840, 92.96358360,   4.1
  1, 159, 30.20120130, 94.55838889,  99.9
  2, 159, 30.19507765, 94.56063676,  99.9
  3, 159, 30.18903610, 94.56282738,  99.9
  4, 159, 30.18307541, 94.56496123,  99.9
  5, 159, 30.17719433, 94.56703877,  99.9
  6, 159, 30.17139165, 94.56906045,  99.9
  7, 159, 30.16566615, 94.57102669,  99.9
  8, 159, 30.16001666, 94.57293793,  99.9
  9, 159, 30.15444200, 94.57479457,  99.9
 10, 159, 30.14894100, 94.57659701,  99.9
 11, 159, 30.14351254, 94.57834564,  99.9
 12, 159, 30.13815547, 94.58004085,  99.9
 13, 159, 30.13286870, 94.58168298,  99.9
 14, 159, 30.12765111, 94.58327240,  99.9
 15, 159, 30.12250164, 94.58480945,  99.9
 16, 159, 30.11741920, 94.58629446,  99.9
 17, 159, 30.11240275, 94.58772775,  99.9
 18, 159, 30.10745123, 94.58910963,  99.9
 19, 159, 30.10256363, 94.59044040,  99.9
 20, 159, 30.09773892, 94.59172034,  99.9
 21, 159, 30.09297611, 94.59294972,  99.9
 22, 159, 30.08827420, 94.59412883,  99.9
 23, 159, 30.08363222, 94.59525790,  99.9
 24, 159, 30.07904921, 94.59633719,  99.9
 25, 159, 30.07452420, 94.59736692,  99.9
 26, 159, 30.07005627, 94.59834732,  99.9
 27, 159, 30.06564448, 94.59927861,  99.9
 28, 159, 30.06128791, 94.60016097,  99.9
 29, 159, 30.05698567, 94.60099462,  99.9
 30, 159, 30.05273685, 94.60177972,  99.9
 31, 159, 30.04854057, 94.60251644,  99.9
 32, 159, 30.04439597, 94.60320496,  99.9
 33, 159, 30.04030217, 94.60384541,  99.9
 34, 159, 30.03625833, 94.60443794,  99.9
 35, 159, 30.03226361, 94.60498268,  99.9
 36, 159, 30.02831717, 94.60547975,  99.9
 37, 159, 30.02441820, 94.60592925,  99.9
 38, 159, 30.02056589, 94.60633129,  99.9
 39, 159, 30.01675943, 94.60668596,  99.9
 40, 159, 30.01299803, 94.60699333,  99.9
 41, 159, 30.00928091, 94.60725349,  99.9
 42, 159, 30.00560730, 94.60746647,  99.9
 43, 159, 30.00197643, 94.60763235,  99.9
 44, 159, 29.99838755, 94.60775115,  99.9
 45, 159, 29.99483992, 94.60782290,  99.9
 46, 159, 29.99133278, 94.60784763,  99.9
 47, 159, 29.98786542, 94.60782535,  99.9
 48, 159, 29.98443711, 94.60775606,  99.9
 49, 159, 29.98104714, 94.60763973,  99.9
 50, 159, 29.97769480, 94.60747637,  99.9
 51, 159, 29.97437939, 94.60726594,  99.9
 52, 159, 29.97110023, 94.60700839,  99.9
 53, 159, 29.96785664, 94.60670368,  99.9
 54, 159, 29.96464793, 94.60635175,  99.9
 55, 159, 29.96147344, 94.60595253,  99.9
 56, 159, 29.95833251, 94.60550594,  99.9
 57, 159, 29.95522448, 94.60501190,  99.9
 58, 159, 29.95214872, 94.60447030,  99.9
 59, 159, 29.94910456, 94.60388103,  99.9
 60, 159, 29.94609139, 94.60324398,  99.9
 61, 159, 29.94310858, 94.60255902,  99.9
 62, 159, 29.94015549, 94.60182601,  99.9
 63, 159, 29.93723153, 94.60104479,  99.9
 64, 159, 29.93433608, 94.60021522,  99.9
 65, 159, 29.93146853, 94.59933711,  99.9
 66, 159, 29.92862828, 94.59841030,  99.9
 67, 159, 29.92581476, 94.59743459,  99.9
 68, 159, 29.92302736, 94.59640979,  99.9
 69, 159, 29.92026551, 94.59533567,  99.9
 70, 159, 29.91752864, 94.59421203,  99.9
 71, 159, 29.91481616, 94.59303863,  99.9
 72, 159, 29.91212752, 94.59181524,  99.9
 73, 159, 29.90946216, 94.59054159,  99.9
 74, 159, 29.90681951, 94.58921743,  99.9
 75, 159, 29.90419904, 94.58784248,  99.9
 76, 159, 29.90160018, 94.58641647,  99.9
 77, 159, 29.89902240, 94.58493909,  99.9
 78, 159, 29.89646516, 94.58341005,  99.9
 79, 159, 29.89392793, 94.58182903,  99.9
 80, 159, 29.89141017, 94.58019570,  99.9
 81, 159, 29.88891137, 94.57850972,  99.9
 82, 159, 29.88643099, 94.57677076,  99.9
 83, 159, 29.88396852, 94.57497844,  99.9
 84, 159, 29.88152345, 94.57313240,  99.9
 85, 159, 29.87909526, 94.57123227,  99.9
 86, 159, 29.87668345, 94.56927763,  99.9
 87, 159, 29.87428751, 94.56726810,  99.9
 88, 159, 29.87190695, 94.56520325,  99.9
 89, 159, 29.86954125, 94.56308267,  99.9
 90, 159, 29.86718994, 94.56090590,  99.9
 91, 159, 29.86485251, 94.55867251,  99.9
 92, 159, 29.86252848, 94.55638203,  99.9
 93, 159, 29.86021736, 94.55403398,  99.9
 94, 159, 29.85791867, 94.55162789,  99.9
 95, 159, 29.85563193, 94.54916324,  99.9
 96, 159, 29.85335664, 94.54663954,  99.9
 97, 159, 29.85109235, 94.54405627,  99.9
 98, 159, 29.84883858, 94.54141288,  99.9
 99, 159, 29.84659484, 94.53870883,  99.9
100, 159, 29.84436068, 94.53594356,  99.9
101, 159, 29.84213562, 94.53311650,  99.9
102, 159, 29.83991920, 94.53022706,  99.9
103, 159, 29.83771094, 94.52727465,  99.9
104, 159, 29.83551040, 94.52425865,  99.9
105, 159, 29.83331709, 94.52117845,  99.9
106, 159, 29.83113057, 94.51803339,  99.9
107, 159, 29.82895038, 94.51482284,  99.9
108, 159, 29.82677605, 94.51154613,  99.9
109, 159, 29.82460713, 94.50820258,  99.9
110, 159, 29.82244316, 94.50479150,  99.9
111, 159, 29.82028368, 94.50131218,  99.9
112, 159, 29.81812825, 94.49776390,  99.9
113, 159, 29.81597641, 94.49414592,  99.9
114, 159, 29.81382769, 94.49045751,  99.9
115, 159, 29.81168166, 94.48669789,  99.9
116, 159, 29.80953786, 94.48286629,  99.9
117, 159, 29.80739583, 94.47896192,  99.9
118, 159, 29.80525513, 94.47498396,  99.9
119, 159, 29.80311530, 94.47093159,  99.9
120, 159, 29.80097589, 94.46680398,  99.9
121, 159, 29.79883644, 94.46260027,  99.9
122, 159, 29.79669651, 94.45831959,  99.9
123, 159, 29.79455564, 94.45396105,  99.9
124, 159, 29.79241338, 94.44952376,  99.9
125, 159, 29.79026927, 94.44500679,  99.9
126, 159, 29.78812287, 94.44040921,  99.9
127, 159, 29.78597371, 94.43573007,  99.9
128, 159, 29.78382134, 94.43096840,  99.9
129, 159, 29.78166530, 94.42612322,  99.9
130, 159, 29.77950514, 94.42119352,  99.9
131, 159, 29.77734039, 94.41617829,  99.9
132, 159, 29.77517060, 94.41107648,  99.9
133, 159, 29.77299531, 94.40588704,  99.9
134, 159, 29.77081404, 94.40060890,  99.9
135, 159, 29.76862634, 94.39524097,  99.9
136, 159, 29.76643175, 94.38978213,  99.9
137, 159, 29.76422978, 94.38423126,  99.9
138, 159, 29.76201998, 94.37858721,  99.9
139, 159, 29.75980187, 94.37284881,  99.9
140, 159, 29.75757497, 94.36701488,  99.9
141, 159, 29.75533882, 94.36108421,  99.9
142, 159, 29.75309293, 94.35505557,  99.9
143, 159, 29.75083682, 94.34892772,  99.9
144, 159, 29.74857001, 94.34269939,  99.9
145, 159, 29.74629201, 94.33636930,  99.9
146, 159, 29.74400234, 94.32993613,  99.9
147, 159, 29.74170050, 94.32339856,   7.3
148, 159, 29.73938600, 94.31675523,   7.2
149, 159, 29.73705833, 94.31000478,   7.2
150, 159, 29.73471701, 94.30314581,   7.1
151, 159, 29.73236153, 94.29617689,   7.0
152, 159, 29.72999137, 94.28909660,   6.9
153, 159, 29.72760603, 94.28190347,   6.9
154, 159, 29.72520499, 94.27459602,   6.8
155, 159, 29.72278774, 94.26717273,   6.8
156, 159, 29.72035374, 94.25963207,   6.8
157, 159, 29.71790249, 94.25197249,   6.9
158, 159, 29.71543343, 94.24419241,   6.9
159, 159, 29.71294605, 94.23629021,   7.1
160, 159, 29.71043979, 94.22826428,   7.2
161, 159, 29.70791412, 94.22011294,   7.3
162, 159, 29.70536849, 94.21183453,   7.3
163, 159, 29.70280233, 94.20342733,   7.5
164, 159, 29.70021511, 94.19488960,   7.6
165, 159, 29.69760624, 94.18621960,   7.7
166, 159, 29.69497517, 94.17741552,   7.7
167, 159, 29.69232132, 94.16847555,   7.7
168, 159, 29.68964410, 94.15939786,   7.7
169, 159, 29.68694293, 94.15018056,   7.7
170, 159, 29.68421723, 94.14082177,   7.8
171, 159, 29.68146639, 94.13131954,   8.0
172, 159, 29.67868982, 94.12167192,   8.1
173, 159, 29.67588689, 94.11187693,   8.1
174, 159, 29.67305700, 94.10193254,   8.1
175, 159, 29.67019952, 94.09183671,   8.2
176, 159, 29.66731383, 94.08158735,   8.3
177, 159, 29.66439928, 94.07118237,   8.3
178, 159, 29.66145524, 94.06061961,   8.3
179, 159, 29.65848105, 94.04989689,   8.2
180, 159, 29.65547606, 94.03901202,   8.2
181, 159, 29.65243960, 94.02796276,   8.1
182, 159, 29.64937100, 94.01674682,   8.1
183, 159, 29.64626958, 94.00536190,   8.0
184, 159, 29.64313465, 93.99380566,   8.0
185, 159, 29.63996550, 93.98207573,   7.9
186, 159, 29.63676145, 93.97016968,   7.9
187, 159, 29.63352176, 93.95808508,   8.0
188, 159, 29.63024573, 93.94581944,   8.0
189, 159, 29.62693261, 93.93337023,   8.0
190, 159, 29.62358167, 93.92073490,   8.0
191, 159, 29.62019215, 93.90791086,   8.1
192, 159, 29.61676330, 93.89489547,   8.1
193, 159, 29.61329434, 93.88168605,   8.1
194, 159, 29.60978450, 93.86827989,   8.0
195, 159, 29.60623299, 93.85467425,   8.0
196, 159, 29.60263900, 93.84086633,   7.8
197, 159, 29.59900173, 93.82685329,   7.7
198, 159, 29.59532035, 93.81263227,   7.6
199, 159, 29.59159403, 93.79820033,   7.4
200, 159, 29.58782193, 93.78355454,   7.3
201, 159, 29.58400319, 93.76869187,   7.1
202, 159, 29.58013694, 93.75360929,   7.0
203, 159, 29.57622231, 93.73830370,   6.9
204, 159, 29.57225840, 93.72277197,   6.8
205, 159, 29.56824431, 93.70701092,   6.7
206, 159, 29.56417912, 93.69101732,   6.6
207, 159, 29.56006190, 93.67478789,   6.5
208, 159, 29.55589171, 93.65831931,   6.4
209, 159, 29.55166759, 93.64160822,   6.3
210, 159, 29.54738858, 93.62465119,   6.2
211, 159, 29.54305368, 93.60744476,   6.1
212, 159, 29.53866190, 93.58998540,   6.0
213, 159, 29.53421223, 93.57226955,   5.9
214, 159, 29.52970364, 93.55429359,   5.8
215, 159, 29.52513508, 93.53605385,   5.7
216, 159, 29.52050549, 93.51754659,   5.7
217, 159, 29.51581381, 93.49876805,   5.6
218, 159, 29.51105894, 93.47971439,   5.5
219, 159, 29.50623977, 93.46038171,   5.4
220, 159, 29.50135518, 93.44076608,   5.3
221, 159, 29.49640402, 93.42086350,   5.3
222, 159, 29.49138514, 93.40066991,   5.3
223, 159, 29.48629737, 93.38018119,   5.2
224, 159, 29.48113950, 93.35939316,   5.1
225, 159, 29.47591033, 93.33830160,   5.1
226, 159, 29.47060862, 93.31690222,   5.1
227, 159, 29.46523313, 93.29519064,   5.0
228, 159, 29.45978257, 93.27316246,   4.9
229, 159, 29.45425567, 93.25081321,   4.9
230, 159, 29.44865110, 93.22813832,   4.8
231, 159, 29.44296754, 93.20513320,   4.8
232, 159, 29.43720364, 93.18179317,   4.7
233, 159, 29.43135801, 93.15811349,   4.7
234, 159, 29.42542927, 93.13408935,   4.6
235, 159, 29.41941600, 93.10971588,   4.6
236, 159, 29.41331674, 93.08498814,   4.5
237, 159, 29.40713005, 93.05990111,   4.5
238, 159, 29.40085442, 93.03444971,   4.4
239, 159, 29.39448834, 93.00862877,   4.4
240, 159, 29.38803029, 92.98243308,   4.3
241, 159, 29.38147868, 92.95585733,   4.3
  1, 160, 30.19918178, 94.55132089,  99.9
  2, 160, 30.19310859, 94.55366420,  99.9
  3, 160, 30.18711708, 94.55594880,  99.9
  4, 160, 30.18120602, 94.55817519,  99.9
  5, 160, 30.17537418, 94.56034383,  99.9
  6, 160, 30.16962035, 94.56245521,  99.9
  7, 160, 30.16394333, 94.56450976,  99.9
  8, 160, 30.15834196, 94.56650794,  99.9
  9, 160, 30.15281505, 94.56845018,  99.9
 10, 160, 30.14736148, 94.57033689,  99.9
 11, 160, 30.14198010, 94.57216847,  99.9
 12, 160, 30.13666980, 94.57394533,  99.9
 13, 160, 30.13142947, 94.57566784,  99.9
 14, 160, 30.12625803, 94.57733637,  99.9
 15, 160, 30.12115441, 94.57895129,  99.9
 16, 160, 30.11611754, 94.58051294,  99.9
 17, 160, 30.11114637, 94.58202166,  99.9
 18, 160, 30.10623989, 94.58347777,  99.9
 19, 160, 30.10139705, 94.58488158,  99.9
 20, 160, 30.09661687, 94.58623341,  99.9
 21, 160, 30.09189835, 94.58753353,  99.9
 22, 160, 30.08724050, 94.58878223,  99.9
 23, 160, 30.08264236, 94.58997978,  99.9
 24, 160, 30.07810298, 94.59112644,  99.9
 25, 160, 30.07362141, 94.59222245,  99.9
 26, 160, 30.06919672, 94.59326806,  99.9
 27, 160, 30.06482799, 94.59426348,  99.9
 28, 160, 30.06051431, 94.59520893,  99.9
 29, 160, 30.05625479, 94.59610462,  99.9
 30, 160, 30.05204854, 94.59695075,  99.9
 31, 160, 30.04789468, 94.59774749,  99.9
 32, 160, 30.04379236, 94.59849502,  99.9
 33, 160, 30.03974073, 94.59919350,  99.9
 34, 160, 30.03573893, 94.59984308,  99.9
 35, 160, 30.03178613, 94.60044391,  99.9
 36, 160, 30.02788153, 94.60099612,  99.9
 37, 160, 30.02402429, 94.60149982,  99.9
 38, 160, 30.02021363, 94.60195514,  99.9
 39, 160, 30.01644875, 94.60236217,  99.9
 40, 160, 30.01272886, 94.60272100,  99.9
 41, 160, 30.00905320, 94.60303171,  99.9
 42, 160, 30.00542099, 94.60329437,  99.9
 43, 160, 30.00183149, 94.60350905,  99.9
 44, 160, 29.99828394, 94.60367579,  99.9
 45, 160, 29.99477761, 94.60379463,  99.9
 46, 160, 29.99131177, 94.60386560,  99.9
 47, 160, 29.98788569, 94.60388873,  99.9
 48, 160, 29.98449867, 94.60386402,  99.9
 49, 160, 29.98115001, 94.60379147,  99.9
 50, 160, 29.97783899, 94.60367107,  99.9
 51, 160, 29.97456494, 94.60350281,  99.9
 52, 160, 29.97132717, 94.60328664,  99.9
 53, 160, 29.96812501, 94.60302254,  99.9
 54, 160, 29.96495779, 94.60271044,  99.9
 55, 160, 29.96182486, 94.60235029,  99.9
 56, 160, 29.95872555, 94.60194203,  99.9
 57, 160, 29.95565923, 94.60148555,  99.9
 58, 160, 29.95262526, 94.60098079,  99.9
 59, 160, 29.94962300, 94.60042762,  99.9
 60, 160, 29.94665183, 94.59982596,  99.9
 61, 160, 29.94371113, 94.59917566,  99.9
 62, 160, 29.94080029, 94.59847660,  99.9
 63, 160, 29.93791870, 94.59772865,  99.9
 64, 160, 29.93506577, 94.59693164,  99.9
 65, 160, 29.93224088, 94.59608541,  99.9
 66, 160, 29.92944347, 94.59518979,  99.9
 67, 160, 29.92667294, 94.59424461,  99.9
 68, 160, 29.92392872, 94.59324965,  99.9
 69, 160, 29.92121023, 94.59220473,  99.9
 70, 160, 29.91851692, 94.59110963,  99.9
 71, 160, 29.91584820, 94.58996412,  99.9
 72, 160, 29.91320354, 94.58876797,  99.9
 73, 160, 29.91058238, 94.58752093,  99.9
 74, 160, 29.90798417, 94.58622274,  99.9
 75, 160, 29.90540836, 94.58487314,  99.9
 76, 160, 29.90285443, 94.58347185,  99.9
 77, 160, 29.90032184, 94.58201859,  99.9
 78, 160, 29.89781006, 94.58051304,  99.9
 79, 160, 29.89531856, 94.57895491,  99.9
 80, 160, 29.89284683, 94.57734387,  99.9
 81, 160, 29.89039434, 94.57567959,  99.9
 82, 160, 29.88796059, 94.57396172,  99.9
 83, 160, 29.88554508, 94.57218991,  99.9
 84, 160, 29.88314728, 94.57036380,  99.9
 85, 160, 29.88076671, 94.56848301,  99.9
 86, 160, 29.87840286, 94.56654714,  99.9
 87, 160, 29.87605524, 94.56455581,  99.9
 88, 160, 29.87372335, 94.56250859,  99.9
 89, 160, 29.87140672, 94.56040507,  99.9
 90, 160, 29.86910486, 94.55824481,  99.9
 91, 160, 29.86681728, 94.55602736,  99.9
 92, 160, 29.86454351, 94.55375227,  99.9
 93, 160, 29.86228307, 94.55141906,  99.9
 94, 160, 29.86003548, 94.54902725,  99.9
 95, 160, 29.85780028, 94.54657635,  99.9
 96, 160, 29.85557699, 94.54406585,  99.9
 97, 160, 29.85336516, 94.54149523,  99.9
 98, 160, 29.85116431, 94.53886396,  99.9
 99, 160, 29.84897399, 94.53617150,  99.9
100, 160, 29.84679373, 94.53341728,  99.9
101, 160, 29.84462308, 94.53060074,  99.9
102, 160, 29.84246159, 94.52772130,  99.9
103, 160, 29.84030879, 94.52477836,  99.9
104, 160, 29.83816424, 94.52177130,  99.9
105, 160, 29.83602749, 94.51869951,  99.9
106, 160, 29.83389808, 94.51556236,  99.9
107, 160, 29.83177557, 94.51235919,  99.9
108, 160, 29.82965952, 94.50908933,  99.9
109, 160, 29.82754947, 94.50575212,  99.9
110, 160, 29.82544498, 94.50234686,  99.9
111, 160, 29.82334562, 94.49887285,  99.9
112, 160, 29.82125093, 94.49532936,  99.9
113, 160, 29.81916048, 94.49171567,  99.9
114, 160, 29.81707382, 94.48803103,  99.9
115, 160, 29.81499052, 94.48427467,  99.9
116, 160, 29.81291013, 94.48044581,  99.9
117, 160, 29.81083223, 94.47654367,  99.9
118, 160, 29.80875635, 94.47256743,  99.9
119, 160, 29.80668208, 94.46851628,  99.9
120, 160, 29.80460897, 94.46438937,  99.9
121, 160, 29.80253658, 94.46018585,  99.9
122, 160, 29.80046447, 94.45590485,  99.9
123, 160, 29.79839221, 94.45154548,  99.9
124, 160, 29.79631935, 94.44710684,  99.9
125, 160, 29.79424546, 94.44258802,  99.9
126, 160, 29.79217009, 94.43798808,  99.9
127, 160, 29.79009281, 94.43330605,  99.9
128, 160, 29.78801318, 94.42854099,  99.9
129, 160, 29.78593075, 94.42369190,  99.9
130, 160, 29.78384508, 94.41875777,  99.9
131, 160, 29.78175573, 94.41373759,  99.9
132, 160, 29.77966225, 94.40863032,  99.9
133, 160, 29.77756419, 94.40343490,  99.9
134, 160, 29.77546112, 94.39815025,  99.9
135, 160, 29.77335258, 94.39277529,  99.9
136, 160, 29.77123812, 94.38730890,  99.9
137, 160, 29.76911729, 94.38174995,  99.9
138, 160, 29.76698964, 94.37609728,  99.9
139, 160, 29.76485471, 94.37034974,  99.9
140, 160, 29.76271204, 94.36450613,  99.9
141, 160, 29.76056119, 94.35856525,  99.9
142, 160, 29.75840168, 94.35252586,  99.9
143, 160, 29.75623305, 94.34638672,  99.9
144, 160, 29.75405485, 94.34014655,  99.9
145, 160, 29.75186659, 94.33380407,  99.9
146, 160, 29.74966782, 94.32735797,  99.9
147, 160, 29.74745805, 94.32080691,  99.9
148, 160, 29.74523682, 94.31414954,   7.2
149, 160, 29.74300364, 94.30738448,   7.2
150, 160, 29.74075803, 94.30051034,   7.1
151, 160, 29.73849952, 94.29352570,   7.0
152, 160, 29.73622760, 94.28642910,   6.9
153, 160, 29.73394180, 94.27921909,   6.8
154, 160, 29.73164161, 94.27189418,   6.8
155, 160, 29.72932654, 94.26445285,   6.8
156, 160, 29.72699609, 94.25689357,   6.8
157, 160, 29.72464975, 94.24921477,   6.8
158, 160, 29.72228702, 94.24141486,   6.9
159, 160, 29.71990737, 94.23349225,   7.0
160, 160, 29.71751030, 94.22544529,   7.1
161, 160, 29.71509528, 94.21727232,   7.2
162, 160, 29.71266179, 94.20897165,   7.2
163, 160, 29.71020929, 94.20054158,   7.3
164, 160, 29.70773725, 94.19198035,   7.5
165, 160, 29.70524513, 94.18328621,   7.6
166, 160, 29.70273239, 94.17445736,   7.7
167, 160, 29.70019847, 94.16549197,   7.7
168, 160, 29.69764282, 94.15638821,   7.7
169, 160, 29.69506488, 94.14714419,   7.7
170, 160, 29.69246409, 94.13775800,   7.7
171, 160, 29.68983987, 94.12822771,   7.9
172, 160, 29.68719165, 94.11855136,   8.0
173, 160, 29.68451884, 94.10872694,   8.0
174, 160, 29.68182085, 94.09875244,   8.0
175, 160, 29.67909709, 94.08862580,   8.0
176, 160, 29.67634696, 94.07834493,   8.1
177, 160, 29.67356985, 94.06790771,   8.2
178, 160, 29.67076514, 94.05731200,   8.2
179, 160, 29.66793221, 94.04655560,   8.2
180, 160, 29.66507044, 94.03563632,   8.2
181, 160, 29.66217918, 94.02455188,   8.1
182, 160, 29.65925780, 94.01330003,   8.1
183, 160, 29.65630565, 94.00187843,   8.0
184, 160, 29.65332206, 93.99028473,   8.0
185, 160, 29.65030637, 93.97851656,   8.0
186, 160, 29.64725790, 93.96657149,   8.0
187, 160, 29.64417598, 93.95444706,   8.0
188, 160, 29.64105991, 93.94214078,   8.0
189, 160, 29.63790900, 93.92965012,   8.1
190, 160, 29.63472254, 93.91697251,   8.1
191, 160, 29.63149980, 93.90410533,   8.1
192, 160, 29.62824007, 93.89104596,   8.1
193, 160, 29.62494261, 93.87779170,   8.2
194, 160, 29.62160667, 93.86433983,   8.2
195, 160, 29.61823150, 93.85068759,   8.1
196, 160, 29.61481634, 93.83683217,   8.1
197, 160, 29.61136042, 93.82277073,   7.9
198, 160, 29.60786294, 93.80850039,   7.8
199, 160, 29.60432311, 93.79401820,   7.6
200, 160, 29.60074013, 93.77932120,   7.4
201, 160, 29.59711318, 93.76440638,   7.3
202, 160, 29.59344143, 93.74927067,   7.2
203, 160, 29.58972404, 93.73391097,   7.1
204, 160, 29.58596017, 93.71832413,   7.0
205, 160, 29.58214894, 93.70250696,   6.9
206, 160, 29.57828949, 93.68645621,   6.8
207, 160, 29.57438092, 93.67016859,   6.7
208, 160, 29.57042234, 93.65364078,   6.6
209, 160, 29.56641282, 93.63686937,   6.5
210, 160, 29.56235146, 93.61985095,   6.4
211, 160, 29.55823730, 93.60258202,   6.3
212, 160, 29.55406939, 93.58505905,   6.2
213, 160, 29.54984677, 93.56727846,   6.1
214, 160, 29.54556845, 93.54923661,   6.0
215, 160, 29.54123343, 93.53092980,   5.9
216, 160, 29.53684071, 93.51235431,   5.8
217, 160, 29.53238926, 93.49350632,   5.7
218, 160, 29.52787803, 93.47438199,   5.6
219, 160, 29.52330598, 93.45497742,   5.5
220, 160, 29.51867202, 93.43528863,   5.5
221, 160, 29.51397506, 93.41531162,   5.4
222, 160, 29.50921401, 93.39504231,   5.3
223, 160, 29.50438772, 93.37447655,   5.3
224, 160, 29.49949507, 93.35361015,   5.2
225, 160, 29.49453490, 93.33243887,   5.2
226, 160, 29.48950602, 93.31095838,   5.2
227, 160, 29.48440724, 93.28916431,   5.1
228, 160, 29.47923735, 93.26705222,   5.0
229, 160, 29.47399511, 93.24461761,   5.0
230, 160, 29.46867928, 93.22185590,   5.0
231, 160, 29.46328857, 93.19876248,   4.9
232, 160, 29.45782169, 93.17533264,   4.9
233, 160, 29.45227733, 93.15156161,   4.8
234, 160, 29.44665415, 93.12744457,   4.8
235, 160, 29.44095080, 93.10297662,   4.7
236, 160, 29.43516590, 93.07815279,   4.7
237, 160, 29.42929804, 93.05296803,   4.6
238, 160, 29.42334580, 93.02741724,   4.6
239, 160, 29.41730773, 93.00149524,   4.5
240, 160, 29.41118236, 92.97519676,   4.5
241, 160, 29.40496820, 92.94851648,   4.4
  1, 161, 30.19707889, 94.54431210,  99.9
  2, 161, 30.19105742, 94.54675035,  99.9
  3, 161, 30.18511721, 94.54912843,  99.9
  4, 161, 30.17925702, 94.55144687,  99.9
  5, 161, 30.17347564, 94.55370616,  99.9
  6, 161, 30.16777187, 94.55590678,  99.9
  7, 161, 30.16214452, 94.55804921,  99.9
  8, 161, 30.15659243, 94.56013391,  99.9
  9, 161, 30.15111445, 94.56216132,  99.9
 10, 161, 30.14570944, 94.56413188,  99.9
 11, 161, 30.14037627, 94.56604603,  99.9
 12, 161, 30.13511384, 94.56790415,  99.9
 13, 161, 30.12992106, 94.56970667,  99.9
 14, 161, 30.12479685, 94.57145396,  99.9
 15, 161, 30.11974015, 94.57314640,  99.9
 16, 161, 30.11474989, 94.57478435,  99.9
 17, 161, 30.10982506, 94.57636817,  99.9
 18, 161, 30.10496463, 94.57789820,  99.9
 19, 161, 30.10016758, 94.57937476,  99.9
 20, 161, 30.09543292, 94.58079818,  99.9
 21, 161, 30.09075967, 94.58216875,  99.9
 22, 161, 30.08614686, 94.58348678,  99.9
 23, 161, 30.08159353, 94.58475255,  99.9
 24, 161, 30.07709873, 94.58596633,  99.9
 25, 161, 30.07266152, 94.58712839,  99.9
 26, 161, 30.06828100, 94.58823897,  99.9
 27, 161, 30.06395624, 94.58929831,  99.9
 28, 161, 30.05968635, 94.59030665,  99.9
 29, 161, 30.05547045, 94.59126420,  99.9
 30, 161, 30.05130765, 94.59217116,  99.9
 31, 161, 30.04719709, 94.59302774,  99.9
 32, 161, 30.04313791, 94.59383412,  99.9
 33, 161, 30.03912928, 94.59459048,  99.9
 34, 161, 30.03517036, 94.59529697,  99.9
 35, 161, 30.03126032, 94.59595376,  99.9
 36, 161, 30.02739836, 94.59656099,  99.9
 37, 161, 30.02358367, 94.59711879,  99.9
 38, 161, 30.01981545, 94.59762728,  99.9
 39, 161, 30.01609293, 94.59808657,  99.9
 40, 161, 30.01241533, 94.59849678,  99.9
 41, 161, 30.00878189, 94.59885798,  99.9
 42, 161, 30.00519185, 94.59917025,  99.9
 43, 161, 30.00164445, 94.59943368,  99.9
 44, 161, 29.99813898, 94.59964832,  99.9
 45, 161, 29.99467469, 94.59981422,  99.9
 46, 161, 29.99125087, 94.59993142,  99.9
 47, 161, 29.98786680, 94.59999995,  99.9
 48, 161, 29.98452178, 94.60001982,  99.9
 49, 161, 29.98121511, 94.59999105,  99.9
 50, 161, 29.97794611, 94.59991364,  99.9
 51, 161, 29.97471409, 94.59978758,  99.9
 52, 161, 29.97151839, 94.59961284,  99.9
 53, 161, 29.96835833, 94.59938939,  99.9
 54, 161, 29.96523327, 94.59911718,  99.9
 55, 161, 29.96214254, 94.59879618,  99.9
 56, 161, 29.95908551, 94.59842631,  99.9
 57, 161, 29.95606154, 94.59800750,  99.9
 58, 161, 29.95306999, 94.59753967,  99.9
 59, 161, 29.95011025, 94.59702272,  99.9
 60, 161, 29.94718171, 94.59645656,  99.9
 61, 161, 29.94428374, 94.59584106,  99.9
 62, 161, 29.94141575, 94.59517610,  99.9
 63, 161, 29.93857714, 94.59446155,  99.9
 64, 161, 29.93576731, 94.59369727,  99.9
 65, 161, 29.93298569, 94.59288309,  99.9
 66, 161, 29.93023169, 94.59201885,  99.9
 67, 161, 29.92750473, 94.59110438,  99.9
 68, 161, 29.92480426, 94.59013949,  99.9
 69, 161, 29.92212970, 94.58912397,  99.9
 70, 161, 29.91948051, 94.58805763,  99.9
 71, 161, 29.91685611, 94.58694025,  99.9
 72, 161, 29.91425598, 94.58577158,  99.9
 73, 161, 29.91167957, 94.58455141,  99.9
 74, 161, 29.90912633, 94.58327946,  99.9
 75, 161, 29.90659574, 94.58195549,  99.9
 76, 161, 29.90408727, 94.58057921,  99.9
 77, 161, 29.90160039, 94.57915036,  99.9
 78, 161, 29.89913458, 94.57766862,  99.9
 79, 161, 29.89668934, 94.57613370,  99.9
 80, 161, 29.89426415, 94.57454528,  99.9
 81, 161, 29.89185850, 94.57290303,  99.9
 82, 161, 29.88947189, 94.57120662,  99.9
 83, 161, 29.88710383, 94.56945569,  99.9
 84, 161, 29.88475381, 94.56764988,  99.9
 85, 161, 29.88242134, 94.56578882,  99.9
 86, 161, 29.88010595, 94.56387213,  99.9
 87, 161, 29.87780713, 94.56189940,  99.9
 88, 161, 29.87552442, 94.55987023,  99.9
 89, 161, 29.87325734, 94.55778421,  99.9
 90, 161, 29.87100541, 94.55564090,  99.9
 91, 161, 29.86876816, 94.55343985,  99.9
 92, 161, 29.86654511, 94.55118062,  99.9
 93, 161, 29.86433582, 94.54886273,  99.9
 94, 161, 29.86213980, 94.54648570,  99.9
 95, 161, 29.85995661, 94.54404905,  99.9
 96, 161, 29.85778579, 94.54155227,  99.9
 97, 161, 29.85562687, 94.53899485,  99.9
 98, 161, 29.85347941, 94.53637624,  99.9
 99, 161, 29.85134296, 94.53369592,  99.9
100, 161, 29.84921706, 94.53095333,  99.9
101, 161, 29.84710128, 94.52814790,  99.9
102, 161, 29.84499517, 94.52527904,  99.9
103, 161, 29.84289828, 94.52234617,  99.9
104, 161, 29.84081017, 94.51934868,  99.9
105, 161, 29.83873041, 94.51628595,  99.9
106, 161, 29.83665856, 94.51315734,  99.9
107, 161, 29.83459419, 94.50996221,  99.9
108, 161, 29.83253685, 94.50669989,  99.9
109, 161, 29.83048611, 94.50336971,  99.9
110, 161, 29.82844155, 94.49997097,  99.9
111, 161, 29.82640274, 94.49650299,  99.9
112, 161, 29.82436923, 94.49296503,  99.9
113, 161, 29.82234061, 94.48935637,  99.9
114, 161, 29.82031644, 94.48567626,  99.9
115, 161, 29.81829631, 94.48192393,  99.9
116, 161, 29.81627977, 94.47809861,  99.9
117, 161, 29.81426642, 94.47419951,  99.9
118, 161, 29.81225581, 94.47022582,  99.9
119, 161, 29.81024753, 94.46617672,  99.9
120, 161, 29.80824115, 94.46205136,  99.9
121, 161, 29.80623625, 94.45784891,  99.9
122, 161, 29.80423240, 94.45356847,  99.9
123, 161, 29.80222918, 94.44920917,  99.9
124, 161, 29.80022615, 94.44477011,  99.9
125, 161, 29.79822291, 94.44025037,  99.9
126, 161, 29.79621902, 94.43564901,  99.9
127, 161, 29.79421406, 94.43096508,  99.9
128, 161, 29.79220759, 94.42619760,  99.9
129, 161, 29.79019921, 94.42134560,  99.9
130, 161, 29.78818847, 94.41640807,  99.9
131, 161, 29.78617495, 94.41138399,  99.9
132, 161, 29.78415821, 94.40627231,  99.9
133, 161, 29.78213784, 94.40107198,  99.9
134, 161, 29.78011340, 94.39578192,  99.9
135, 161, 29.77808446, 94.39040104,  99.9
136, 161, 29.77605058, 94.38492822,  99.9
137, 161, 29.77401133, 94.37936234,  99.9
138, 161, 29.77196628, 94.37370223,  99.9
139, 161, 29.76991498, 94.36794674,  99.9
140, 161, 29.76785700, 94.36209466,  99.9
141, 161, 29.76579189, 94.35614479,  99.9
142, 161, 29.76371921, 94.35009590,  99.9
143, 161, 29.76163853, 94.34394673,  99.9
144, 161, 29.75954938, 94.33769602,  99.9
145, 161, 29.75745133, 94.33134247,  99.9
146, 161, 29.75534391, 94.32488476,  99.9
147, 161, 29.75322669, 94.31832157,  99.9
148, 161, 29.75109919, 94.31165153,   7.2
149, 161, 29.74896096, 94.30487327,   7.1
150, 161, 29.74681154, 94.29798538,   7.1
151, 161, 29.74465047, 94.29098645,   7.1
152, 161, 29.74247728, 94.28387502,   6.9
153, 161, 29.74029149, 94.27664962,   6.8
154, 161, 29.73809264, 94.26930876,   6.8
155, 161, 29.73588025, 94.26185092,   6.8
156, 161, 29.73365383, 94.25427457,   6.8
157, 161, 29.73141291, 94.24657814,   6.8
158, 161, 29.72915699, 94.23876003,   6.8
159, 161, 29.72688558, 94.23081863,   6.9
160, 161, 29.72459820, 94.22275231,   7.0
161, 161, 29.72229434, 94.21455939,   7.0
162, 161, 29.71997350, 94.20623818,   7.1
163, 161, 29.71763517, 94.19778697,   7.2
164, 161, 29.71527884, 94.18920401,   7.4
165, 161, 29.71290399, 94.18048753,   7.5
166, 161, 29.71051010, 94.17163572,   7.7
167, 161, 29.70809666, 94.16264677,   7.8
168, 161, 29.70566312, 94.15351881,   7.8
169, 161, 29.70320896, 94.14424997,   7.7
170, 161, 29.70073362, 94.13483833,   7.7
171, 161, 29.69823658, 94.12528195,   7.7
172, 161, 29.69571727, 94.11557885,   7.8
173, 161, 29.69317514, 94.10572704,   7.8
174, 161, 29.69060963, 94.09572448,   7.8
175, 161, 29.68802017, 94.08556911,   7.8
176, 161, 29.68540618, 94.07525884,   7.9
177, 161, 29.68276709, 94.06479155,   8.0
178, 161, 29.68010230, 94.05416506,   8.0
179, 161, 29.67741124, 94.04337720,   8.1
180, 161, 29.67469329, 94.03242575,   8.1
181, 161, 29.67194785, 94.02130843,   8.1
182, 161, 29.66917431, 94.01002297,   8.1
183, 161, 29.66637204, 93.99856704,   8.0
184, 161, 29.66354043, 93.98693828,   8.0
185, 161, 29.66067883, 93.97513429,   8.0
186, 161, 29.65778661, 93.96315265,   8.0
187, 161, 29.65486311, 93.95099089,   8.1
188, 161, 29.65190767, 93.93864650,   8.1
189, 161, 29.64891963, 93.92611695,   8.1
190, 161, 29.64589832, 93.91339966,   8.2
191, 161, 29.64284305, 93.90049200,   8.2
192, 161, 29.63975314, 93.88739133,   8.2
193, 161, 29.63662787, 93.87409496,   8.3
194, 161, 29.63346654, 93.86060014,   8.3
195, 161, 29.63026844, 93.84690410,   8.3
196, 161, 29.62703284, 93.83300403,   8.3
197, 161, 29.62375899, 93.81889708,   8.1
198, 161, 29.62044616, 93.80458034,   7.9
199, 161, 29.61709358, 93.79005087,   7.8
200, 161, 29.61370048, 93.77530568,   7.6
201, 161, 29.61026610, 93.76034176,   7.5
202, 161, 29.60678963, 93.74515603,   7.4
203, 161, 29.60327029, 93.72974537,   7.3
204, 161, 29.59970726, 93.71410662,   7.2
205, 161, 29.59609971, 93.69823656,   7.0
206, 161, 29.59244682, 93.68213196,   6.9
207, 161, 29.58874774, 93.66578949,   6.8
208, 161, 29.58500161, 93.64920582,   6.7
209, 161, 29.58120757, 93.63237754,   6.6
210, 161, 29.57736472, 93.61530121,   6.5
211, 161, 29.57347218, 93.59797332,   6.4
212, 161, 29.56952903, 93.58039032,   6.3
213, 161, 29.56553436, 93.56254862,   6.2
214, 161, 29.56148723, 93.54444456,   6.2
215, 161, 29.55738670, 93.52607444,   6.1
216, 161, 29.55323178, 93.50743450,   6.0
217, 161, 29.54902152, 93.48852092,   5.9
218, 161, 29.54475492, 93.46932984,   5.8
219, 161, 29.54043096, 93.44985732,   5.7
220, 161, 29.53604863, 93.43009940,   5.6
221, 161, 29.53160689, 93.41005204,   5.5
222, 161, 29.52710468, 93.38971113,   5.5
223, 161, 29.52254093, 93.36907253,   5.4
224, 161, 29.51791455, 93.34813202,   5.3
225, 161, 29.51322444, 93.32688533,   5.3
226, 161, 29.50846948, 93.30532812,   5.3
227, 161, 29.50364853, 93.28345599,   5.2
228, 161, 29.49876042, 93.26126449,   5.1
229, 161, 29.49380399, 93.23874909,   5.1
230, 161, 29.48877803, 93.21590520,   5.1
231, 161, 29.48368133, 93.19272817,   5.0
232, 161, 29.47851267, 93.16921328,   5.0
233, 161, 29.47327077, 93.14535574,   4.9
234, 161, 29.46795438, 93.12115070,   4.9
235, 161, 29.46256219, 93.09659323,   4.9
236, 161, 29.45709290, 93.07167834,   4.8
237, 161, 29.45154515, 93.04640097,   4.8
238, 161, 29.44591759, 93.02075598,   4.7
239, 161, 29.44020885, 92.99473816,   4.7
240, 161, 29.43441751, 92.96834223,   4.6
241, 161, 29.42854214, 92.94156283,   4.6
  1, 162, 30.19489307, 94.53736400,  99.9
  2, 162, 30.18892459, 94.53989666,  99.9
  3, 162, 30.18303691, 94.54236772,  99.9
  4, 162, 30.17722882, 94.54477771,  99.9
  5, 162, 30.17149911, 94.54712715,  99.9
  6, 162, 30.16584660, 94.54941654,  99.9
  7, 162, 30.16027010, 94.55164638,  99.9
  8, 162, 30.15476846, 94.55381715,  99.9
  9, 162, 30.14934055, 94.55592930,  99.9
 10, 162, 30.14398523, 94.55798330,  99.9
 11, 162, 30.13870139, 94.55997959,  99.9
 12, 162, 30.13348794, 94.56191859,  99.9
 13, 162, 30.12834379, 94.56380072,  99.9
 14, 162, 30.12326788, 94.56562639,  99.9
 15, 162, 30.11825915, 94.56739599,  99.9
 16, 162, 30.11331656, 94.56910989,  99.9
 17, 162, 30.10843909, 94.57076848,  99.9
 18, 162, 30.10362573, 94.57237209,  99.9
 19, 162, 30.09887547, 94.57392108,  99.9
 20, 162, 30.09418733, 94.57541578,  99.9
 21, 162, 30.08956033, 94.57685652,  99.9
 22, 162, 30.08499352, 94.57824359,  99.9
 23, 162, 30.08048594, 94.57957731,  99.9
 24, 162, 30.07603666, 94.58085795,  99.9
 25, 162, 30.07164475, 94.58208580,  99.9
 26, 162, 30.06730931, 94.58326112,  99.9
 27, 162, 30.06302943, 94.58438415,  99.9
 28, 162, 30.05880423, 94.58545515,  99.9
 29, 162, 30.05463282, 94.58647435,  99.9
 30, 162, 30.05051434, 94.58744196,  99.9
 31, 162, 30.04644793, 94.58835819,  99.9
 32, 162, 30.04243275, 94.58922325,  99.9
 33, 162, 30.03846796, 94.59003732,  99.9
 34, 162, 30.03455274, 94.59080057,  99.9
 35, 162, 30.03068628, 94.59151318,  99.9
 36, 162, 30.02686777, 94.59217529,  99.9
 37, 162, 30.02309641, 94.59278706,  99.9
 38, 162, 30.01937144, 94.59334861,  99.9
 39, 162, 30.01569206, 94.59386007,  99.9
 40, 162, 30.01205751, 94.59432156,  99.9
 41, 162, 30.00846705, 94.59473316,  99.9
 42, 162, 30.00491992, 94.59509499,  99.9
 43, 162, 30.00141538, 94.59540711,  99.9
 44, 162, 29.99795271, 94.59566959,  99.9
 45, 162, 29.99453119, 94.59588251,  99.9
 46, 162, 29.99115010, 94.59604590,  99.9
 47, 162, 29.98780874, 94.59615981,  99.9
 48, 162, 29.98450642, 94.59622426,  99.9
 49, 162, 29.98124244, 94.59623928,  99.9
 50, 162, 29.97801614, 94.59620487,  99.9
 51, 162, 29.97482683, 94.59612102,  99.9
 52, 162, 29.97167386, 94.59598774,  99.9
 53, 162, 29.96855657, 94.59580498,  99.9
 54, 162, 29.96547431, 94.59557273,  99.9
 55, 162, 29.96242643, 94.59529093,  99.9
 56, 162, 29.95941231, 94.59495953,  99.9
 57, 162, 29.95643132, 94.59457846,  99.9
 58, 162, 29.95348283, 94.59414766,  99.9
 59, 162, 29.95056623, 94.59366703,  99.9
 60, 162, 29.94768092, 94.59313649,  99.9
 61, 162, 29.94482629, 94.59255591,  99.9
 62, 162, 29.94200174, 94.59192519,  99.9
 63, 162, 29.93920670, 94.59124420,  99.9
 64, 162, 29.93644057, 94.59051279,  99.9
 65, 162, 29.93370279, 94.58973083,  99.9
 66, 162, 29.93099278, 94.58889815,  99.9
 67, 162, 29.92830997, 94.58801458,  99.9
 68, 162, 29.92565381, 94.58707994,  99.9
 69, 162, 29.92302374, 94.58609404,  99.9
 70, 162, 29.92041921, 94.58505668,  99.9
 71, 162, 29.91783969, 94.58396765,  99.9
 72, 162, 29.91528463, 94.58282671,  99.9
 73, 162, 29.91275350, 94.58163365,  99.9
 74, 162, 29.91024577, 94.58038821,  99.9
 75, 162, 29.90776092, 94.57909013,  99.9
 76, 162, 29.90529843, 94.57773916,  99.9
 77, 162, 29.90285778, 94.57633500,  99.9
 78, 162, 29.90043847, 94.57487738,  99.9
 79, 162, 29.89804000, 94.57336599,  99.9
 80, 162, 29.89566185, 94.57180052,  99.9
 81, 162, 29.89330354, 94.57018065,  99.9
 82, 162, 29.89096457, 94.56850603,  99.9
 83, 162, 29.88864445, 94.56677634,  99.9
 84, 162, 29.88634270, 94.56499121,  99.9
 85, 162, 29.88405883, 94.56315027,  99.9
 86, 162, 29.88179237, 94.56125314,  99.9
 87, 162, 29.87954285, 94.55929943,  99.9
 88, 162, 29.87730979, 94.55728873,  99.9
 89, 162, 29.87509272, 94.55522064,  99.9
 90, 162, 29.87289119, 94.55309472,  99.9
 91, 162, 29.87070473, 94.55091053,  99.9
 92, 162, 29.86853288, 94.54866762,  99.9
 93, 162, 29.86637520, 94.54636553,  99.9
 94, 162, 29.86423121, 94.54400378,  99.9
 95, 162, 29.86210049, 94.54158189,  99.9
 96, 162, 29.85998258, 94.53909934,  99.9
 97, 162, 29.85787703, 94.53655564,  99.9
 98, 162, 29.85578341, 94.53395024,  99.9
 99, 162, 29.85370127, 94.53128262,  99.9
100, 162, 29.85163018, 94.52855222,  99.9
101, 162, 29.84956971, 94.52575847,  99.9
102, 162, 29.84751941, 94.52290080,  99.9
103, 162, 29.84547887, 94.51997861,  99.9
104, 162, 29.84344765, 94.51699130,  99.9
105, 162, 29.84142532, 94.51393826,  99.9
106, 162, 29.83941146, 94.51081884,  99.9
107, 162, 29.83740564, 94.50763241,  99.9
108, 162, 29.83540745, 94.50437830,  99.9
109, 162, 29.83341646, 94.50105584,  99.9
110, 162, 29.83143225, 94.49766434,  99.9
111, 162, 29.82945440, 94.49420310,  99.9
112, 162, 29.82748251, 94.49067141,  99.9
113, 162, 29.82551614, 94.48706852,  99.9
114, 162, 29.82355489, 94.48339370,  99.9
115, 162, 29.82159834, 94.47964618,  99.9
116, 162, 29.81964608, 94.47582520,  99.9
117, 162, 29.81769770, 94.47192994,  99.9
118, 162, 29.81575278, 94.46795962,  99.9
119, 162, 29.81381091, 94.46391341,  99.9
120, 162, 29.81187169, 94.45979046,  99.9
121, 162, 29.80993469, 94.45558994,  99.9
122, 162, 29.80799952, 94.45131095,  99.9
123, 162, 29.80606575, 94.44695263,  99.9
124, 162, 29.80413299, 94.44251406,  99.9
125, 162, 29.80220081, 94.43799434,  99.9
126, 162, 29.80026882, 94.43339251,  99.9
127, 162, 29.79833659, 94.42870764,  99.9
128, 162, 29.79640372, 94.42393874,  99.9
129, 162, 29.79446979, 94.41908484,  99.9
130, 162, 29.79253440, 94.41414492,  99.9
131, 162, 29.79059714, 94.40911797,  99.9
132, 162, 29.78865758, 94.40400294,  99.9
133, 162, 29.78671531, 94.39879878,  99.9
134, 162, 29.78476993, 94.39350440,  99.9
135, 162, 29.78282101, 94.38811872,  99.9
136, 162, 29.78086814, 94.38264061,  99.9
137, 162, 29.77891090, 94.37706894,  99.9
138, 162, 29.77694887, 94.37140257,  99.9
139, 162, 29.77498163, 94.36564031,  99.9
140, 162, 29.77300876, 94.35978097,  99.9
141, 162, 29.77102984, 94.35382335,  99.9
142, 162, 29.76904443, 94.34776621,  99.9
143, 162, 29.76705212, 94.34160829,  99.9
144, 162, 29.76505248, 94.33534832,  99.9
145, 162, 29.76304506, 94.32898501,  99.9
146, 162, 29.76102945, 94.32251704,  99.9
147, 162, 29.75900521, 94.31594307,  99.9
148, 162, 29.75697189, 94.30926175,  99.9
149, 162, 29.75492907, 94.30247168,   7.1
150, 162, 29.75287629, 94.29557147,   7.1
151, 162, 29.75081312, 94.28855969,   7.0
152, 162, 29.74873911, 94.28143489,   6.9
153, 162, 29.74665380, 94.27419559,   6.7
154, 162, 29.74455674, 94.26684031,   6.7
155, 162, 29.74244749, 94.25936751,   6.8
156, 162, 29.74032557, 94.25177565,   6.8
157, 162, 29.73819054, 94.24406317,   6.8
158, 162, 29.73604191, 94.23622847,   6.8
159, 162, 29.73387923, 94.22826993,   6.9
160, 162, 29.73170202, 94.22018591,   6.9
161, 162, 29.72950980, 94.21197474,   7.0
162, 162, 29.72730210, 94.20363471,   7.1
163, 162, 29.72507843, 94.19516411,   7.2
164, 162, 29.72283831, 94.18656118,   7.3
165, 162, 29.72058123, 94.17782416,   7.5
166, 162, 29.71830672, 94.16895123,   7.7
167, 162, 29.71601425, 94.15994057,   7.8
168, 162, 29.71370334, 94.15079030,   7.8
169, 162, 29.71137347, 94.14149855,   7.7
170, 162, 29.70902412, 94.13206340,   7.7
171, 162, 29.70665477, 94.12248289,   7.7
172, 162, 29.70426491, 94.11275505,   7.7
173, 162, 29.70185400, 94.10287787,   7.7
174, 162, 29.69942151, 94.09284932,   7.7
175, 162, 29.69696689, 94.08266732,   7.7
176, 162, 29.69448960, 94.07232978,   7.7
177, 162, 29.69198909, 94.06183456,   7.7
178, 162, 29.68946480, 94.05117950,   7.8
179, 162, 29.68691616, 94.04036240,   7.9
180, 162, 29.68434262, 94.02938103,   7.9
181, 162, 29.68174358, 94.01823312,   8.0
182, 162, 29.67911846, 94.00691638,   8.0
183, 162, 29.67646669, 93.99542848,   8.0
184, 162, 29.67378765, 93.98376704,   8.0
185, 162, 29.67108076, 93.97192967,   8.0
186, 162, 29.66834539, 93.95991393,   8.1
187, 162, 29.66558093, 93.94771734,   8.1
188, 162, 29.66278675, 93.93533739,   8.2
189, 162, 29.65996223, 93.92277152,   8.2
190, 162, 29.65710671, 93.91001716,   8.2
191, 162, 29.65421956, 93.89707168,   8.3
192, 162, 29.65130012, 93.88393241,   8.3
193, 162, 29.64834772, 93.87059665,   8.4
194, 162, 29.64536168, 93.85706165,   8.4
195, 162, 29.64234133, 93.84332464,   8.4
196, 162, 29.63928597, 93.82938278,   8.4
197, 162, 29.63619490, 93.81523320,   8.3
198, 162, 29.63306742, 93.80087301,   8.1
199, 162, 29.62990281, 93.78629924,   8.0
200, 162, 29.62670032, 93.77150890,   7.8
201, 162, 29.62345924, 93.75649895,   7.7
202, 162, 29.62017880, 93.74126631,   7.6
203, 162, 29.61685826, 93.72580785,   7.4
204, 162, 29.61349683, 93.71012039,   7.3
205, 162, 29.61009374, 93.69420072,   7.2
206, 162, 29.60664819, 93.67804556,   7.1
207, 162, 29.60315939, 93.66165159,   7.0
208, 162, 29.59962653, 93.64501547,   6.9
209, 162, 29.59604876, 93.62813376,   6.8
210, 162, 29.59242526, 93.61100301,   6.7
211, 162, 29.58875517, 93.59361971,   6.6
212, 162, 29.58503764, 93.57598029,   6.5
213, 162, 29.58127179, 93.55808113,   6.4
214, 162, 29.57745672, 93.53991857,   6.3
215, 162, 29.57359154, 93.52148890,   6.2
216, 162, 29.56967534, 93.50278832,   6.2
217, 162, 29.56570717, 93.48381301,   6.1
218, 162, 29.56168611, 93.46455910,   6.0
219, 162, 29.55761119, 93.44502263,   5.9
220, 162, 29.55348143, 93.42519961,   5.8
221, 162, 29.54929586, 93.40508599,   5.7
222, 162, 29.54505347, 93.38467765,   5.6
223, 162, 29.54075324, 93.36397042,   5.6
224, 162, 29.53639414, 93.34296006,   5.5
225, 162, 29.53197512, 93.32164230,   5.4
226, 162, 29.52749511, 93.30001276,   5.4
227, 162, 29.52295302, 93.27806703,   5.3
228, 162, 29.51834776, 93.25580064,   5.3
229, 162, 29.51367820, 93.23320904,   5.2
230, 162, 29.50894322, 93.21028762,   5.2
231, 162, 29.50414165, 93.18703170,   5.1
232, 162, 29.49927231, 93.16343655,   5.1
233, 162, 29.49433403, 93.13949735,   5.1
234, 162, 29.48932558, 93.11520924,   5.0
235, 162, 29.48424573, 93.09056725,   5.0
236, 162, 29.47909323, 93.06556637,   5.0
237, 162, 29.47386681, 93.04020152,   4.9
238, 162, 29.46856517, 93.01446754,   4.9
239, 162, 29.46318699, 92.98835918,   4.9
240, 162, 29.45773094, 92.96187115,   4.8
241, 162, 29.45219566, 92.93499806,   4.8
  1, 163, 30.19262479, 94.53047803,  99.9
  2, 163, 30.18671054, 94.53310456,  99.9
  3, 163, 30.18087664, 94.53566807,  99.9
  4, 163, 30.17512186, 94.53816909,  99.9
  5, 163, 30.16944503, 94.54060818,  99.9
  6, 163, 30.16384495, 94.54298586,  99.9
  7, 163, 30.15832046, 94.54530263,  99.9
  8, 163, 30.15287043, 94.54755900,  99.9
  9, 163, 30.14749372, 94.54975544,  99.9
 10, 163, 30.14218922, 94.55189244,  99.9
 11, 163, 30.13695581, 94.55397044,  99.9
 12, 163, 30.13179243, 94.55598990,  99.9
 13, 163, 30.12669799, 94.55795124,  99.9
 14, 163, 30.12167144, 94.55985490,  99.9
 15, 163, 30.11671174, 94.56170127,  99.9
 16, 163, 30.11181785, 94.56349076,  99.9
 17, 163, 30.10698876, 94.56522374,  99.9
 18, 163, 30.10222348, 94.56690060,  99.9
 19, 163, 30.09752100, 94.56852169,  99.9
 20, 163, 30.09288035, 94.57008736,  99.9
 21, 163, 30.08830057, 94.57159794,  99.9
 22, 163, 30.08378071, 94.57305376,  99.9
 23, 163, 30.07931983, 94.57445514,  99.9
 24, 163, 30.07491701, 94.57580237,  99.9
 25, 163, 30.07057132, 94.57709574,  99.9
 26, 163, 30.06628187, 94.57833554,  99.9
 27, 163, 30.06204776, 94.57952203,  99.9
 28, 163, 30.05786812, 94.58065546,  99.9
 29, 163, 30.05374208, 94.58173608,  99.9
 30, 163, 30.04966878, 94.58276413,  99.9
 31, 163, 30.04564737, 94.58373982,  99.9
 32, 163, 30.04167702, 94.58466337,  99.9
 33, 163, 30.03775691, 94.58553497,  99.9
 34, 163, 30.03388621, 94.58635481,  99.9
 35, 163, 30.03006413, 94.58712308,  99.9
 36, 163, 30.02628987, 94.58783994,  99.9
 37, 163, 30.02256264, 94.58850554,  99.9
 38, 163, 30.01888168, 94.58912003,  99.9
 39, 163, 30.01524621, 94.58968355,  99.9
 40, 163, 30.01165548, 94.59019621,  99.9
 41, 163, 30.00810875, 94.59065813,  99.9
 42, 163, 30.00460527, 94.59106942,  99.9
 43, 163, 30.00114432, 94.59143016,  99.9
 44, 163, 29.99772518, 94.59174044,  99.9
 45, 163, 29.99434713, 94.59200032,  99.9
 46, 163, 29.99100948, 94.59220987,  99.9
 47, 163, 29.98771154, 94.59236913,  99.9
 48, 163, 29.98445260, 94.59247814,  99.9
 49, 163, 29.98123200, 94.59253693,  99.9
 50, 163, 29.97804907, 94.59254552,  99.9
 51, 163, 29.97490314, 94.59250391,  99.9
 52, 163, 29.97179356, 94.59241210,  99.9
 53, 163, 29.96871968, 94.59227008,  99.9
 54, 163, 29.96568087, 94.59207781,  99.9
 55, 163, 29.96267648, 94.59183527,  99.9
 56, 163, 29.95970590, 94.59154241,  99.9
 57, 163, 29.95676851, 94.59119917,  99.9
 58, 163, 29.95386369, 94.59080548,  99.9
 59, 163, 29.95099084, 94.59036127,  99.9
 60, 163, 29.94814936, 94.58986644,  99.9
 61, 163, 29.94533866, 94.58932091,  99.9
 62, 163, 29.94255815, 94.58872455,  99.9
 63, 163, 29.93980726, 94.58807725,  99.9
 64, 163, 29.93708541, 94.58737887,  99.9
 65, 163, 29.93439204, 94.58662928,  99.9
 66, 163, 29.93172658, 94.58582833,  99.9
 67, 163, 29.92908848, 94.58497584,  99.9
 68, 163, 29.92647718, 94.58407165,  99.9
 69, 163, 29.92389215, 94.58311557,  99.9
 70, 163, 29.92133284, 94.58210740,  99.9
 71, 163, 29.91879872, 94.58104694,  99.9
 72, 163, 29.91628927, 94.57993398,  99.9
 73, 163, 29.91380395, 94.57876827,  99.9
 74, 163, 29.91134225, 94.57754959,  99.9
 75, 163, 29.90890366, 94.57627768,  99.9
 76, 163, 29.90648767, 94.57495228,  99.9
 77, 163, 29.90409377, 94.57357311,  99.9
 78, 163, 29.90172146, 94.57213991,  99.9
 79, 163, 29.89937025, 94.57065236,  99.9
 80, 163, 29.89703964, 94.56911016,  99.9
 81, 163, 29.89472916, 94.56751299,  99.9
 82, 163, 29.89243831, 94.56586053,  99.9
 83, 163, 29.89016663, 94.56415243,  99.9
 84, 163, 29.88791362, 94.56238834,  99.9
 85, 163, 29.88567883, 94.56056790,  99.9
 86, 163, 29.88346178, 94.55869073,  99.9
 87, 163, 29.88126201, 94.55675644,  99.9
 88, 163, 29.87907907, 94.55476463,  99.9
 89, 163, 29.87691249, 94.55271489,  99.9
 90, 163, 29.87476182, 94.55060680,  99.9
 91, 163, 29.87262660, 94.54843992,  99.9
 92, 163, 29.87050641, 94.54621381,  99.9
 93, 163, 29.86840078, 94.54392799,  99.9
 94, 163, 29.86630928, 94.54158201,  99.9
 95, 163, 29.86423146, 94.53917537,  99.9
 96, 163, 29.86216691, 94.53670757,  99.9
 97, 163, 29.86011517, 94.53417811,  99.9
 98, 163, 29.85807582, 94.53158646,  99.9
 99, 163, 29.85604843, 94.52893209,  99.9
100, 163, 29.85403258, 94.52621444,  99.9
101, 163, 29.85202785, 94.52343296,  99.9
102, 163, 29.85003380, 94.52058706,  99.9
103, 163, 29.84805003, 94.51767616,  99.9
104, 163, 29.84607611, 94.51469966,  99.9
105, 163, 29.84411164, 94.51165693,  99.9
106, 163, 29.84215619, 94.50854736,  99.9
107, 163, 29.84020935, 94.50537028,  99.9
108, 163, 29.83827072, 94.50212506,  99.9
109, 163, 29.83633989, 94.49881101,  99.9
110, 163, 29.83441645, 94.49542744,  99.9
111, 163, 29.83249999, 94.49197367,  99.9
112, 163, 29.83059012, 94.48844896,  99.9
113, 163, 29.82868642, 94.48485260,  99.9
114, 163, 29.82678849, 94.48118384,  99.9
115, 163, 29.82489594, 94.47744191,  99.9
116, 163, 29.82300836, 94.47362604,  99.9
117, 163, 29.82112536, 94.46973544,  99.9
118, 163, 29.81924653, 94.46576931,  99.9
119, 163, 29.81737148, 94.46172683,  99.9
120, 163, 29.81549982, 94.45760714,  99.9
121, 163, 29.81363114, 94.45340942,  99.9
122, 163, 29.81176504, 94.44913277,  99.9
123, 163, 29.80990114, 94.44477633,  99.9
124, 163, 29.80803904, 94.44033917,  99.9
125, 163, 29.80617834, 94.43582040,  99.9
126, 163, 29.80431864, 94.43121906,  99.9
127, 163, 29.80245955, 94.42653422,  99.9
128, 163, 29.80060068, 94.42176489,  99.9
129, 163, 29.79874162, 94.41691008,  99.9
130, 163, 29.79688199, 94.41196881,  99.9
131, 163, 29.79502138, 94.40694003,  99.9
132, 163, 29.79315940, 94.40182271,  99.9
133, 163, 29.79129565, 94.39661579,  99.9
134, 163, 29.78942973, 94.39131819,  99.9
135, 163, 29.78756125, 94.38592882,  99.9
136, 163, 29.78568980, 94.38044655,  99.9
137, 163, 29.78381497, 94.37487026,  99.9
138, 163, 29.78193638, 94.36919878,  99.9
139, 163, 29.78005362, 94.36343095,  99.9
140, 163, 29.77816628, 94.35756557,  99.9
141, 163, 29.77627395, 94.35160143,  99.9
142, 163, 29.77437623, 94.34553728,  99.9
143, 163, 29.77247272, 94.33937189,  99.9
144, 163, 29.77056299, 94.33310396,  99.9
145, 163, 29.76864664, 94.32673221,  99.9
146, 163, 29.76672326, 94.32025531,  99.9
147, 163, 29.76479242, 94.31367193,  99.9
148, 163, 29.76285372, 94.30698069,  99.9
149, 163, 29.76090673, 94.30018023,  99.9
150, 163, 29.75895102, 94.29326912,  99.9
151, 163, 29.75698619, 94.28624595,  99.9
152, 163, 29.75501179, 94.27910925,  99.9
153, 163, 29.75302740, 94.27185756,  99.9
154, 163, 29.75103258, 94.26448936,  99.9
155, 163, 29.74902691, 94.25700315,  99.9
156, 163, 29.74700995, 94.24939736,  99.9
157, 163, 29.74498124, 94.24167043,  99.9
158, 163, 29.74294037, 94.23382075,  99.9
159, 163, 29.74088686, 94.22584672,   6.9
160, 163, 29.73882028, 94.21774667,   7.0
161, 163, 29.73674017, 94.20951893,   7.0
162, 163, 29.73464608, 94.20116181,   7.1
163, 163, 29.73253755, 94.19267357,   7.2
164, 163, 29.73041410, 94.18405246,   7.3
165, 163, 29.72827528, 94.17529669,   7.5
166, 163, 29.72612061, 94.16640447,   7.6
167, 163, 29.72394961, 94.15737395,   7.7
168, 163, 29.72176181, 94.14820327,   7.8
169, 163, 29.71955672, 94.13889053,   7.7
170, 163, 29.71733385, 94.12943381,   7.7
171, 163, 29.71509272, 94.11983116,   7.6
172, 163, 29.71283281, 94.11008058,   7.6
173, 163, 29.71055363, 94.10018008,   7.6
174, 163, 29.70825467, 94.09012760,   7.5
175, 163, 29.70593542, 94.07992108,   7.5
176, 163, 29.70359535, 94.06955839,   7.5
177, 163, 29.70123395, 94.05903742,   7.6
178, 163, 29.69885069, 94.04835597,   7.6
179, 163, 29.69644503, 94.03751186,   7.6
180, 163, 29.69401643, 94.02650283,   7.6
181, 163, 29.69156434, 94.01532663,   7.7
182, 163, 29.68908821, 94.00398095,   7.8
183, 163, 29.68658749, 93.99246344,   7.9
184, 163, 29.68406161, 93.98077173,   8.0
185, 163, 29.68150999, 93.96890342,   8.0
186, 163, 29.67893206, 93.95685605,   8.1
187, 163, 29.67632723, 93.94462714,   8.1
188, 163, 29.67369491, 93.93221417,   8.2
189, 163, 29.67103450, 93.91961458,   8.2
190, 163, 29.66834540, 93.90682578,   8.3
191, 163, 29.66562698, 93.89384514,   8.3
192, 163, 29.66287863, 93.88066997,   8.4
193, 163, 29.66009972, 93.86729757,   8.4
194, 163, 29.65728961, 93.85372518,   8.5
195, 163, 29.65444766, 93.83995001,   8.6
196, 163, 29.65157320, 93.82596922,   8.6
197, 163, 29.64866558, 93.81177994,   8.5
198, 163, 29.64572412, 93.79737924,   8.3
199, 163, 29.64274814, 93.78276417,   8.1
200, 163, 29.63973696, 93.76793172,   8.0
201, 163, 29.63668987, 93.75287883,   7.9
202, 163, 29.63360617, 93.73760241,   7.7
203, 163, 29.63048513, 93.72209932,   7.6
204, 163, 29.62732603, 93.70636638,   7.5
205, 163, 29.62412813, 93.69040035,   7.4
206, 163, 29.62089067, 93.67419795,   7.3
207, 163, 29.61761291, 93.65775585,   7.2
208, 163, 29.61429406, 93.64107068,   7.1
209, 163, 29.61093334, 93.62413901,   7.0
210, 163, 29.60752997, 93.60695736,   6.9
211, 163, 29.60408314, 93.58952221,   6.8
212, 163, 29.60059202, 93.57182998,   6.7
213, 163, 29.59705579, 93.55387703,   6.6
214, 163, 29.59347361, 93.53565970,   6.5
215, 163, 29.58984463, 93.51717424,   6.4
216, 163, 29.58616798, 93.49841685,   6.3
217, 163, 29.58244277, 93.47938371,   6.2
218, 163, 29.57866812, 93.46007090,   6.1
219, 163, 29.57484311, 93.44047447,   6.1
220, 163, 29.57096683, 93.42059041,   6.0
221, 163, 29.56703834, 93.40041464,   5.9
222, 163, 29.56305669, 93.37994304,   5.8
223, 163, 29.55902092, 93.35917141,   5.8
224, 163, 29.55493004, 93.33809551,   5.7
225, 163, 29.55078306, 93.31671102,   5.6
226, 163, 29.54657897, 93.29501358,   5.5
227, 163, 29.54231674, 93.27299873,   5.5
228, 163, 29.53799533, 93.25066200,   5.4
229, 163, 29.53361367, 93.22799881,   5.4
230, 163, 29.52917069, 93.20500453,   5.3
231, 163, 29.52466529, 93.18167447,   5.3
232, 163, 29.52009636, 93.15800386,   5.2
233, 163, 29.51546276, 93.13398788,   5.2
234, 163, 29.51076335, 93.10962163,   5.2
235, 163, 29.50599695, 93.08490014,   5.1
236, 163, 29.50116238, 93.05981836,   5.1
237, 163, 29.49625843, 93.03437120,   5.1
238, 163, 29.49128387, 93.00855345,   5.0
239, 163, 29.48623744, 92.98235987,   5.0
240, 163, 29.48111788, 92.95578513,   5.0
241, 163, 29.47592389, 92.92882380,   5.0
  1, 164, 30.19027452, 94.52365566,  99.9
  2, 164, 30.18441575, 94.52637549,  99.9
  3, 164, 30.17863684, 94.52903089,  99.9
  4, 164, 30.17293659, 94.53162241,  99.9
  5, 164, 30.16731381, 94.53415063,  99.9
  6, 164, 30.16176734, 94.53661608,  99.9
  7, 164, 30.15629603, 94.53901928,  99.9
  8, 164, 30.15089875, 94.54136077,  99.9
  9, 164, 30.14557437, 94.54364103,  99.9
 10, 164, 30.14032178, 94.54586056,  99.9
 11, 164, 30.13513991, 94.54801983,  99.9
 12, 164, 30.13002767, 94.55011931,  99.9
 13, 164, 30.12498401, 94.55215945,  99.9
 14, 164, 30.12000788, 94.55414068,  99.9
 15, 164, 30.11509824, 94.55606343,  99.9
 16, 164, 30.11025407, 94.55792812,  99.9
 17, 164, 30.10547438, 94.55973514,  99.9
 18, 164, 30.10075817, 94.56148488,  99.9
 19, 164, 30.09610445, 94.56317772,  99.9
 20, 164, 30.09151227, 94.56481401,  99.9
 21, 164, 30.08698067, 94.56639412,  99.9
 22, 164, 30.08250871, 94.56791837,  99.9
 23, 164, 30.07809546, 94.56938711,  99.9
 24, 164, 30.07374001, 94.57080064,  99.9
 25, 164, 30.06944145, 94.57215926,  99.9
 26, 164, 30.06519888, 94.57346327,  99.9
 27, 164, 30.06101144, 94.57471296,  99.9
 28, 164, 30.05687824, 94.57590858,  99.9
 29, 164, 30.05279842, 94.57705039,  99.9
 30, 164, 30.04877115, 94.57813865,  99.9
 31, 164, 30.04479559, 94.57917359,  99.9
 32, 164, 30.04087090, 94.58015542,  99.9
 33, 164, 30.03699628, 94.58108437,  99.9
 34, 164, 30.03317091, 94.58196063,  99.9
 35, 164, 30.02939401, 94.58278439,  99.9
 36, 164, 30.02566479, 94.58355584,  99.9
 37, 164, 30.02198247, 94.58427513,  99.9
 38, 164, 30.01834629, 94.58494242,  99.9
 39, 164, 30.01475549, 94.58555787,  99.9
 40, 164, 30.01120933, 94.58612160,  99.9
 41, 164, 30.00770706, 94.58663374,  99.9
 42, 164, 30.00424797, 94.58709440,  99.9
 43, 164, 30.00083133, 94.58750368,  99.9
 44, 164, 29.99745643, 94.58786168,  99.9
 45, 164, 29.99412257, 94.58816847,  99.9
 46, 164, 29.99082906, 94.58842412,  99.9
 47, 164, 29.98757521, 94.58862869,  99.9
 48, 164, 29.98436034, 94.58878224,  99.9
 49, 164, 29.98118379, 94.58888479,  99.9
 50, 164, 29.97804489, 94.58893637,  99.9
 51, 164, 29.97494299, 94.58893700,  99.9
 52, 164, 29.97187746, 94.58888668,  99.9
 53, 164, 29.96884763, 94.58878541,  99.9
 54, 164, 29.96585290, 94.58863317,  99.9
 55, 164, 29.96289263, 94.58842994,  99.9
 56, 164, 29.95996621, 94.58817567,  99.9
 57, 164, 29.95707303, 94.58787032,  99.9
 58, 164, 29.95421249, 94.58751382,  99.9
 59, 164, 29.95138399, 94.58710611,  99.9
 60, 164, 29.94858694, 94.58664711,  99.9
 61, 164, 29.94582076, 94.58613672,  99.9
 62, 164, 29.94308487, 94.58557485,  99.9
 63, 164, 29.94037871, 94.58496137,  99.9
 64, 164, 29.93770170, 94.58429617,  99.9
 65, 164, 29.93505330, 94.58357910,  99.9
 66, 164, 29.93243295, 94.58281004,  99.9
 67, 164, 29.92984010, 94.58198881,  99.9
 68, 164, 29.92727422, 94.58111525,  99.9
 69, 164, 29.92473476, 94.58018918,  99.9
 70, 164, 29.92222120, 94.57921041,  99.9
 71, 164, 29.91973302, 94.57817875,  99.9
 72, 164, 29.91726969, 94.57709397,  99.9
 73, 164, 29.91483071, 94.57595587,  99.9
 74, 164, 29.91241556, 94.57476419,  99.9
 75, 164, 29.91002374, 94.57351871,  99.9
 76, 164, 29.90765474, 94.57221916,  99.9
 77, 164, 29.90530808, 94.57086527,  99.9
 78, 164, 29.90298327, 94.56945677,  99.9
 79, 164, 29.90067982, 94.56799337,  99.9
 80, 164, 29.89839725, 94.56647476,  99.9
 81, 164, 29.89613507, 94.56490063,  99.9
 82, 164, 29.89389283, 94.56327066,  99.9
 83, 164, 29.89167005, 94.56158451,  99.9
 84, 164, 29.88946626, 94.55984183,  99.9
 85, 164, 29.88728101, 94.55804226,  99.9
 86, 164, 29.88511383, 94.55618544,  99.9
 87, 164, 29.88296428, 94.55427096,  99.9
 88, 164, 29.88083191, 94.55229846,  99.9
 89, 164, 29.87871626, 94.55026750,  99.9
 90, 164, 29.87661690, 94.54817768,  99.9
 91, 164, 29.87453338, 94.54602855,  99.9
 92, 164, 29.87246528, 94.54381969,  99.9
 93, 164, 29.87041215, 94.54155062,  99.9
 94, 164, 29.86837356, 94.53922089,  99.9
 95, 164, 29.86634910, 94.53683000,  99.9
 96, 164, 29.86433833, 94.53437746,  99.9
 97, 164, 29.86234083, 94.53186277,  99.9
 98, 164, 29.86035618, 94.52928541,  99.9
 99, 164, 29.85838397, 94.52664484,  99.9
100, 164, 29.85642378, 94.52394051,  99.9
101, 164, 29.85447520, 94.52117186,  99.9
102, 164, 29.85253782, 94.51833833,  99.9
103, 164, 29.85061123, 94.51543932,  99.9
104, 164, 29.84869503, 94.51247423,  99.9
105, 164, 29.84678882, 94.50944246,  99.9
106, 164, 29.84489219, 94.50634337,  99.9
107, 164, 29.84300474, 94.50317631,  99.9
108, 164, 29.84112608, 94.49994064,  99.9
109, 164, 29.83925581, 94.49663569,  99.9
110, 164, 29.83739354, 94.49326076,  99.9
111, 164, 29.83553887, 94.48981516,  99.9
112, 164, 29.83369141, 94.48629818,  99.9
113, 164, 29.83185078, 94.48270908,  99.9
114, 164, 29.83001657, 94.47904713,  99.9
115, 164, 29.82818842, 94.47531157,  99.9
116, 164, 29.82636592, 94.47150161,  99.9
117, 164, 29.82454869, 94.46761647,  99.9
118, 164, 29.82273635, 94.46365536,  99.9
119, 164, 29.82092851, 94.45961743,  99.9
120, 164, 29.81912480, 94.45550187,  99.9
121, 164, 29.81732482, 94.45130781,  99.9
122, 164, 29.81552820, 94.44703439,  99.9
123, 164, 29.81373455, 94.44268072,  99.9
124, 164, 29.81194350, 94.43824590,  99.9
125, 164, 29.81015466, 94.43372902,  99.9
126, 164, 29.80836765, 94.42912912,  99.9
127, 164, 29.80658209, 94.42444527,  99.9
128, 164, 29.80479761, 94.41967650,  99.9
129, 164, 29.80301381, 94.41482180,  99.9
130, 164, 29.80123032, 94.40988018,  99.9
131, 164, 29.79944677, 94.40485062,  99.9
132, 164, 29.79766275, 94.39973207,  99.9
133, 164, 29.79587791, 94.39452348,  99.9
134, 164, 29.79409185, 94.38922375,  99.9
135, 164, 29.79230419, 94.38383180,  99.9
136, 164, 29.79051455, 94.37834652,  99.9
137, 164, 29.78872254, 94.37276675,  99.9
138, 164, 29.78692778, 94.36709135,  99.9
139, 164, 29.78512989, 94.36131914,  99.9
140, 164, 29.78332847, 94.35544893,  99.9
141, 164, 29.78152314, 94.34947950,  99.9
142, 164, 29.77971351, 94.34340961,  99.9
143, 164, 29.77789918, 94.33723802,  99.9
144, 164, 29.77607978, 94.33096343,  99.9
145, 164, 29.77425490, 94.32458455,  99.9
146, 164, 29.77242415, 94.31810007,  99.9
147, 164, 29.77058713, 94.31150863,  99.9
148, 164, 29.76874345, 94.30480887,  99.9
149, 164, 29.76689270, 94.29799941,  99.9
150, 164, 29.76503448, 94.29107884,  99.9
151, 164, 29.76316839, 94.28404573,  99.9
152, 164, 29.76129402, 94.27689861,  99.9
153, 164, 29.75941096, 94.26963601,  99.9
154, 164, 29.75751881, 94.26225644,  99.9
155, 164, 29.75561715, 94.25475835,  99.9
156, 164, 29.75370556, 94.24714020,  99.9
157, 164, 29.75178362, 94.23940042,  99.9
158, 164, 29.74985092, 94.23153740,  99.9
159, 164, 29.74790703, 94.22354951,  99.9
160, 164, 29.74595152, 94.21543511,   7.0
161, 164, 29.74398396, 94.20719251,   7.0
162, 164, 29.74200392, 94.19882001,   7.1
163, 164, 29.74001096, 94.19031589,   7.2
164, 164, 29.73800464, 94.18167837,   7.3
165, 164, 29.73598452, 94.17290568,   7.4
166, 164, 29.73395016, 94.16399601,   7.5
167, 164, 29.73190109, 94.15494750,   7.7
168, 164, 29.72983687, 94.14575829,   7.7
169, 164, 29.72775703, 94.13642649,   7.7
170, 164, 29.72566111, 94.12695015,   7.7
171, 164, 29.72354866, 94.11732734,   7.6
172, 164, 29.72141918, 94.10755604,   7.5
173, 164, 29.71927222, 94.09763426,   7.5
174, 164, 29.71710728, 94.08755993,   7.4
175, 164, 29.71492389, 94.07733098,   7.4
176, 164, 29.71272155, 94.06694529,   7.4
177, 164, 29.71049976, 94.05640073,   7.4
178, 164, 29.70825803, 94.04569511,   7.4
179, 164, 29.70599586, 94.03482622,   7.4
180, 164, 29.70371272, 94.02379182,   7.4
181, 164, 29.70140811, 94.01258963,   7.4
182, 164, 29.69908150, 94.00121734,   7.4
183, 164, 29.69673236, 93.98967260,   7.6
184, 164, 29.69436017, 93.97795303,   7.8
185, 164, 29.69196437, 93.96605622,   7.9
186, 164, 29.68954443, 93.95397970,   8.1
187, 164, 29.68709979, 93.94172099,   8.2
188, 164, 29.68462989, 93.92927756,   8.2
189, 164, 29.68213416, 93.91664685,   8.3
190, 164, 29.67961204, 93.90382625,   8.3
191, 164, 29.67706294, 93.89081311,   8.4
192, 164, 29.67448628, 93.87760476,   8.4
193, 164, 29.67188146, 93.86419847,   8.5
194, 164, 29.66924788, 93.85059148,   8.6
195, 164, 29.66658493, 93.83678099,   8.7
196, 164, 29.66389199, 93.82276416,   8.7
197, 164, 29.66116843, 93.80853808,   8.6
198, 164, 29.65841363, 93.79409985,   8.5
199, 164, 29.65562694, 93.77944648,   8.3
200, 164, 29.65280770, 93.76457496,   8.2
201, 164, 29.64995527, 93.74948222,   8.0
202, 164, 29.64706896, 93.73416517,   7.9
203, 164, 29.64414810, 93.71862064,   7.8
204, 164, 29.64119201, 93.70284545,   7.7
205, 164, 29.63819999, 93.68683634,   7.6
206, 164, 29.63517132, 93.67059003,   7.5
207, 164, 29.63210529, 93.65410318,   7.4
208, 164, 29.62900118, 93.63737239,   7.3
209, 164, 29.62585824, 93.62039423,   7.2
210, 164, 29.62267574, 93.60316520,   7.0
211, 164, 29.61945289, 93.58568178,   6.9
212, 164, 29.61618895, 93.56794037,   6.8
213, 164, 29.61288311, 93.54993732,   6.7
214, 164, 29.60953460, 93.53166894,   6.7
215, 164, 29.60614260, 93.51313149,   6.6
216, 164, 29.60270630, 93.49432115,   6.5
217, 164, 29.59922486, 93.47523406,   6.4
218, 164, 29.59569743, 93.45586632,   6.3
219, 164, 29.59212318, 93.43621394,   6.3
220, 164, 29.58850121, 93.41627291,   6.2
221, 164, 29.58483066, 93.39603913,   6.1
222, 164, 29.58111062, 93.37550845,   6.0
223, 164, 29.57734018, 93.35467668,   6.0
224, 164, 29.57351842, 93.33353954,   5.9
225, 164, 29.56964439, 93.31209270,   5.8
226, 164, 29.56571714, 93.29033178,   5.7
227, 164, 29.56173570, 93.26825232,   5.7
228, 164, 29.55769908, 93.24584980,   5.6
229, 164, 29.55360628, 93.22311965,   5.6
230, 164, 29.54945628, 93.20005720,   5.5
231, 164, 29.54524804, 93.17665776,   5.5
232, 164, 29.54098051, 93.15291653,   5.4
233, 164, 29.53665262, 93.12882867,   5.4
234, 164, 29.53226328, 93.10438926,   5.3
235, 164, 29.52781138, 93.07959330,   5.3
236, 164, 29.52329581, 93.05443574,   5.3
237, 164, 29.51871540, 93.02891143,   5.2
238, 164, 29.51406901, 93.00301519,   5.2
239, 164, 29.50935545, 92.97674171,   5.2
240, 164, 29.50457350, 92.95008566,   5.2
241, 164, 29.49972196, 92.92304159,   5.1
  1, 165, 30.18784277, 94.51689831,  99.9
  2, 165, 30.18204071, 94.51971086,  99.9
  3, 165, 30.17631800, 94.52245757,  99.9
  4, 165, 30.17067347, 94.52513905,  99.9
  5, 165, 30.16510592, 94.52775584,  99.9
  6, 165, 30.15961423, 94.53030853,  99.9
  7, 165, 30.15419724, 94.53279766,  99.9
  8, 165, 30.14885382, 94.53522376,  99.9
  9, 165, 30.14358289, 94.53758735,  99.9
 10, 165, 30.13838333, 94.53988893,  99.9
 11, 165, 30.13325407, 94.54212901,  99.9
 12, 165, 30.12819405, 94.54430807,  99.9
 13, 165, 30.12320222, 94.54642656,  99.9
 14, 165, 30.11827754, 94.54848494,  99.9
 15, 165, 30.11341899, 94.55048366,  99.9
 16, 165, 30.10862556, 94.55242315,  99.9
 17, 165, 30.10389626, 94.55430381,  99.9
 18, 165, 30.09923011, 94.55612606,  99.9
 19, 165, 30.09462613, 94.55789028,  99.9
 20, 165, 30.09008338, 94.55959685,  99.9
 21, 165, 30.08560091, 94.56124614,  99.9
 22, 165, 30.08117778, 94.56283851,  99.9
 23, 165, 30.07681309, 94.56437428,  99.9
 24, 165, 30.07250592, 94.56585380,  99.9
 25, 165, 30.06825538, 94.56727739,  99.9
 26, 165, 30.06406059, 94.56864533,  99.9
 27, 165, 30.05992067, 94.56995794,  99.9
 28, 165, 30.05583478, 94.57121550,  99.9
 29, 165, 30.05180205, 94.57241826,  99.9
 30, 165, 30.04782165, 94.57356650,  99.9
 31, 165, 30.04389276, 94.57466046,  99.9
 32, 165, 30.04001456, 94.57570037,  99.9
 33, 165, 30.03618623, 94.57668646,  99.9
 34, 165, 30.03240700, 94.57761895,  99.9
 35, 165, 30.02867607, 94.57849802,  99.9
 36, 165, 30.02499266, 94.57932389,  99.9
 37, 165, 30.02135602, 94.58009671,  99.9
 38, 165, 30.01776538, 94.58081666,  99.9
 39, 165, 30.01422000, 94.58148391,  99.9
 40, 165, 30.01071915, 94.58209858,  99.9
 41, 165, 30.00726209, 94.58266082,  99.9
 42, 165, 30.00384810, 94.58317075,  99.9
 43, 165, 30.00047648, 94.58362848,  99.9
 44, 165, 29.99714653, 94.58403412,  99.9
 45, 165, 29.99385755, 94.58438775,  99.9
 46, 165, 29.99060886, 94.58468945,  99.9
 47, 165, 29.98739979, 94.58493929,  99.9
 48, 165, 29.98422966, 94.58513732,  99.9
 49, 165, 29.98109782, 94.58528360,  99.9
 50, 165, 29.97800361, 94.58537817,  99.9
 51, 165, 29.97494640, 94.58542103,  99.9
 52, 165, 29.97192554, 94.58541221,  99.9
 53, 165, 29.96894041, 94.58535171,  99.9
 54, 165, 29.96599038, 94.58523953,  99.9
 55, 165, 29.96307485, 94.58507564,  99.9
 56, 165, 29.96019320, 94.58486001,  99.9
 57, 165, 29.95734484, 94.58459261,  99.9
 58, 165, 29.95452917, 94.58427337,  99.9
 59, 165, 29.95174561, 94.58390225,  99.9
 60, 165, 29.94899357, 94.58347916,  99.9
 61, 165, 29.94627248, 94.58300402,  99.9
 62, 165, 29.94358179, 94.58247674,  99.9
 63, 165, 29.94092091, 94.58189721,  99.9
 64, 165, 29.93828931, 94.58126532,  99.9
 65, 165, 29.93568644, 94.58058093,  99.9
 66, 165, 29.93311174, 94.57984391,  99.9
 67, 165, 29.93056469, 94.57905410,  99.9
 68, 165, 29.92804475, 94.57821135,  99.9
 69, 165, 29.92555140, 94.57731548,  99.9
 70, 165, 29.92308412, 94.57636632,  99.9
 71, 165, 29.92064240, 94.57536366,  99.9
 72, 165, 29.91822571, 94.57430730,  99.9
 73, 165, 29.91583357, 94.57319703,  99.9
 74, 165, 29.91346547, 94.57203261,  99.9
 75, 165, 29.91112091, 94.57081381,  99.9
 76, 165, 29.90879941, 94.56954037,  99.9
 77, 165, 29.90650049, 94.56821204,  99.9
 78, 165, 29.90422366, 94.56682854,  99.9
 79, 165, 29.90196844, 94.56538958,  99.9
 80, 165, 29.89973437, 94.56389488,  99.9
 81, 165, 29.89752099, 94.56234411,  99.9
 82, 165, 29.89532781, 94.56073697,  99.9
 83, 165, 29.89315440, 94.55907311,  99.9
 84, 165, 29.89100029, 94.55735220,  99.9
 85, 165, 29.88886504, 94.55557388,  99.9
 86, 165, 29.88674819, 94.55373778,  99.9
 87, 165, 29.88464930, 94.55184353,  99.9
 88, 165, 29.88256794, 94.54989072,  99.9
 89, 165, 29.88050367, 94.54787897,  99.9
 90, 165, 29.87845606, 94.54580785,  99.9
 91, 165, 29.87642468, 94.54367693,  99.9
 92, 165, 29.87440909, 94.54148577,  99.9
 93, 165, 29.87240889, 94.53923392,  99.9
 94, 165, 29.87042365, 94.53692091,  99.9
 95, 165, 29.86845295, 94.53454627,  99.9
 96, 165, 29.86649639, 94.53210951,  99.9
 97, 165, 29.86455354, 94.52961011,  99.9
 98, 165, 29.86262401, 94.52704756,  99.9
 99, 165, 29.86070738, 94.52442133,  99.9
100, 165, 29.85880326, 94.52173088,  99.9
101, 165, 29.85691124, 94.51897565,  99.9
102, 165, 29.85503094, 94.51615507,  99.9
103, 165, 29.85316194, 94.51326855,  99.9
104, 165, 29.85130386, 94.51031550,  99.9
105, 165, 29.84945631, 94.50729530,  99.9
106, 165, 29.84761889, 94.50420733,  99.9
107, 165, 29.84579123, 94.50105095,  99.9
108, 165, 29.84397293, 94.49782551,  99.9
109, 165, 29.84216362, 94.49453033,  99.9
110, 165, 29.84036290, 94.49116474,  99.9
111, 165, 29.83857041, 94.48772804,  99.9
112, 165, 29.83678576, 94.48421950,  99.9
113, 165, 29.83500857, 94.48063842,  99.9
114, 165, 29.83323847, 94.47698404,  99.9
115, 165, 29.83147509, 94.47325561,  99.9
116, 165, 29.82971805, 94.46945235,  99.9
117, 165, 29.82796698, 94.46557349,  99.9
118, 165, 29.82622150, 94.46161820,  99.9
119, 165, 29.82448126, 94.45758568,  99.9
120, 165, 29.82274587, 94.45347509,  99.9
121, 165, 29.82101498, 94.44928557,  99.9
122, 165, 29.81928821, 94.44501626,  99.9
123, 165, 29.81756519, 94.44066627,  99.9
124, 165, 29.81584556, 94.43623470,  99.9
125, 165, 29.81412896, 94.43172064,  99.9
126, 165, 29.81241501, 94.42712314,  99.9
127, 165, 29.81070336, 94.42244126,  99.9
128, 165, 29.80899364, 94.41767402,  99.9
129, 165, 29.80728547, 94.41282044,  99.9
130, 165, 29.80557851, 94.40787951,  99.9
131, 165, 29.80387237, 94.40285020,  99.9
132, 165, 29.80216671, 94.39773148,  99.9
133, 165, 29.80046114, 94.39252229,  99.9
134, 165, 29.79875531, 94.38722154,  99.9
135, 165, 29.79704885, 94.38182813,  99.9
136, 165, 29.79534140, 94.37634095,  99.9
137, 165, 29.79363258, 94.37075887,  99.9
138, 165, 29.79192203, 94.36508072,  99.9
139, 165, 29.79020938, 94.35930533,  99.9
140, 165, 29.78849427, 94.35343151,  99.9
141, 165, 29.78677631, 94.34745802,  99.9
142, 165, 29.78505515, 94.34138365,  99.9
143, 165, 29.78333041, 94.33520713,  99.9
144, 165, 29.78160171, 94.32892718,  99.9
145, 165, 29.77986868, 94.32254250,  99.9
146, 165, 29.77813094, 94.31605177,  99.9
147, 165, 29.77638813, 94.30945364,  99.9
148, 165, 29.77463985, 94.30274675,  99.9
149, 165, 29.77288573, 94.29592971,  99.9
150, 165, 29.77112539, 94.28900110,  99.9
151, 165, 29.76935845, 94.28195950,  99.9
152, 165, 29.76758451, 94.27480344,  99.9
153, 165, 29.76580318, 94.26753145,  99.9
154, 165, 29.76401409, 94.26014202,  99.9
155, 165, 29.76221684, 94.25263361,  99.9
156, 165, 29.76041103, 94.24500468,  99.9
157, 165, 29.75859626, 94.23725364,  99.9
158, 165, 29.75677215, 94.22937890,  99.9
159, 165, 29.75493828, 94.22137881,  99.9
160, 165, 29.75309425, 94.21325174,  99.9
161, 165, 29.75123966, 94.20499598,   7.1
162, 165, 29.74937409, 94.19660985,   7.3
163, 165, 29.74749713, 94.18809160,   7.3
164, 165, 29.74560837, 94.17943946,   7.3
165, 165, 29.74370738, 94.17065166,   7.3
166, 165, 29.74179375, 94.16172637,   7.5
167, 165, 29.73986704, 94.15266174,   7.6
168, 165, 29.73792683, 94.14345591,   7.6
169, 165, 29.73597269, 94.13410697,   7.6
170, 165, 29.73400417, 94.12461298,   7.6
171, 165, 29.73202085, 94.11497198,   7.6
172, 165, 29.73002226, 94.10518199,   7.5
173, 165, 29.72800797, 94.09524097,   7.4
174, 165, 29.72597751, 94.08514687,   7.4
175, 165, 29.72393044, 94.07489761,   7.3
176, 165, 29.72186629, 94.06449107,   7.3
177, 165, 29.71978459, 94.05392509,   7.2
178, 165, 29.71768488, 94.04319750,   7.2
179, 165, 29.71556667, 94.03230608,   7.2
180, 165, 29.71342949, 94.02124858,   7.1
181, 165, 29.71127284, 94.01002271,   7.1
182, 165, 29.70909625, 93.99862616,   7.1
183, 165, 29.70689920, 93.98705658,   7.2
184, 165, 29.70468120, 93.97531157,   7.5
185, 165, 29.70244174, 93.96338871,   7.7
186, 165, 29.70018030, 93.95128554,   8.0
187, 165, 29.69789637, 93.93899956,   8.2
188, 165, 29.69558942, 93.92652824,   8.3
189, 165, 29.69325891, 93.91386900,   8.3
190, 165, 29.69090432, 93.90101923,   8.3
191, 165, 29.68852508, 93.88797629,   8.3
192, 165, 29.68612066, 93.87473748,   8.4
193, 165, 29.68369049, 93.86130006,   8.5
194, 165, 29.68123400, 93.84766128,   8.7
195, 165, 29.67875063, 93.83381832,   8.8
196, 165, 29.67623979, 93.81976832,   8.8
197, 165, 29.67370089, 93.80550839,   8.7
198, 165, 29.67113333, 93.79103559,   8.6
199, 165, 29.66853652, 93.77634693,   8.5
200, 165, 29.66590984, 93.76143941,   8.3
201, 165, 29.66325268, 93.74630993,   8.2
202, 165, 29.66056439, 93.73095539,   8.1
203, 165, 29.65784435, 93.71537262,   8.0
204, 165, 29.65509190, 93.69955842,   7.9
205, 165, 29.65230640, 93.68350953,   7.8
206, 165, 29.64948718, 93.66722265,   7.6
207, 165, 29.64663355, 93.65069443,   7.5
208, 165, 29.64374485, 93.63392146,   7.4
209, 165, 29.64082038, 93.61690030,   7.3
210, 165, 29.63785942, 93.59962744,   7.2
211, 165, 29.63486127, 93.58209934,   7.1
212, 165, 29.63182521, 93.56431239,   7.0
213, 165, 29.62875049, 93.54626293,   6.9
214, 165, 29.62563637, 93.52794726,   6.8
215, 165, 29.62248209, 93.50936161,   6.7
216, 165, 29.61928688, 93.49050217,   6.6
217, 165, 29.61604997, 93.47136506,   6.6
218, 165, 29.61277055, 93.45194635,   6.5
219, 165, 29.60944782, 93.43224206,   6.4
220, 165, 29.60608097, 93.41224814,   6.4
221, 165, 29.60266915, 93.39196049,   6.3
222, 165, 29.59921154, 93.37137495,   6.2
223, 165, 29.59570726, 93.35048729,   6.2
224, 165, 29.59215545, 93.32929324,   6.1
225, 165, 29.58855522, 93.30778845,   6.0
226, 165, 29.58490568, 93.28596851,   5.9
227, 165, 29.58120590, 93.26382895,   5.8
228, 165, 29.57745496, 93.24136523,   5.8
229, 165, 29.57365192, 93.21857276,   5.7
230, 165, 29.56979581, 93.19544687,   5.7
231, 165, 29.56588565, 93.17198283,   5.7
232, 165, 29.56192047, 93.14817583,   5.6
233, 165, 29.55789924, 93.12402100,   5.6
234, 165, 29.55382094, 93.09951342,   5.5
235, 165, 29.54968452, 93.07464805,   5.5
236, 165, 29.54548894, 93.04941983,   5.4
237, 165, 29.54123310, 93.02382360,   5.4
238, 165, 29.53691591, 92.99785413,   5.4
239, 165, 29.53253625, 92.97150612,   5.4
240, 165, 29.52809299, 92.94477419,   5.3
241, 165, 29.52358497, 92.91765289,   5.3
  1, 166, 30.18533005, 94.51020739,  99.9
  2, 166, 30.17958591, 94.51311206,  99.9
  3, 166, 30.17392061, 94.51594951,  99.9
  4, 166, 30.16833297, 94.51872034,  99.9
  5, 166, 30.16282183, 94.52142516,  99.9
  6, 166, 30.15738606, 94.52406455,  99.9
  7, 166, 30.15202452, 94.52663906,  99.9
  8, 166, 30.14673610, 94.52914925,  99.9
  9, 166, 30.14151971, 94.53159566,  99.9
 10, 166, 30.13637426, 94.53397881,  99.9
 11, 166, 30.13129869, 94.53629922,  99.9
 12, 166, 30.12629195, 94.53855738,  99.9
 13, 166, 30.12135299, 94.54075377,  99.9
 14, 166, 30.11648080, 94.54288887,  99.9
 15, 166, 30.11167436, 94.54496313,  99.9
 16, 166, 30.10693267, 94.54697699,  99.9
 17, 166, 30.10225475, 94.54893090,  99.9
 18, 166, 30.09763963, 94.55082526,  99.9
 19, 166, 30.09308636, 94.55266049,  99.9
 20, 166, 30.08859398, 94.55443698,  99.9
 21, 166, 30.08416157, 94.55615510,  99.9
 22, 166, 30.07978821, 94.55781523,  99.9
 23, 166, 30.07547298, 94.55941772,  99.9
 24, 166, 30.07121500, 94.56096291,  99.9
 25, 166, 30.06701337, 94.56245114,  99.9
 26, 166, 30.06286723, 94.56388273,  99.9
 27, 166, 30.05877571, 94.56525799,  99.9
 28, 166, 30.05473797, 94.56657720,  99.9
 29, 166, 30.05075317, 94.56784066,  99.9
 30, 166, 30.04682048, 94.56904862,  99.9
 31, 166, 30.04293908, 94.57020137,  99.9
 32, 166, 30.03910817, 94.57129913,  99.9
 33, 166, 30.03532695, 94.57234216,  99.9
 34, 166, 30.03159464, 94.57333066,  99.9
 35, 166, 30.02791045, 94.57426487,  99.9
 36, 166, 30.02427363, 94.57514497,  99.9
 37, 166, 30.02068343, 94.57597116,  99.9
 38, 166, 30.01713908, 94.57674362,  99.9
 39, 166, 30.01363986, 94.57746251,  99.9
 40, 166, 30.01018505, 94.57812799,  99.9
 41, 166, 30.00677391, 94.57874021,  99.9
 42, 166, 30.00340575, 94.57929930,  99.9
 43, 166, 30.00007986, 94.57980538,  99.9
 44, 166, 29.99679555, 94.58025857,  99.9
 45, 166, 29.99355214, 94.58065895,  99.9
 46, 166, 29.99034895, 94.58100663,  99.9
 47, 166, 29.98718532, 94.58130168,  99.9
 48, 166, 29.98406060, 94.58154416,  99.9
 49, 166, 29.98097412, 94.58173414,  99.9
 50, 166, 29.97792525, 94.58187166,  99.9
 51, 166, 29.97491336, 94.58195674,  99.9
 52, 166, 29.97193781, 94.58198942,  99.9
 53, 166, 29.96899799, 94.58196970,  99.9
 54, 166, 29.96609329, 94.58189759,  99.9
 55, 166, 29.96322310, 94.58177307,  99.9
 56, 166, 29.96038682, 94.58159613,  99.9
 57, 166, 29.95758387, 94.58136672,  99.9
 58, 166, 29.95481366, 94.58108481,  99.9
 59, 166, 29.95207562, 94.58075035,  99.9
 60, 166, 29.94936917, 94.58036326,  99.9
 61, 166, 29.94669375, 94.57992347,  99.9
 62, 166, 29.94404880, 94.57943089,  99.9
 63, 166, 29.94143378, 94.57888542,  99.9
 64, 166, 29.93884813, 94.57828696,  99.9
 65, 166, 29.93629132, 94.57763538,  99.9
 66, 166, 29.93376282, 94.57693056,  99.9
 67, 166, 29.93126210, 94.57617234,  99.9
 68, 166, 29.92878863, 94.57536057,  99.9
 69, 166, 29.92634191, 94.57449509,  99.9
 70, 166, 29.92392142, 94.57357572,  99.9
 71, 166, 29.92152666, 94.57260227,  99.9
 72, 166, 29.91915712, 94.57157454,  99.9
 73, 166, 29.91681232, 94.57049233,  99.9
 74, 166, 29.91449176, 94.56935540,  99.9
 75, 166, 29.91219496, 94.56816354,  99.9
 76, 166, 29.90992145, 94.56691648,  99.9
 77, 166, 29.90767073, 94.56561398,  99.9
 78, 166, 29.90544236, 94.56425576,  99.9
 79, 166, 29.90323585, 94.56284155,  99.9
 80, 166, 29.90105076, 94.56137106,  99.9
 81, 166, 29.89888661, 94.55984397,  99.9
 82, 166, 29.89674297, 94.55825999,  99.9
 83, 166, 29.89461938, 94.55661877,  99.9
 84, 166, 29.89251540, 94.55491998,  99.9
 85, 166, 29.89043059, 94.55316327,  99.9
 86, 166, 29.88836451, 94.55134829,  99.9
 87, 166, 29.88631673, 94.54947464,  99.9
 88, 166, 29.88428682, 94.54754194,  99.9
 89, 166, 29.88227435, 94.54554981,  99.9
 90, 166, 29.88027892, 94.54349781,  99.9
 91, 166, 29.87830009, 94.54138553,  99.9
 92, 166, 29.87633745, 94.53921254,  99.9
 93, 166, 29.87439059, 94.53697837,  99.9
 94, 166, 29.87245911, 94.53468258,  99.9
 95, 166, 29.87054259, 94.53232468,  99.9
 96, 166, 29.86864064, 94.52990418,  99.9
 97, 166, 29.86675285, 94.52742059,  99.9
 98, 166, 29.86487884, 94.52487339,  99.9
 99, 166, 29.86301820, 94.52226205,  99.9
100, 166, 29.86117055, 94.51958604,  99.9
101, 166, 29.85933549, 94.51684479,  99.9
102, 166, 29.85751265, 94.51403774,  99.9
103, 166, 29.85570163, 94.51116431,  99.9
104, 166, 29.85390206, 94.50822390,  99.9
105, 166, 29.85211355, 94.50521591,  99.9
106, 166, 29.85033574, 94.50213971,  99.9
107, 166, 29.84856824, 94.49899466,  99.9
108, 166, 29.84681069, 94.49578011,  99.9
109, 166, 29.84506270, 94.49249539,  99.9
110, 166, 29.84332392, 94.48913983,  99.9
111, 166, 29.84159398, 94.48571273,  99.9
112, 166, 29.83987251, 94.48221338,  99.9
113, 166, 29.83815914, 94.47864105,  99.9
114, 166, 29.83645352, 94.47499500,  99.9
115, 166, 29.83475528, 94.47127448,  99.9
116, 166, 29.83306407, 94.46747871,  99.9
117, 166, 29.83137952, 94.46360691,  99.9
118, 166, 29.82970128, 94.45965828,  99.9
119, 166, 29.82802899, 94.45563200,  99.9
120, 166, 29.82636230, 94.45152722,  99.9
121, 166, 29.82470085, 94.44734311,  99.9
122, 166, 29.82304428, 94.44307879,  99.9
123, 166, 29.82139226, 94.43873339,  99.9
124, 166, 29.81974442, 94.43430599,  99.9
125, 166, 29.81810041, 94.42979569,  99.9
126, 166, 29.81645989, 94.42520154,  99.9
127, 166, 29.81482250, 94.42052259,  99.9
128, 166, 29.81318790, 94.41575788,  99.9
129, 166, 29.81155572, 94.41090642,  99.9
130, 166, 29.80992564, 94.40596720,  99.9
131, 166, 29.80829729, 94.40093919,  99.9
132, 166, 29.80667032, 94.39582137,  99.9
133, 166, 29.80504439, 94.39061265,  99.9
134, 166, 29.80341916, 94.38531197,  99.9
135, 166, 29.80179426, 94.37991822,  99.9
136, 166, 29.80016935, 94.37443030,  99.9
137, 166, 29.79854408, 94.36884705,  99.9
138, 166, 29.79691810, 94.36316733,  99.9
139, 166, 29.79529106, 94.35738996,  99.9
140, 166, 29.79366261, 94.35151373,  99.9
141, 166, 29.79203239, 94.34553744,  99.9
142, 166, 29.79040006, 94.33945984,  99.9
143, 166, 29.78876525, 94.33327967,  99.9
144, 166, 29.78712762, 94.32699566,  99.9
145, 166, 29.78548681, 94.32060650,  99.9
146, 166, 29.78384246, 94.31411086,  99.9
147, 166, 29.78219422, 94.30750741,  99.9
148, 166, 29.78054172, 94.30079477,  99.9
149, 166, 29.77888460, 94.29397156,  99.9
150, 166, 29.77722251, 94.28703636,  99.9
151, 166, 29.77555508, 94.27998773,  99.9
152, 166, 29.77388194, 94.27282421,  99.9
153, 166, 29.77220273, 94.26554433,   6.4
154, 166, 29.77051708, 94.25814656,  99.9
155, 166, 29.76882461, 94.25062939,  99.9
156, 166, 29.76712496, 94.24299125,  99.9
157, 166, 29.76541776, 94.23523057,  99.9
158, 166, 29.76370261, 94.22734573,  99.9
159, 166, 29.76197915, 94.21933511,  99.9
160, 166, 29.76024700, 94.21119704,  99.9
161, 166, 29.75850576, 94.20292984,  99.9
162, 166, 29.75675506, 94.19453180,   7.2
163, 166, 29.75499450, 94.18600118,   7.2
164, 166, 29.75322369, 94.17733621,   7.2
165, 166, 29.75144224, 94.16853511,   7.3
166, 166, 29.74964975, 94.15959605,   7.4
167, 166, 29.74784582, 94.15051719,   7.5
168, 166, 29.74603004, 94.14129663,   7.5
169, 166, 29.74420200, 94.13193248,   7.5
170, 166, 29.74236131, 94.12242280,   7.5
171, 166, 29.74050753, 94.11276563,   7.5
172, 166, 29.73864026, 94.10295895,   7.5
173, 166, 29.73675906, 94.09300076,   7.4
174, 166, 29.73486353, 94.08288898,   7.3
175, 166, 29.73295322, 94.07262152,   7.2
176, 166, 29.73102770, 94.06219627,   7.2
177, 166, 29.72908653, 94.05161107,   7.1
178, 166, 29.72712928, 94.04086373,   7.1
179, 166, 29.72515549, 94.02995202,   7.0
180, 166, 29.72316472, 94.01887370,   6.9
181, 166, 29.72115650, 94.00762648,   6.9
182, 166, 29.71913038, 93.99620802,   6.9
183, 166, 29.71708589, 93.98461597,   7.0
184, 166, 29.71502256, 93.97284795,   7.3
185, 166, 29.71293992, 93.96090150,   7.6
186, 166, 29.71083748, 93.94877418,   7.9
187, 166, 29.70871475, 93.93646346,   8.1
188, 166, 29.70657124, 93.92396682,   8.2
189, 166, 29.70440646, 93.91128167,   8.2
190, 166, 29.70221989, 93.89840539,   8.2
191, 166, 29.70001103, 93.88533533,   8.3
192, 166, 29.69777937, 93.87206879,   8.4
193, 166, 29.69552437, 93.85860302,   8.5
194, 166, 29.69324551, 93.84493525,   8.6
195, 166, 29.69094225, 93.83106267,   8.7
196, 166, 29.68861404, 93.81698240,   8.8
197, 166, 29.68626034, 93.80269155,   8.8
198, 166, 29.68388060, 93.78818717,   8.8
199, 166, 29.68147423, 93.77346626,   8.6
200, 166, 29.67904068, 93.75852579,   8.5
201, 166, 29.67657935, 93.74336269,   8.4
202, 166, 29.67408967, 93.72797383,   8.2
203, 166, 29.67157103, 93.71235603,   8.1
204, 166, 29.66902283, 93.69650607,   8.0
205, 166, 29.66644446, 93.68042070,   7.9
206, 166, 29.66383529, 93.66409660,   7.8
207, 166, 29.66119469, 93.64753041,   7.7
208, 166, 29.65852203, 93.63071871,   7.6
209, 166, 29.65581665, 93.61365805,   7.5
210, 166, 29.65307789, 93.59634491,   7.4
211, 166, 29.65030509, 93.57877573,   7.3
212, 166, 29.64749757, 93.56094690,   7.2
213, 166, 29.64465463, 93.54285474,   7.1
214, 166, 29.64177559, 93.52449554,   7.0
215, 166, 29.63885972, 93.50586552,   6.9
216, 166, 29.63590631, 93.48696085,   6.8
217, 166, 29.63291463, 93.46777765,   6.8
218, 166, 29.62988393, 93.44831196,   6.7
219, 166, 29.62681346, 93.42855980,   6.6
220, 166, 29.62370246, 93.40851709,   6.6
221, 166, 29.62055013, 93.38817974,   6.5
222, 166, 29.61735570, 93.36754355,   6.4
223, 166, 29.61411835, 93.34660430,   6.4
224, 166, 29.61083728, 93.32535768,   6.3
225, 166, 29.60751164, 93.30379934,   6.2
226, 166, 29.60414061, 93.28192485,   6.1
227, 166, 29.60072331, 93.25972972,   6.1
228, 166, 29.59725888, 93.23720940,   6.0
229, 166, 29.59374644, 93.21435929,   5.9
230, 166, 29.59018507, 93.19117468,   5.9
231, 166, 29.58657387, 93.16765084,   5.8
232, 166, 29.58291191, 93.14378294,   5.8
233, 166, 29.57919823, 93.11956609,   5.8
234, 166, 29.57543188, 93.09499534,   5.7
235, 166, 29.57161187, 93.07006565,   5.7
236, 166, 29.56773720, 93.04477193,   5.6
237, 166, 29.56380687, 93.01910900,   5.6
238, 166, 29.55981985, 92.99307161,   5.6
239, 166, 29.55577508, 92.96665444,   5.5
240, 166, 29.55167149, 92.93985209,   5.5
241, 166, 29.54750801, 92.91265908,   5.5
  1, 167, 30.18273690, 94.50358431,  99.9
  2, 167, 30.17705189, 94.50658047,  99.9
  3, 167, 30.17144517, 94.50950805,  99.9
  4, 167, 30.16591560, 94.51236766,  99.9
  5, 167, 30.16046202, 94.51515992,  99.9
  6, 167, 30.15508330, 94.51788543,  99.9
  7, 167, 30.14977833, 94.52054478,  99.9
  8, 167, 30.14454602, 94.52313853,  99.9
  9, 167, 30.13938527, 94.52566723,  99.9
 10, 167, 30.13429501, 94.52813144,  99.9
 11, 167, 30.12927419, 94.53053168,  99.9
 12, 167, 30.12432177, 94.53286845,  99.9
 13, 167, 30.11943672, 94.53514228,  99.9
 14, 167, 30.11461803, 94.53735363,  99.9
 15, 167, 30.10986470, 94.53950298,  99.9
 16, 167, 30.10517575, 94.54159080,  99.9
 17, 167, 30.10055019, 94.54361753,  99.9
 18, 167, 30.09598708, 94.54558360,  99.9
 19, 167, 30.09148546, 94.54748944,  99.9
 20, 167, 30.08704440, 94.54933546,  99.9
 21, 167, 30.08266297, 94.55112204,  99.9
 22, 167, 30.07834028, 94.55284958,  99.9
 23, 167, 30.07407543, 94.55451844,  99.9
 24, 167, 30.06986752, 94.55612898,  99.9
 25, 167, 30.06571568, 94.55768154,  99.9
 26, 167, 30.06161906, 94.55917647,  99.9
 27, 167, 30.05757680, 94.56061407,  99.9
 28, 167, 30.05358806, 94.56199466,  99.9
 29, 167, 30.04965202, 94.56331853,  99.9
 30, 167, 30.04576785, 94.56458597,  99.9
 31, 167, 30.04193476, 94.56579725,  99.9
 32, 167, 30.03815194, 94.56695264,  99.9
 33, 167, 30.03441861, 94.56805237,  99.9
 34, 167, 30.03073400, 94.56909669,  99.9
 35, 167, 30.02709733, 94.57008581,  99.9
 36, 167, 30.02350786, 94.57101996,  99.9
 37, 167, 30.01996484, 94.57189934,  99.9
 38, 167, 30.01646753, 94.57272413,  99.9
 39, 167, 30.01301520, 94.57349452,  99.9
 40, 167, 30.00960714, 94.57421067,  99.9
 41, 167, 30.00624264, 94.57487273,  99.9
 42, 167, 30.00292100, 94.57548086,  99.9
 43, 167, 29.99964154, 94.57603517,  99.9
 44, 167, 29.99640356, 94.57653581,  99.9
 45, 167, 29.99320639, 94.57698286,  99.9
 46, 167, 29.99004938, 94.57737644,  99.9
 47, 167, 29.98693186, 94.57771664,  99.9
 48, 167, 29.98385318, 94.57800351,  99.9
 49, 167, 29.98081271, 94.57823714,  99.9
 50, 167, 29.97780982, 94.57841758,  99.9
 51, 167, 29.97484387, 94.57854486,  99.9
 52, 167, 29.97191426, 94.57861902,  99.9
 53, 167, 29.96902037, 94.57864008,  99.9
 54, 167, 29.96616160, 94.57860805,  99.9
 55, 167, 29.96333735, 94.57852293,  99.9
 56, 167, 29.96054704, 94.57838470,  99.9
 57, 167, 29.95779009, 94.57819334,  99.9
 58, 167, 29.95506592, 94.57794881,  99.9
 59, 167, 29.95237396, 94.57765107,  99.9
 60, 167, 29.94971366, 94.57730005,  99.9
 61, 167, 29.94708447, 94.57689570,  99.9
 62, 167, 29.94448582, 94.57643792,  99.9
 63, 167, 29.94191719, 94.57592663,  99.9
 64, 167, 29.93937804, 94.57536172,  99.9
 65, 167, 29.93686783, 94.57474309,  99.9
 66, 167, 29.93438605, 94.57407060,  99.9
 67, 167, 29.93193218, 94.57334412,  99.9
 68, 167, 29.92950571, 94.57256350,  99.9
 69, 167, 29.92710612, 94.57172858,  99.9
 70, 167, 29.92473293, 94.57083919,  99.9
 71, 167, 29.92238563, 94.56989515,  99.9
 72, 167, 29.92006373, 94.56889627,  99.9
 73, 167, 29.91776676, 94.56784234,  99.9
 74, 167, 29.91549423, 94.56673314,  99.9
 75, 167, 29.91324567, 94.56556845,  99.9
 76, 167, 29.91102061, 94.56434803,  99.9
 77, 167, 29.90881858, 94.56307162,  99.9
 78, 167, 29.90663912, 94.56173897,  99.9
 79, 167, 29.90448179, 94.56034980,  99.9
 80, 167, 29.90234612, 94.55890382,  99.9
 81, 167, 29.90023167, 94.55740073,  99.9
 82, 167, 29.89813801, 94.55584023,  99.9
 83, 167, 29.89606469, 94.55422199,  99.9
 84, 167, 29.89401127, 94.55254568,  99.9
 85, 167, 29.89197734, 94.55081095,  99.9
 86, 167, 29.88996246, 94.54901744,  99.9
 87, 167, 29.88796621, 94.54716479,  99.9
 88, 167, 29.88598817, 94.54525261,  99.9
 89, 167, 29.88402794, 94.54328050,  99.9
 90, 167, 29.88208509, 94.54124805,  99.9
 91, 167, 29.88015923, 94.53915486,  99.9
 92, 167, 29.87824995, 94.53700047,  99.9
 93, 167, 29.87635684, 94.53478445,  99.9
 94, 167, 29.87447952, 94.53250634,  99.9
 95, 167, 29.87261758, 94.53016567,  99.9
 96, 167, 29.87077065, 94.52776195,  99.9
 97, 167, 29.86893832, 94.52529468,  99.9
 98, 167, 29.86712021, 94.52276335,  99.9
 99, 167, 29.86531595, 94.52016745,  99.9
100, 167, 29.86352515, 94.51750642,  99.9
101, 167, 29.86174744, 94.51477972,  99.9
102, 167, 29.85998243, 94.51198679,  99.9
103, 167, 29.85822977, 94.50912705,  99.9
104, 167, 29.85648909, 94.50619990,  99.9
105, 167, 29.85476000, 94.50320473,  99.9
106, 167, 29.85304216, 94.50014093,  99.9
107, 167, 29.85133520, 94.49700786,  99.9
108, 167, 29.84963876, 94.49380487,  99.9
109, 167, 29.84795247, 94.49053130,  99.9
110, 167, 29.84627599, 94.48718647,  99.9
111, 167, 29.84460896, 94.48376968,  99.9
112, 167, 29.84295103, 94.48028023,  99.9
113, 167, 29.84130184, 94.47671739,  99.9
114, 167, 29.83966106, 94.47308043,  99.9
115, 167, 29.83802832, 94.46936859,  99.9
116, 167, 29.83640328, 94.46558110,  99.9
117, 167, 29.83478561, 94.46171717,  99.9
118, 167, 29.83317495, 94.45777601,  99.9
119, 167, 29.83157097, 94.45375680,  99.9
120, 167, 29.82997332, 94.44965870,  99.9
121, 167, 29.82838166, 94.44548086,  99.9
122, 167, 29.82679565, 94.44122242,  99.9
123, 167, 29.82521497, 94.43688250,  99.9
124, 167, 29.82363926, 94.43246019,  99.9
125, 167, 29.82206820, 94.42795458,  99.9
126, 167, 29.82050144, 94.42336473,  99.9
127, 167, 29.81893866, 94.41868969,  99.9
128, 167, 29.81737952, 94.41392850,  99.9
129, 167, 29.81582368, 94.40908016,  99.9
130, 167, 29.81427081, 94.40414367,  99.9
131, 167, 29.81272059, 94.39911801,  99.9
132, 167, 29.81117267, 94.39400213,  99.9
133, 167, 29.80962672, 94.38879498,  99.9
134, 167, 29.80808241, 94.38349546,  99.9
135, 167, 29.80653942, 94.37810250,  99.9
136, 167, 29.80499740, 94.37261496,  99.9
137, 167, 29.80345602, 94.36703171,  99.9
138, 167, 29.80191495, 94.36135159,  99.9
139, 167, 29.80037386, 94.35557343,  99.9
140, 167, 29.79883242, 94.34969602,  99.9
141, 167, 29.79729028, 94.34371815,  99.9
142, 167, 29.79574712, 94.33763858,  99.9
143, 167, 29.79420260, 94.33145605,  99.9
144, 167, 29.79265639, 94.32516928,  99.9
145, 167, 29.79110814, 94.31877696,  99.9
146, 167, 29.78955752, 94.31227777,  99.9
147, 167, 29.78800419, 94.30567036,  99.9
148, 167, 29.78644782, 94.29895337,  99.9
149, 167, 29.78488806, 94.29212540,  99.9
150, 167, 29.78332457, 94.28518503,  99.9
151, 167, 29.78175700, 94.27813083,  99.9
152, 167, 29.78018502, 94.27096134,  99.9
153, 167, 29.77860827, 94.26367507,   6.5
154, 167, 29.77702642, 94.25627052,   6.0
155, 167, 29.77543910, 94.24874614,  99.9
156, 167, 29.77384597, 94.24110037,   6.7
157, 167, 29.77224668, 94.23333165,  99.9
158, 167, 29.77064087, 94.22543835,  99.9
159, 167, 29.76902819, 94.21741884,   7.1
160, 167, 29.76740828, 94.20927146,  99.9
161, 167, 29.76578077, 94.20099453,   7.2
162, 167, 29.76414531, 94.19258632,   7.2
163, 167, 29.76250152, 94.18404510,   7.2
164, 167, 29.76084904, 94.17536910,   7.1
165, 167, 29.75918751, 94.16655652,   7.2
166, 167, 29.75751654, 94.15760555,   7.3
167, 167, 29.75583576, 94.14851431,   7.4
168, 167, 29.75414480, 94.13928094,   7.4
169, 167, 29.75244326, 94.12990353,   7.4
170, 167, 29.75073078, 94.12038012,   7.3
171, 167, 29.74900695, 94.11070876,   7.3
172, 167, 29.74727138, 94.10088744,   7.4
173, 167, 29.74552369, 94.09091412,   7.3
174, 167, 29.74376348, 94.08078675,   7.2
175, 167, 29.74199034, 94.07050322,   7.1
176, 167, 29.74020386, 94.06006142,   7.1
177, 167, 29.73840365, 94.04945918,   7.0
178, 167, 29.73658927, 94.03869431,   7.0
179, 167, 29.73476033, 94.02776457,   6.9
180, 167, 29.73291639, 94.01666773,   6.8
181, 167, 29.73105704, 94.00540146,   6.7
182, 167, 29.72918183, 93.99396346,   6.7
183, 167, 29.72729034, 93.98235135,   6.8
184, 167, 29.72538213, 93.97056273,   7.1
185, 167, 29.72345674, 93.95859517,   7.4
186, 167, 29.72151375, 93.94644620,   7.7
187, 167, 29.71955268, 93.93411329,   7.9
188, 167, 29.71757308, 93.92159391,   7.9
189, 167, 29.71557448, 93.90888547,   8.0
190, 167, 29.71355642, 93.89598533,   8.1
191, 167, 29.71151841, 93.88289085,   8.1
192, 167, 29.70945998, 93.86959931,   8.2
193, 167, 29.70738065, 93.85610797,   8.3
194, 167, 29.70527990, 93.84241404,   8.5
195, 167, 29.70315725, 93.82851469,   8.6
196, 167, 29.70101219, 93.81440706,   8.8
197, 167, 29.69884421, 93.80008824,   8.8
198, 167, 29.69665278, 93.78555526,   8.8
199, 167, 29.69443738, 93.77080513,   8.7
200, 167, 29.69219748, 93.75583481,   8.6
201, 167, 29.68993253, 93.74064121,   8.5
202, 167, 29.68764199, 93.72522119,   8.4
203, 167, 29.68532531, 93.70957158,   8.3
204, 167, 29.68298191, 93.69368914,   8.2
205, 167, 29.68061123, 93.67757060,   8.1
206, 167, 29.67821268, 93.66121264,   8.0
207, 167, 29.67578569, 93.64461189,   7.9
208, 167, 29.67332965, 93.62776492,   7.8
209, 167, 29.67084395, 93.61066827,   7.7
210, 167, 29.66832800, 93.59331842,   7.6
211, 167, 29.66578115, 93.57571178,   7.5
212, 167, 29.66320279, 93.55784473,   7.4
213, 167, 29.66059226, 93.53971359,   7.3
214, 167, 29.65794892, 93.52131464,   7.2
215, 167, 29.65527211, 93.50264408,   7.1
216, 167, 29.65256115, 93.48369806,   7.0
217, 167, 29.64981536, 93.46447270,   6.9
218, 167, 29.64703405, 93.44496404,   6.9
219, 167, 29.64421652, 93.42516806,   6.8
220, 167, 29.64136204, 93.40508069,   6.7
221, 167, 29.63846990, 93.38469781,   6.7
222, 167, 29.63553936, 93.36401521,   6.6
223, 167, 29.63256966, 93.34302866,   6.6
224, 167, 29.62956005, 93.32173383,   6.5
225, 167, 29.62650975, 93.30012636,   6.4
226, 167, 29.62341797, 93.27820181,   6.4
227, 167, 29.62028391, 93.25595567,   6.3
228, 167, 29.61710676, 93.23338337,   6.2
229, 167, 29.61388570, 93.21048029,   6.1
230, 167, 29.61061987, 93.18724172,   6.1
231, 167, 29.60730843, 93.16366289,   6.0
232, 167, 29.60395050, 93.13973898,   6.0
233, 167, 29.60054521, 93.11546506,   6.0
234, 167, 29.59709164, 93.09083618,   5.9
235, 167, 29.59358889, 93.06584727,   5.9
236, 167, 29.59003602, 93.04049323,   5.8
237, 167, 29.58643208, 93.01476884,   5.8
238, 167, 29.58277612, 92.98866886,   5.8
239, 167, 29.57906714, 92.96218793,   5.7
240, 167, 29.57530415, 92.93532063,   5.7
241, 167, 29.57148613, 92.90806147,   5.7
  1, 168, 30.18006387, 94.49703046,  99.9
  2, 168, 30.17443916, 94.50011748,  99.9
  3, 168, 30.16889221, 94.50313455,  99.9
  4, 168, 30.16342186, 94.50608232,  99.9
  5, 168, 30.15802698, 94.50896142,  99.9
  6, 168, 30.15270645, 94.51177248,  99.9
  7, 168, 30.14745917, 94.51451609,  99.9
  8, 168, 30.14228405, 94.51719284,  99.9
  9, 168, 30.13718001, 94.51980330,  99.9
 10, 168, 30.13214601, 94.52234803,  99.9
 11, 168, 30.12718099, 94.52482759,  99.9
 12, 168, 30.12228393, 94.52724248,  99.9
 13, 168, 30.11745382, 94.52959325,  99.9
 14, 168, 30.11268964, 94.53188038,  99.9
 15, 168, 30.10799042, 94.53410437,  99.9
 16, 168, 30.10335517, 94.53626569,  99.9
 17, 168, 30.09878295, 94.53836481,  99.9
 18, 168, 30.09427279, 94.54040217,  99.9
 19, 168, 30.08982376, 94.54237822,  99.9
 20, 168, 30.08543495, 94.54429337,  99.9
 21, 168, 30.08110543, 94.54614803,  99.9
 22, 168, 30.07683432, 94.54794261,  99.9
 23, 168, 30.07262072, 94.54967748,  99.9
 24, 168, 30.06846376, 94.55135302,  99.9
 25, 168, 30.06436259, 94.55296958,  99.9
 26, 168, 30.06031634, 94.55452752,  99.9
 27, 168, 30.05632418, 94.55602716,  99.9
 28, 168, 30.05238527, 94.55746883,  99.9
 29, 168, 30.04849881, 94.55885284,  99.9
 30, 168, 30.04466399, 94.56017948,  99.9
 31, 168, 30.04088000, 94.56144904,  99.9
 32, 168, 30.03714607, 94.56266179,  99.9
 33, 168, 30.03346141, 94.56381799,  99.9
 34, 168, 30.02982526, 94.56491789,  99.9
 35, 168, 30.02623688, 94.56596173,  99.9
 36, 168, 30.02269550, 94.56694973,  99.9
 37, 168, 30.01920041, 94.56788211,  99.9
 38, 168, 30.01575086, 94.56875905,  99.9
 39, 168, 30.01234614, 94.56958077,  99.9
 40, 168, 30.00898556, 94.57034742,  99.9
 41, 168, 30.00566840, 94.57105919,  99.9
 42, 168, 30.00239398, 94.57171622,  99.9
 43, 168, 29.99916162, 94.57231865,  99.9
 44, 168, 29.99597064, 94.57286662,  99.9
 45, 168, 29.99282039, 94.57336025,  99.9
 46, 168, 29.98971021, 94.57379965,  99.9
 47, 168, 29.98663945, 94.57418490,  99.9
 48, 168, 29.98360747, 94.57451611,  99.9
 49, 168, 29.98061365, 94.57479333,  99.9
 50, 168, 29.97765735, 94.57501665,  99.9
 51, 168, 29.97473797, 94.57518610,  99.9
 52, 168, 29.97185490, 94.57530172,  99.9
 53, 168, 29.96900754, 94.57536355,  99.9
 54, 168, 29.96619530, 94.57537161,  99.9
 55, 168, 29.96341758, 94.57532589,  99.9
 56, 168, 29.96067382, 94.57522640,  99.9
 57, 168, 29.95796344, 94.57507312,  99.9
 58, 168, 29.95528588, 94.57486602,  99.9
 59, 168, 29.95264058, 94.57460506,  99.9
 60, 168, 29.95002699, 94.57429019,  99.9
 61, 168, 29.94744456, 94.57392134,  99.9
 62, 168, 29.94489277, 94.57349846,  99.9
 63, 168, 29.94237106, 94.57302145,  99.9
 64, 168, 29.93987893, 94.57249021,  99.9
 65, 168, 29.93741585, 94.57190464,  99.9
 66, 168, 29.93498131, 94.57126463,  99.9
 67, 168, 29.93257480, 94.57057004,  99.9
 68, 168, 29.93019582, 94.56982072,  99.9
 69, 168, 29.92784388, 94.56901654,  99.9
 70, 168, 29.92551847, 94.56815731,  99.9
 71, 168, 29.92321913, 94.56724288,  99.9
 72, 168, 29.92094536, 94.56627304,  99.9
 73, 168, 29.91869670, 94.56524761,  99.9
 74, 168, 29.91647268, 94.56416637,  99.9
 75, 168, 29.91427282, 94.56302910,  99.9
 76, 168, 29.91209668, 94.56183556,  99.9
 77, 168, 29.90994379, 94.56058552,  99.9
 78, 168, 29.90781371, 94.55927870,  99.9
 79, 168, 29.90570599, 94.55791485,  99.9
 80, 168, 29.90362020, 94.55649369,  99.9
 81, 168, 29.90155589, 94.55501491,  99.9
 82, 168, 29.89951264, 94.55347821,  99.9
 83, 168, 29.89749002, 94.55188328,  99.9
 84, 168, 29.89548760, 94.55022979,  99.9
 85, 168, 29.89350497, 94.54851740,  99.9
 86, 168, 29.89154171, 94.54674575,  99.9
 87, 168, 29.88959741, 94.54491447,  99.9
 88, 168, 29.88767166, 94.54302319,  99.9
 89, 168, 29.88576406, 94.54107152,  99.9
 90, 168, 29.88387422, 94.53905905,  99.9
 91, 168, 29.88200173, 94.53698536,  99.9
 92, 168, 29.88014620, 94.53485004,  99.9
 93, 168, 29.87830724, 94.53265262,  99.9
 94, 168, 29.87648447, 94.53039267,  99.9
 95, 168, 29.87467750, 94.52806971,  99.9
 96, 168, 29.87288596, 94.52568326,  99.9
 97, 168, 29.87110947, 94.52323282,  99.9
 98, 168, 29.86934766, 94.52071790,  99.9
 99, 168, 29.86760015, 94.51813796,  99.9
100, 168, 29.86586657, 94.51549247,  99.9
101, 168, 29.86414658, 94.51278089,  99.9
102, 168, 29.86243979, 94.51000266,  99.9
103, 168, 29.86074585, 94.50715719,  99.9
104, 168, 29.85906441, 94.50424390,  99.9
105, 168, 29.85739512, 94.50126218,  99.9
106, 168, 29.85573760, 94.49821142,  99.9
107, 168, 29.85409153, 94.49509098,  99.9
108, 168, 29.85245655, 94.49190021,  99.9
109, 168, 29.85083232, 94.48863846,  99.9
110, 168, 29.84921849, 94.48530505,  99.9
111, 168, 29.84761472, 94.48189929,  99.9
112, 168, 29.84602068, 94.47842046,  99.9
113, 168, 29.84443602, 94.47486786,  99.9
114, 168, 29.84286041, 94.47124074,  99.9
115, 168, 29.84129351, 94.46753834,  99.9
116, 168, 29.83973500, 94.46375991,  99.9
117, 168, 29.83818454, 94.45990466,  99.9
118, 168, 29.83664180, 94.45597179,  99.9
119, 168, 29.83510646, 94.45196048,  99.9
120, 168, 29.83357819, 94.44786990,  99.9
121, 168, 29.83205665, 94.44369921,  99.9
122, 168, 29.83054154, 94.43944753,  99.9
123, 168, 29.82903252, 94.43511399,  99.9
124, 168, 29.82752928, 94.43069768,  99.9
125, 168, 29.82603149, 94.42619770,  99.9
126, 168, 29.82453883, 94.42161310,  99.9
127, 168, 29.82305098, 94.41694295,  99.9
128, 168, 29.82156763, 94.41218626,  99.9
129, 168, 29.82008845, 94.40734205,  99.9
130, 168, 29.81861314, 94.40240931,  99.9
131, 168, 29.81714136, 94.39738704,  99.9
132, 168, 29.81567281, 94.39227417,  99.9
133, 168, 29.81420717, 94.38706965,  99.9
134, 168, 29.81274412, 94.38177241,  99.9
135, 168, 29.81128335, 94.37638134,  99.9
136, 168, 29.80982454, 94.37089533,  99.9
137, 168, 29.80836738, 94.36531323,  99.9
138, 168, 29.80691155, 94.35963389,  99.9
139, 168, 29.80545673, 94.35385614,  99.9
140, 168, 29.80400262, 94.34797877,  99.9
141, 168, 29.80254889, 94.34200057,  99.9
142, 168, 29.80109523, 94.33592029,  99.9
143, 168, 29.79964132, 94.32973667,  99.9
144, 168, 29.79818685, 94.32344844,  99.9
145, 168, 29.79673149, 94.31705429,  99.9
146, 168, 29.79527493, 94.31055289,  99.9
147, 168, 29.79381685, 94.30394290,  99.9
148, 168, 29.79235693, 94.29722294,  99.9
149, 168, 29.79089485, 94.29039163,  99.9
150, 168, 29.78943029, 94.28344753,  99.9
151, 168, 29.78796293, 94.27638923,  99.9
152, 168, 29.78649243, 94.26921525,  99.9
153, 168, 29.78501849, 94.26192411,   6.2
154, 168, 29.78354076, 94.25451429,   6.7
155, 168, 29.78205893, 94.24698426,   6.7
156, 168, 29.78057266, 94.23933245,   6.7
157, 168, 29.77908163, 94.23155730,   7.1
158, 168, 29.77758550, 94.22365717,   7.1
159, 168, 29.77608394, 94.21563044,   7.2
160, 168, 29.77457661, 94.20747544,   7.2
161, 168, 29.77306317, 94.19919048,   7.2
162, 168, 29.77154330, 94.19077385,   7.2
163, 168, 29.77001663, 94.18222380,   7.1
164, 168, 29.76848284, 94.17353856,   7.1
165, 168, 29.76694157, 94.16471633,   7.1
166, 168, 29.76539249, 94.15575529,   7.2
167, 168, 29.76383522, 94.14665357,   7.3
168, 168, 29.76226943, 94.13740930,   7.3
169, 168, 29.76069476, 94.12802056,   7.2
170, 168, 29.75911085, 94.11848540,   7.1
171, 168, 29.75751734, 94.10880185,   7.1
172, 168, 29.75591386, 94.09896791,   7.1
173, 168, 29.75430004, 94.08898154,   7.2
174, 168, 29.75267553, 94.07884066,   7.1
175, 168, 29.75103993, 94.06854320,   7.0
176, 168, 29.74939289, 94.05808700,   6.9
177, 168, 29.74773400, 94.04746991,   6.9
178, 168, 29.74606290, 94.03668974,   6.9
179, 168, 29.74437920, 94.02574424,   6.8
180, 168, 29.74268249, 94.01463116,   6.7
181, 168, 29.74097240, 94.00334819,   6.6
182, 168, 29.73924851, 93.99189300,   6.5
183, 168, 29.73751042, 93.98026323,   6.5
184, 168, 29.73575774, 93.96845646,   6.8
185, 168, 29.73399003, 93.95647026,   7.1
186, 168, 29.73220690, 93.94430214,   7.4
187, 168, 29.73040791, 93.93194959,   7.6
188, 168, 29.72859265, 93.91941005,   7.7
189, 168, 29.72676067, 93.90668094,   7.7
190, 168, 29.72491155, 93.89375962,   7.8
191, 168, 29.72304484, 93.88064342,   7.9
192, 168, 29.72116009, 93.86732963,   8.0
193, 168, 29.71925687, 93.85381550,   8.1
194, 168, 29.71733470, 93.84009823,   8.3
195, 168, 29.71539312, 93.82617499,   8.5
196, 168, 29.71343167, 93.81204291,   8.7
197, 168, 29.71144987, 93.79769907,   8.8
198, 168, 29.70944724, 93.78314050,   8.8
199, 168, 29.70742329, 93.76836419,   8.8
200, 168, 29.70537753, 93.75336711,   8.7
201, 168, 29.70330946, 93.73814614,   8.6
202, 168, 29.70121856, 93.72269814,   8.6
203, 168, 29.69910434, 93.70701994,   8.4
204, 168, 29.69696625, 93.69110829,   8.3
205, 168, 29.69480378, 93.67495991,   8.3
206, 168, 29.69261639, 93.65857146,   8.2
207, 168, 29.69040353, 93.64193958,   8.1
208, 168, 29.68816465, 93.62506081,   8.0
209, 168, 29.68589919, 93.60793170,   7.8
210, 168, 29.68360659, 93.59054869,   7.7
211, 168, 29.68128626, 93.57290822,   7.6
212, 168, 29.67893762, 93.55500663,   7.5
213, 168, 29.67656008, 93.53684025,   7.4
214, 168, 29.67415303, 93.51840533,   7.3
215, 168, 29.67171586, 93.49969807,   7.2
216, 168, 29.66924795, 93.48071461,   7.2
217, 168, 29.66674866, 93.46145106,   7.1
218, 168, 29.66421735, 93.44190343,   7.1
219, 168, 29.66165338, 93.42206770,   7.0
220, 168, 29.65905607, 93.40193980,   6.9
221, 168, 29.65642476, 93.38151557,   6.9
222, 168, 29.65375876, 93.36079082,   6.8
223, 168, 29.65105737, 93.33976128,   6.8
224, 168, 29.64831989, 93.31842262,   6.7
225, 168, 29.64554560, 93.29677046,   6.7
226, 168, 29.64273377, 93.27480035,   6.6
227, 168, 29.63988365, 93.25250776,   6.5
228, 168, 29.63699450, 93.22988811,   6.4
229, 168, 29.63406553, 93.20693676,   6.3
230, 168, 29.63109598, 93.18364900,   6.2
231, 168, 29.62808504, 93.16002003,   6.2
232, 168, 29.62503191, 93.13604500,   6.2
233, 168, 29.62193576, 93.11171900,   6.1
234, 168, 29.61879576, 93.08703703,   6.1
235, 168, 29.61561105, 93.06199402,   6.0
236, 168, 29.61238078, 93.03658484,   6.0
237, 168, 29.60910405, 93.01080428,   6.0
238, 168, 29.60577997, 92.98464704,   5.9
239, 168, 29.60240762, 92.95810777,   5.9
240, 168, 29.59898608, 92.93118102,   6.0
241, 168, 29.59551440, 92.90386128,   6.0
  1, 169, 30.17731151, 94.49054722,  99.9
  2, 169, 30.17174830, 94.49372442,  99.9
  3, 169, 30.16626228, 94.49683034,  99.9
  4, 169, 30.16085230, 94.49986564,  99.9
  5, 169, 30.15551724, 94.50283098,  99.9
  6, 169, 30.15025601, 94.50572697,  99.9
  7, 169, 30.14506751, 94.50855426,  99.9
  8, 169, 30.13995067, 94.51131344,  99.9
  9, 169, 30.13490442, 94.51400509,  99.9
 10, 169, 30.12992772, 94.51662981,  99.9
 11, 169, 30.12501955, 94.51918815,  99.9
 12, 169, 30.12017887, 94.52168065,  99.9
 13, 169, 30.11540470, 94.52410785,  99.9
 14, 169, 30.11069603, 94.52647027,  99.9
 15, 169, 30.10605190, 94.52876842,  99.9
 16, 169, 30.10147133, 94.53100279,  99.9
 17, 169, 30.09695339, 94.53317384,  99.9
 18, 169, 30.09249713, 94.53528206,  99.9
 19, 169, 30.08810163, 94.53732789,  99.9
 20, 169, 30.08376598, 94.53931176,  99.9
 21, 169, 30.07948927, 94.54123411,  99.9
 22, 169, 30.07527063, 94.54309534,  99.9
 23, 169, 30.07110918, 94.54489585,  99.9
 24, 169, 30.06700404, 94.54663603,  99.9
 25, 169, 30.06295438, 94.54831625,  99.9
 26, 169, 30.05895935, 94.54993686,  99.9
 27, 169, 30.05501812, 94.55149822,  99.9
 28, 169, 30.05112988, 94.55300067,  99.9
 29, 169, 30.04729381, 94.55444451,  99.9
 30, 169, 30.04350913, 94.55583007,  99.9
 31, 169, 30.03977504, 94.55715763,  99.9
 32, 169, 30.03609077, 94.55842749,  99.9
 33, 169, 30.03245555, 94.55963991,  99.9
 34, 169, 30.02886864, 94.56079516,  99.9
 35, 169, 30.02532928, 94.56189349,  99.9
 36, 169, 30.02183674, 94.56293512,  99.9
 37, 169, 30.01839030, 94.56392029,  99.9
 38, 169, 30.01498923, 94.56484921,  99.9
 39, 169, 30.01163284, 94.56572207,  99.9
 40, 169, 30.00832043, 94.56653907,  99.9
 41, 169, 30.00505130, 94.56730038,  99.9
 42, 169, 30.00182479, 94.56800617,  99.9
 43, 169, 29.99864021, 94.56865659,  99.9
 44, 169, 29.99549690, 94.56925178,  99.9
 45, 169, 29.99239422, 94.56979187,  99.9
 46, 169, 29.98933152, 94.57027698,  99.9
 47, 169, 29.98630816, 94.57070722,  99.9
 48, 169, 29.98332351, 94.57108268,  99.9
 49, 169, 29.98037696, 94.57140344,  99.9
 50, 169, 29.97746788, 94.57166958,  99.9
 51, 169, 29.97459568, 94.57188115,  99.9
 52, 169, 29.97175976, 94.57203822,  99.9
 53, 169, 29.96895952, 94.57214080,  99.9
 54, 169, 29.96619439, 94.57218893,  99.9
 55, 169, 29.96346379, 94.57218263,  99.9
 56, 169, 29.96076715, 94.57212190,  99.9
 57, 169, 29.95810391, 94.57200672,  99.9
 58, 169, 29.95547351, 94.57183708,  99.9
 59, 169, 29.95287542, 94.57161295,  99.9
 60, 169, 29.95030908, 94.57133429,  99.9
 61, 169, 29.94777396, 94.57100103,  99.9
 62, 169, 29.94526954, 94.57061313,  99.9
 63, 169, 29.94279530, 94.57017049,  99.9
 64, 169, 29.94035071, 94.56967303,  99.9
 65, 169, 29.93793527, 94.56912065,  99.9
 66, 169, 29.93554848, 94.56851324,  99.9
 67, 169, 29.93318984, 94.56785067,  99.9
 68, 169, 29.93085885, 94.56713282,  99.9
 69, 169, 29.92855503, 94.56635953,  99.9
 70, 169, 29.92627791, 94.56553065,  99.9
 71, 169, 29.92402699, 94.56464600,  99.9
 72, 169, 29.92180183, 94.56370542,  99.9
 73, 169, 29.91960195, 94.56270869,  99.9
 74, 169, 29.91742689, 94.56165563,  99.9
 75, 169, 29.91527620, 94.56054601,  99.9
 76, 169, 29.91314943, 94.55937960,  99.9
 77, 169, 29.91104613, 94.55815618,  99.9
 78, 169, 29.90896587, 94.55687547,  99.9
 79, 169, 29.90690822, 94.55553722,  99.9
 80, 169, 29.90487273, 94.55414116,  99.9
 81, 169, 29.90285900, 94.55268700,  99.9
 82, 169, 29.90086659, 94.55117442,  99.9
 83, 169, 29.89889509, 94.54960314,  99.9
 84, 169, 29.89694408, 94.54797281,  99.9
 85, 169, 29.89501317, 94.54628311,  99.9
 86, 169, 29.89310194, 94.54453367,  99.9
 87, 169, 29.89120999, 94.54272415,  99.9
 88, 169, 29.88933693, 94.54085417,  99.9
 89, 169, 29.88748237, 94.53892334,  99.9
 90, 169, 29.88564592, 94.53693126,  99.9
 91, 169, 29.88382719, 94.53487751,  99.9
 92, 169, 29.88202580, 94.53276168,  99.9
 93, 169, 29.88024138, 94.53058333,  99.9
 94, 169, 29.87847354, 94.52834200,  99.9
 95, 169, 29.87672192, 94.52603723,  99.9
 96, 169, 29.87498615, 94.52366855,  99.9
 97, 169, 29.87326587, 94.52123545,  99.9
 98, 169, 29.87156072, 94.51873745,  99.9
 99, 169, 29.86987032, 94.51617401,  99.9
100, 169, 29.86819434, 94.51354462,  99.9
101, 169, 29.86653242, 94.51084872,  99.9
102, 169, 29.86488420, 94.50808575,  99.9
103, 169, 29.86324935, 94.50525515,  99.9
104, 169, 29.86162751, 94.50235632,  99.9
105, 169, 29.86001834, 94.49938867,  99.9
106, 169, 29.85842151, 94.49635158,  99.9
107, 169, 29.85683667, 94.49324441,  99.9
108, 169, 29.85526350, 94.49006654,  99.9
109, 169, 29.85370166, 94.48681729,  99.9
110, 169, 29.85215082, 94.48349599,  99.9
111, 169, 29.85061065, 94.48010195,  99.9
112, 169, 29.84908082, 94.47663448,  99.9
113, 169, 29.84756102, 94.47309284,  99.9
114, 169, 29.84605092, 94.46947631,  99.9
115, 169, 29.84455019, 94.46578413,  99.9
116, 169, 29.84305853, 94.46201555,  99.9
117, 169, 29.84157561, 94.45816977,  99.9
118, 169, 29.84010111, 94.45424600,  99.9
119, 169, 29.83863473, 94.45024343,  99.9
120, 169, 29.83717616, 94.44616122,  99.9
121, 169, 29.83572507, 94.44199853,  99.9
122, 169, 29.83428117, 94.43775450,  99.9
123, 169, 29.83284414, 94.43342824,  99.9
124, 169, 29.83141367, 94.42901886,  99.9
125, 169, 29.82998947, 94.42452543,  99.9
126, 169, 29.82857122, 94.41994704,  99.9
127, 169, 29.82715862, 94.41528273,  99.9
128, 169, 29.82575137, 94.41053153,  99.9
129, 169, 29.82434917, 94.40569245,  99.9
130, 169, 29.82295171, 94.40076450,  99.9
131, 169, 29.82155869, 94.39574665,  99.9
132, 169, 29.82016982, 94.39063785,  99.9
133, 169, 29.81878479, 94.38543706,  99.9
134, 169, 29.81740331, 94.38014318,  99.9
135, 169, 29.81602507, 94.37475512,  99.9
136, 169, 29.81464978, 94.36927177,  99.9
137, 169, 29.81327714, 94.36369199,  99.9
138, 169, 29.81190686, 94.35801461,  99.9
139, 169, 29.81053862, 94.35223846,  99.9
140, 169, 29.80917215, 94.34636235,  99.9
141, 169, 29.80780713, 94.34038505,  99.9
142, 169, 29.80644328, 94.33430532,  99.9
143, 169, 29.80508029, 94.32812191,  99.9
144, 169, 29.80371786, 94.32183352,  99.9
145, 169, 29.80235570, 94.31543887,  99.9
146, 169, 29.80099351, 94.30893661,  99.9
147, 169, 29.79963099, 94.30232540,  99.9
148, 169, 29.79826783, 94.29560387,  99.9
149, 169, 29.79690374, 94.28877062,  99.9
150, 169, 29.79553843, 94.28182425,  99.9
151, 169, 29.79417157, 94.27476330,  99.9
152, 169, 29.79280288, 94.26758632,  99.9
153, 169, 29.79143204, 94.26029181,  99.9
154, 169, 29.79005876, 94.25287826,   6.7
155, 169, 29.78868273, 94.24534414,   6.7
156, 169, 29.78730364, 94.23768789,   7.0
157, 169, 29.78592118, 94.22990791,   7.1
158, 169, 29.78453505, 94.22200259,   7.1
159, 169, 29.78314492, 94.21397030,   7.2
160, 169, 29.78175050, 94.20580937,   7.2
161, 169, 29.78035146, 94.19751811,   7.2
162, 169, 29.77894749, 94.18909479,   7.2
163, 169, 29.77753828, 94.18053768,   7.1
164, 169, 29.77612350, 94.17184500,   7.1
165, 169, 29.77470283, 94.16301495,   7.1
166, 169, 29.77327595, 94.15404569,   7.1
167, 169, 29.77184254, 94.14493538,   7.2
168, 169, 29.77040226, 94.13568212,   7.2
169, 169, 29.76895479, 94.12628399,   7.1
170, 169, 29.76749979, 94.11673906,   7.1
171, 169, 29.76603694, 94.10704533,   7.0
172, 169, 29.76456588, 94.09720080,   7.0
173, 169, 29.76308629, 94.08720344,   7.0
174, 169, 29.76159783, 94.07705117,   7.0
175, 169, 29.76010013, 94.06674189,   6.9
176, 169, 29.75859287, 94.05627347,   6.8
177, 169, 29.75707568, 94.04564373,   6.7
178, 169, 29.75554821, 94.03485048,   6.7
179, 169, 29.75401010, 94.02389148,   6.7
180, 169, 29.75246099, 94.01276446,   6.6
181, 169, 29.75090053, 94.00146713,   6.5
182, 169, 29.74932833, 93.98999713,   6.4
183, 169, 29.74774403, 93.97835209,   6.4
184, 169, 29.74614724, 93.96652961,   6.5
185, 169, 29.74453760, 93.95452725,   6.7
186, 169, 29.74291472, 93.94234250,   6.9
187, 169, 29.74127820, 93.92997286,   7.1
188, 169, 29.73962767, 93.91741577,   7.3
189, 169, 29.73796271, 93.90466862,   7.4
190, 169, 29.73628293, 93.89172878,   7.5
191, 169, 29.73458792, 93.87859357,   7.7
192, 169, 29.73287727, 93.86526028,   7.9
193, 169, 29.73115057, 93.85172615,   8.1
194, 169, 29.72940739, 93.83798838,   8.2
195, 169, 29.72764732, 93.82404413,   8.3
196, 169, 29.72586991, 93.80989052,   8.5
197, 169, 29.72407472, 93.79552462,   8.7
198, 169, 29.72226133, 93.78094346,   8.8
199, 169, 29.72042928, 93.76614403,   8.8
200, 169, 29.71857810, 93.75112327,   8.7
201, 169, 29.71670736, 93.73587808,   8.7
202, 169, 29.71481657, 93.72040530,   8.6
203, 169, 29.71290526, 93.70470174,   8.6
204, 169, 29.71097296, 93.68876416,   8.5
205, 169, 29.70901918, 93.67258927,   8.4
206, 169, 29.70704342, 93.65617372,   8.3
207, 169, 29.70504518, 93.63951413,   8.2
208, 169, 29.70302396, 93.62260705,   8.1
209, 169, 29.70097924, 93.60544900,   8.0
210, 169, 29.69891049, 93.58803643,   7.9
211, 169, 29.69681720, 93.57036576,   7.8
212, 169, 29.69469881, 93.55243333,   7.7
213, 169, 29.69255478, 93.53423544,   7.6
214, 169, 29.69038455, 93.51576835,   7.5
215, 169, 29.68818757, 93.49702825,   7.4
216, 169, 29.68596325, 93.47801126,   7.4
217, 169, 29.68371102, 93.45871347,   7.3
218, 169, 29.68143029, 93.43913090,   7.2
219, 169, 29.67912045, 93.41925951,   7.2
220, 169, 29.67678089, 93.39909522,   7.1
221, 169, 29.67441100, 93.37863385,   7.1
222, 169, 29.67201013, 93.35787121,   7.0
223, 169, 29.66957766, 93.33680300,   7.0
224, 169, 29.66711293, 93.31542491,   6.9
225, 169, 29.66461528, 93.29373251,   6.9
226, 169, 29.66208403, 93.27172135,   6.8
227, 169, 29.65951849, 93.24938689,   6.8
228, 169, 29.65691798, 93.22672455,   6.7
229, 169, 29.65428178, 93.20372965,   6.5
230, 169, 29.65160917, 93.18039747,   6.4
231, 169, 29.64889941, 93.15672321,   6.4
232, 169, 29.64615177, 93.13270200,   6.3
233, 169, 29.64336547, 93.10832890,   6.3
234, 169, 29.64053975, 93.08359891,   6.3
235, 169, 29.63767382, 93.05850693,   6.2
236, 169, 29.63476687, 93.03304783,   6.2
237, 169, 29.63181810, 93.00721637,   6.2
238, 169, 29.62882666, 92.98100724,   6.2
239, 169, 29.62579172, 92.95441507,   6.1
240, 169, 29.62271241, 92.92743439,   6.2
241, 169, 29.61958786, 92.90005967,   6.2
  1, 170, 30.17448043, 94.48413594,  99.9
  2, 170, 30.16897987, 94.48740265,  99.9
  3, 170, 30.16355592, 94.49059676,  99.9
  4, 170, 30.15820744, 94.49371893,  99.9
  5, 170, 30.15293333, 94.49676986,  99.9
  6, 170, 30.14773250, 94.49975018,  99.9
  7, 170, 30.14260387, 94.50266053,  99.9
  8, 170, 30.13754637, 94.50550155,  99.9
  9, 170, 30.13255897, 94.50827383,  99.9
 10, 170, 30.12764062, 94.51097796,  99.9
 11, 170, 30.12279031, 94.51361454,  99.9
 12, 170, 30.11800703, 94.51618411,  99.9
 13, 170, 30.11328980, 94.51868723,  99.9
 14, 170, 30.10863762, 94.52112444,  99.9
 15, 170, 30.10404955, 94.52349626,  99.9
 16, 170, 30.09952463, 94.52580318,  99.9
 17, 170, 30.09506191, 94.52804572,  99.9
 18, 170, 30.09066048, 94.53022434,  99.9
 19, 170, 30.08631943, 94.53233951,  99.9
 20, 170, 30.08203784, 94.53439168,  99.9
 21, 170, 30.07781484, 94.53638130,  99.9
 22, 170, 30.07364956, 94.53830879,  99.9
 23, 170, 30.06954111, 94.54017455,  99.9
 24, 170, 30.06548866, 94.54197900,  99.9
 25, 170, 30.06149136, 94.54372251,  99.9
 26, 170, 30.05754838, 94.54540546,  99.9
 27, 170, 30.05365891, 94.54702820,  99.9
 28, 170, 30.04982214, 94.54859110,  99.9
 29, 170, 30.04603727, 94.55009447,  99.9
 30, 170, 30.04230351, 94.55153864,  99.9
 31, 170, 30.03862010, 94.55292393,  99.9
 32, 170, 30.03498626, 94.55425062,  99.9
 33, 170, 30.03140125, 94.55551901,  99.9
 34, 170, 30.02786431, 94.55672936,  99.9
 35, 170, 30.02437472, 94.55788193,  99.9
 36, 170, 30.02093175, 94.55897698,  99.9
 37, 170, 30.01753468, 94.56001473,  99.9
 38, 170, 30.01418281, 94.56099541,  99.9
 39, 170, 30.01087545, 94.56191924,  99.9
 40, 170, 30.00761190, 94.56278640,  99.9
 41, 170, 30.00439149, 94.56359710,  99.9
 42, 170, 30.00121355, 94.56435149,  99.9
 43, 170, 29.99807742, 94.56504975,  99.9
 44, 170, 29.99498244, 94.56569203,  99.9
 45, 170, 29.99192798, 94.56627847,  99.9
 46, 170, 29.98891340, 94.56680919,  99.9
 47, 170, 29.98593807, 94.56728431,  99.9
 48, 170, 29.98300137, 94.56770394,  99.9
 49, 170, 29.98010270, 94.56806817,  99.9
 50, 170, 29.97724145, 94.56837707,  99.9
 51, 170, 29.97441703, 94.56863072,  99.9
 52, 170, 29.97162884, 94.56882918,  99.9
 53, 170, 29.96887632, 94.56897249,  99.9
 54, 170, 29.96615888, 94.56906069,  99.9
 55, 170, 29.96347596, 94.56909380,  99.9
 56, 170, 29.96082700, 94.56907183,  99.9
 57, 170, 29.95821145, 94.56899478,  99.9
 58, 170, 29.95562878, 94.56886264,  99.9
 59, 170, 29.95307843, 94.56867538,  99.9
 60, 170, 29.95055988, 94.56843298,  99.9
 61, 170, 29.94807260, 94.56813538,  99.9
 62, 170, 29.94561609, 94.56778252,  99.9
 63, 170, 29.94318981, 94.56737434,  99.9
 64, 170, 29.94079328, 94.56691076,  99.9
 65, 170, 29.93842599, 94.56639168,  99.9
 66, 170, 29.93608744, 94.56581700,  99.9
 67, 170, 29.93377715, 94.56518659,  99.9
 68, 170, 29.93149464, 94.56450035,  99.9
 69, 170, 29.92923944, 94.56375811,  99.9
 70, 170, 29.92701106, 94.56295974,  99.9
 71, 170, 29.92480906, 94.56210507,  99.9
 72, 170, 29.92263296, 94.56119392,  99.9
 73, 170, 29.92048232, 94.56022611,  99.9
 74, 170, 29.91835668, 94.55920144,  99.9
 75, 170, 29.91625560, 94.55811970,  99.9
 76, 170, 29.91417865, 94.55698067,  99.9
 77, 170, 29.91212538, 94.55578411,  99.9
 78, 170, 29.91009538, 94.55452977,  99.9
 79, 170, 29.90808821, 94.55321741,  99.9
 80, 170, 29.90610347, 94.55184674,  99.9
 81, 170, 29.90414072, 94.55041749,  99.9
 82, 170, 29.90219957, 94.54892935,  99.9
 83, 170, 29.90027960, 94.54738203,  99.9
 84, 170, 29.89838042, 94.54577520,  99.9
 85, 170, 29.89650162, 94.54410854,  99.9
 86, 170, 29.89464282, 94.54238169,  99.9
 87, 170, 29.89280362, 94.54059430,  99.9
 88, 170, 29.89098365, 94.53874600,  99.9
 89, 170, 29.88918251, 94.53683640,  99.9
 90, 170, 29.88739983, 94.53486512,  99.9
 91, 170, 29.88563525, 94.53283175,  99.9
 92, 170, 29.88388837, 94.53073585,  99.9
 93, 170, 29.88215885, 94.52857701,  99.9
 94, 170, 29.88044632, 94.52635477,  99.9
 95, 170, 29.87875042, 94.52406867,  99.9
 96, 170, 29.87707079, 94.52171824,  99.9
 97, 170, 29.87540707, 94.51930300,  99.9
 98, 170, 29.87375893, 94.51682243,  99.9
 99, 170, 29.87212601, 94.51427603,  99.9
100, 170, 29.87050797, 94.51166327,  99.9
101, 170, 29.86890447, 94.50898360,  99.9
102, 170, 29.86731517, 94.50623648,  99.9
103, 170, 29.86573973, 94.50342133,  99.9
104, 170, 29.86417783, 94.50053757,  99.9
105, 170, 29.86262913, 94.49758460,  99.9
106, 170, 29.86109331, 94.49456181,  99.9
107, 170, 29.85957005, 94.49146857,  99.9
108, 170, 29.85805901, 94.48830423,  99.9
109, 170, 29.85655989, 94.48506815,  99.9
110, 170, 29.85507236, 94.48175966,  99.9
111, 170, 29.85359611, 94.47837805,  99.9
112, 170, 29.85213083, 94.47492264,  99.9
113, 170, 29.85067620, 94.47139271,  99.9
114, 170, 29.84923192, 94.46778752,  99.9
115, 170, 29.84779768, 94.46410633,  99.9
116, 170, 29.84637318, 94.46034837,  99.9
117, 170, 29.84495811, 94.45651287,  99.9
118, 170, 29.84355217, 94.45259902,  99.9
119, 170, 29.84215506, 94.44860601,  99.9
120, 170, 29.84076649, 94.44453302,  99.9
121, 170, 29.83938615, 94.44037920,  99.9
122, 170, 29.83801376, 94.43614369,  99.9
123, 170, 29.83664902, 94.43182561,  99.9
124, 170, 29.83529163, 94.42742406,  99.9
125, 170, 29.83394131, 94.42293813,  99.9
126, 170, 29.83259777, 94.41836690,  99.9
127, 170, 29.83126072, 94.41370940,  99.9
128, 170, 29.82992987, 94.40896467,  99.9
129, 170, 29.82860493, 94.40413173,  99.9
130, 170, 29.82728562, 94.39920958,  99.9
131, 170, 29.82597166, 94.39419720,  99.9
132, 170, 29.82466276, 94.38909353,  99.9
133, 170, 29.82335864, 94.38389754,  99.9
134, 170, 29.82205901, 94.37860812,  99.9
135, 170, 29.82076360, 94.37322420,  99.9
136, 170, 29.81947212, 94.36774465,  99.9
137, 170, 29.81818429, 94.36216833,  99.9
138, 170, 29.81689984, 94.35649409,  99.9
139, 170, 29.81561848, 94.35072075,  99.9
140, 170, 29.81433993, 94.34484711,  99.9
141, 170, 29.81306392, 94.33887196,  99.9
142, 170, 29.81179016, 94.33279404,  99.9
143, 170, 29.81051837, 94.32661211,  99.9
144, 170, 29.80924828, 94.32032488,  99.9
145, 170, 29.80797961, 94.31393104,  99.9
146, 170, 29.80671207, 94.30742926,  99.9
147, 170, 29.80544539, 94.30081821,  99.9
148, 170, 29.80417929, 94.29409650,  99.9
149, 170, 29.80291349, 94.28726275,  99.9
150, 170, 29.80164770, 94.28031553,  99.9
151, 170, 29.80038164, 94.27325340,  99.9
152, 170, 29.79911504, 94.26607490,  99.9
153, 170, 29.79784761, 94.25877854,  99.9
154, 170, 29.79657907, 94.25136281,   6.0
155, 170, 29.79530913, 94.24382616,   6.5
156, 170, 29.79403751, 94.23616704,   7.0
157, 170, 29.79276392, 94.22838385,   7.0
158, 170, 29.79148807, 94.22047499,   7.1
159, 170, 29.79020968, 94.21243880,   7.1
160, 170, 29.78892847, 94.20427363,   7.2
161, 170, 29.78764412, 94.19597778,   7.2
162, 170, 29.78635637, 94.18754953,   7.2
163, 170, 29.78506490, 94.17898713,   7.1
164, 170, 29.78376944, 94.17028881,   7.1
165, 170, 29.78246967, 94.16145276,   7.1
166, 170, 29.78116531, 94.15247716,   7.0
167, 170, 29.77985605, 94.14336013,   7.0
168, 170, 29.77854159, 94.13409980,   7.1
169, 170, 29.77722163, 94.12469424,   7.1
170, 170, 29.77589586, 94.11514150,   7.0
171, 170, 29.77456398, 94.10543960,   6.9
172, 170, 29.77322567, 94.09558653,   6.9
173, 170, 29.77188062, 94.08558025,   6.8
174, 170, 29.77052852, 94.07541869,   6.8
175, 170, 29.76916905, 94.06509973,   6.8
176, 170, 29.76780189, 94.05462125,   6.7
177, 170, 29.76642672, 94.04398106,   6.6
178, 170, 29.76504321, 94.03317697,   6.5
179, 170, 29.76365104, 94.02220674,   6.5
180, 170, 29.76224987, 94.01106809,   6.4
181, 170, 29.76083937, 93.99975872,   6.4
182, 170, 29.75941920, 93.98827628,   6.4
183, 170, 29.75798902, 93.97661840,   6.4
184, 170, 29.75654849, 93.96478265,   6.5
185, 170, 29.75509727, 93.95276660,   6.5
186, 170, 29.75363499, 93.94056776,   6.6
187, 170, 29.75216130, 93.92818359,   6.7
188, 170, 29.75067585, 93.91561153,   6.8
189, 170, 29.74917827, 93.90284898,   6.9
190, 170, 29.74766820, 93.88989330,   7.1
191, 170, 29.74614527, 93.87674180,   7.4
192, 170, 29.74460909, 93.86339177,  99.9
193, 170, 29.74305929, 93.84984044,  99.9
194, 170, 29.74149549, 93.83608501,   8.2
195, 170, 29.73991730, 93.82212263,   8.2
196, 170, 29.73832432, 93.80795041,   8.2
197, 170, 29.73671615, 93.79356542,   8.4
198, 170, 29.73509239, 93.77896469,   8.6
199, 170, 29.73345263, 93.76414519,   8.7
200, 170, 29.73179646, 93.74910386,   8.7
201, 170, 29.73012345, 93.73383760,   8.7
202, 170, 29.72843319, 93.71834323,   8.6
203, 170, 29.72672523, 93.70261756,   8.6
204, 170, 29.72499914, 93.68665735,   8.5
205, 170, 29.72325447, 93.67045928,   8.5
206, 170, 29.72149079, 93.65402001,   8.5
207, 170, 29.71970762, 93.63733615,   8.4
208, 170, 29.71790450, 93.62040425,   8.3
209, 170, 29.71608097, 93.60322081,   8.2
210, 170, 29.71423655, 93.58578227,   8.1
211, 170, 29.71237075, 93.56808504,   8.0
212, 170, 29.71048308, 93.55012547,   7.9
213, 170, 29.70857305, 93.53189983,   7.8
214, 170, 29.70664013, 93.51340438,   7.7
215, 170, 29.70468383, 93.49463529,   7.6
216, 170, 29.70270361, 93.47558869,   7.5
217, 170, 29.70069894, 93.45626065,   7.5
218, 170, 29.69866929, 93.43664718,   7.4
219, 170, 29.69661411, 93.41674422,   7.4
220, 170, 29.69453283, 93.39654769,   7.3
221, 170, 29.69242488, 93.37605340,   7.3
222, 170, 29.69028970, 93.35525714,   7.2
223, 170, 29.68812670, 93.33415462,   7.2
224, 170, 29.68593528, 93.31274148,   7.1
225, 170, 29.68371483, 93.29101331,   7.1
226, 170, 29.68146473, 93.26896563,   7.1
227, 170, 29.67918436, 93.24659391,   7.0
228, 170, 29.67687309, 93.22389352,   6.9
229, 170, 29.67453025, 93.20085980,   6.8
230, 170, 29.67215519, 93.17748801,   6.6
231, 170, 29.66974724, 93.15377332,   6.6
232, 170, 29.66730571, 93.12971086,   6.5
233, 170, 29.66482991, 93.10529568,   6.5
234, 170, 29.66231911, 93.08052275,   6.4
235, 170, 29.65977261, 93.05538697,   6.4
236, 170, 29.65718967, 93.02988317,   6.4
237, 170, 29.65456953, 93.00400611,   6.4
238, 170, 29.65191143, 92.97775047,   6.4
239, 170, 29.64921460, 92.95111085,   6.4
240, 170, 29.64647824, 92.92408178,   6.4
241, 170, 29.64370154, 92.89665770,   6.4
  1, 171, 30.17157120, 94.47779796,  99.9
  2, 171, 30.16613446, 94.48115348,  99.9
  3, 171, 30.16077371, 94.48443509,  99.9
  4, 171, 30.15548785, 94.48764348,  99.9
  5, 171, 30.15027579, 94.49077934,  99.9
  6, 171, 30.14513645, 94.49384335,  99.9
  7, 171, 30.14006876, 94.49683615,  99.9
  8, 171, 30.13507167, 94.49975839,  99.9
  9, 171, 30.13014415, 94.50261070,  99.9
 10, 171, 30.12528518, 94.50539368,  99.9
 11, 171, 30.12049375, 94.50810792,  99.9
 12, 171, 30.11576887, 94.51075402,  99.9
 13, 171, 30.11110956, 94.51333253,  99.9
 14, 171, 30.10651486, 94.51584400,  99.9
 15, 171, 30.10198380, 94.51828897,  99.9
 16, 171, 30.09751546, 94.52066797,  99.9
 17, 171, 30.09310891, 94.52298150,  99.9
 18, 171, 30.08876323, 94.52523006,  99.9
 19, 171, 30.08447753, 94.52741412,  99.9
 20, 171, 30.08025091, 94.52953416,  99.9
 21, 171, 30.07608250, 94.53159062,  99.9
 22, 171, 30.07197143, 94.53358395,  99.9
 23, 171, 30.06791686, 94.53551457,  99.9
 24, 171, 30.06391794, 94.53738290,  99.9
 25, 171, 30.05997383, 94.53918933,  99.9
 26, 171, 30.05608374, 94.54093425,  99.9
 27, 171, 30.05224683, 94.54261804,  99.9
 28, 171, 30.04846233, 94.54424104,  99.9
 29, 171, 30.04472945, 94.54580362,  99.9
 30, 171, 30.04104740, 94.54730610,  99.9
 31, 171, 30.03741544, 94.54874881,  99.9
 32, 171, 30.03383279, 94.55013206,  99.9
 33, 171, 30.03029873, 94.55145613,  99.9
 34, 171, 30.02681251, 94.55272132,  99.9
 35, 171, 30.02337342, 94.55392790,  99.9
 36, 171, 30.01998073, 94.55507612,  99.9
 37, 171, 30.01663375, 94.55616623,  99.9
 38, 171, 30.01333177, 94.55719847,  99.9
 39, 171, 30.01007413, 94.55817306,  99.9
 40, 171, 30.00686012, 94.55909021,  99.9
 41, 171, 30.00368910, 94.55995010,  99.9
 42, 171, 30.00056040, 94.56075294,  99.9
 43, 171, 29.99747337, 94.56149890,  99.9
 44, 171, 29.99442737, 94.56218813,  99.9
 45, 171, 29.99142176, 94.56282078,  99.9
 46, 171, 29.98845593, 94.56339700,  99.9
 47, 171, 29.98552925, 94.56391690,  99.9
 48, 171, 29.98264112, 94.56438060,  99.9
 49, 171, 29.97979094, 94.56478821,  99.9
 50, 171, 29.97697812, 94.56513981,  99.9
 51, 171, 29.97420206, 94.56543549,  99.9
 52, 171, 29.97146219, 94.56567530,  99.9
 53, 171, 29.96875795, 94.56585930,  99.9
 54, 171, 29.96608877, 94.56598754,  99.9
 55, 171, 29.96345409, 94.56606005,  99.9
 56, 171, 29.96085337, 94.56607684,  99.9
 57, 171, 29.95828607, 94.56603793,  99.9
 58, 171, 29.95575165, 94.56594331,  99.9
 59, 171, 29.95324958, 94.56579296,  99.9
 60, 171, 29.95077934, 94.56558686,  99.9
 61, 171, 29.94834043, 94.56532497,  99.9
 62, 171, 29.94593232, 94.56500724,  99.9
 63, 171, 29.94355453, 94.56463361,  99.9
 64, 171, 29.94120655, 94.56420399,  99.9
 65, 171, 29.93888789, 94.56371831,  99.9
 66, 171, 29.93659808, 94.56317647,  99.9
 67, 171, 29.93433663, 94.56257836,  99.9
 68, 171, 29.93210308, 94.56192386,  99.9
 69, 171, 29.92989696, 94.56121283,  99.9
 70, 171, 29.92771780, 94.56044513,  99.9
 71, 171, 29.92556516, 94.55962061,  99.9
 72, 171, 29.92343858, 94.55873908,  99.9
 73, 171, 29.92133762, 94.55780039,  99.9
 74, 171, 29.91926185, 94.55680432,  99.9
 75, 171, 29.91721083, 94.55575068,  99.9
 76, 171, 29.91518412, 94.55463926,  99.9
 77, 171, 29.91318132, 94.55346981,  99.9
 78, 171, 29.91120200, 94.55224211,  99.9
 79, 171, 29.90924574, 94.55095589,  99.9
 80, 171, 29.90731214, 94.54961090,  99.9
 81, 171, 29.90540080, 94.54820685,  99.9
 82, 171, 29.90351130, 94.54674346,  99.9
 83, 171, 29.90164327, 94.54522043,  99.9
 84, 171, 29.89979631, 94.54363743,  99.9
 85, 171, 29.89797002, 94.54199415,  99.9
 86, 171, 29.89616404, 94.54029024,  99.9
 87, 171, 29.89437798, 94.53852535,  99.9
 88, 171, 29.89261146, 94.53669911,  99.9
 89, 171, 29.89086413, 94.53481115,  99.9
 90, 171, 29.88913560, 94.53286108,  99.9
 91, 171, 29.88742552, 94.53084849,  99.9
 92, 171, 29.88573353, 94.52877297,  99.9
 93, 171, 29.88405928, 94.52663409,  99.9
 94, 171, 29.88240241, 94.52443140,  99.9
 95, 171, 29.88076257, 94.52216444,  99.9
 96, 171, 29.87913943, 94.51983276,  99.9
 97, 171, 29.87753263, 94.51743585,  99.9
 98, 171, 29.87594185, 94.51497324,  99.9
 99, 171, 29.87436674, 94.51244440,  99.9
100, 171, 29.87280698, 94.50984882,  99.9
101, 171, 29.87126224, 94.50718595,  99.9
102, 171, 29.86973218, 94.50445524,  99.9
103, 171, 29.86821650, 94.50165612,  99.9
104, 171, 29.86671486, 94.49878803,  99.9
105, 171, 29.86522696, 94.49585035,  99.9
106, 171, 29.86375247, 94.49284248,  99.9
107, 171, 29.86229109, 94.48976380,  99.9
108, 171, 29.86084251, 94.48661367,  99.9
109, 171, 29.85940642, 94.48339144,  99.9
110, 171, 29.85798252, 94.48009643,  99.9
111, 171, 29.85657050, 94.47672796,  99.9
112, 171, 29.85517006, 94.47328533,  99.9
113, 171, 29.85378092, 94.46976784,  99.9
114, 171, 29.85240276, 94.46617474,  99.9
115, 171, 29.85103531, 94.46250530,  99.9
116, 171, 29.84967826, 94.45875874,  99.9
117, 171, 29.84833134, 94.45493430,  99.9
118, 171, 29.84699425, 94.45103118,  99.9
119, 171, 29.84566671, 94.44704857,  99.9
120, 171, 29.84434843, 94.44298565,  99.9
121, 171, 29.84303913, 94.43884156,  99.9
122, 171, 29.84173854, 94.43461545,  99.9
123, 171, 29.84044637, 94.43030645,  99.9
124, 171, 29.83916235, 94.42591365,  99.9
125, 171, 29.83788620, 94.42143614,  99.9
126, 171, 29.83661765, 94.41687301,  99.9
127, 171, 29.83535643, 94.41222329,  99.9
128, 171, 29.83410225, 94.40748602,  99.9
129, 171, 29.83285486, 94.40266023,  99.9
130, 171, 29.83161399, 94.39774490,  99.9
131, 171, 29.83037935, 94.39273902,  99.9
132, 171, 29.82915070, 94.38764155,  99.9
133, 171, 29.82792776, 94.38245143,  99.9
134, 171, 29.82671026, 94.37716758,  99.9
135, 171, 29.82549795, 94.37178890,  99.9
136, 171, 29.82429055, 94.36631429,  99.9
137, 171, 29.82308781, 94.36074260,  99.9
138, 171, 29.82188946, 94.35507267,  99.9
139, 171, 29.82069524, 94.34930334,  99.9
140, 171, 29.81950489, 94.34343339,  99.9
141, 171, 29.81831815, 94.33746162,  99.9
142, 171, 29.81713475, 94.33138678,  99.9
143, 171, 29.81595444, 94.32520761,  99.9
144, 171, 29.81477696, 94.31892283,  99.9
145, 171, 29.81360204, 94.31253114,  99.9
146, 171, 29.81242943, 94.30603120,  99.9
147, 171, 29.81125886, 94.29942167,  99.9
148, 171, 29.81009008, 94.29270118,  99.9
149, 171, 29.80892283, 94.28586834,  99.9
150, 171, 29.80775684, 94.27892171,  99.9
151, 171, 29.80659186, 94.27185987,  99.9
152, 171, 29.80542762, 94.26468135,  99.9
153, 171, 29.80426386, 94.25738465,   5.8
154, 171, 29.80310033, 94.24996827,  99.9
155, 171, 29.80193675, 94.24243065,  99.9
156, 171, 29.80077287, 94.23477025,  99.9
157, 171, 29.79960842, 94.22698547,  99.9
158, 171, 29.79844314, 94.21907469,  99.9
159, 171, 29.79727676, 94.21103628,  99.9
160, 171, 29.79610902, 94.20286856,  99.9
161, 171, 29.79493965, 94.19456984,   7.2
162, 171, 29.79376838, 94.18613840,   7.2
163, 171, 29.79259494, 94.17757249,   7.2
164, 171, 29.79141906, 94.16887034,   7.1
165, 171, 29.79024048, 94.16003013,   7.1
166, 171, 29.78905891, 94.15105003,   7.0
167, 171, 29.78787409, 94.14192819,   6.9
168, 171, 29.78668574, 94.13266270,   6.9
169, 171, 29.78549357, 94.12325166,   6.9
170, 171, 29.78429732, 94.11369309,   6.9
171, 171, 29.78309669, 94.10398503,   6.9
172, 171, 29.78189142, 94.09412546,   6.8
173, 171, 29.78068120, 94.08411234,   6.7
174, 171, 29.77946576, 94.07394359,   6.7
175, 171, 29.77824481, 94.06361709,   6.6
176, 171, 29.77701806, 94.05313072,   6.6
177, 171, 29.77578520, 94.04248229,   6.6
178, 171, 29.77454595, 94.03166960,   6.4
179, 171, 29.77330002, 94.02069040,   6.3
180, 171, 29.77204709, 94.00954243,   6.2
181, 171, 29.77078686, 93.99822337,   6.2
182, 171, 29.76951903, 93.98673087,   6.2
183, 171, 29.76824329, 93.97506255,   6.3
184, 171, 29.76695933, 93.96321600,   6.4
185, 171, 29.76566683, 93.95118875,   6.4
186, 171, 29.76436548, 93.93897833,   6.5
187, 171, 29.76305494, 93.92658219,   6.5
188, 171, 29.76173491, 93.91399777,   6.7
189, 171, 29.76040504, 93.90122246,   6.8
190, 171, 29.75906501, 93.88825362,   6.8
191, 171, 29.75771448, 93.87508856,  99.9
192, 171, 29.75635311, 93.86172455,   7.6
193, 171, 29.75498056, 93.84815883,   7.6
194, 171, 29.75359648, 93.83438858,   8.1
195, 171, 29.75220052, 93.82041096,   7.9
196, 171, 29.75079232, 93.80622306,   7.9
197, 171, 29.74937152, 93.79182196,   8.1
198, 171, 29.74793776, 93.77720468,   8.2
199, 171, 29.74649067, 93.76236817,   8.4
200, 171, 29.74502986, 93.74730939,   8.5
201, 171, 29.74355497, 93.73202520,   8.5
202, 171, 29.74206560, 93.71651245,   8.6
203, 171, 29.74056137, 93.70076793,   8.6
204, 171, 29.73904187, 93.68478837,   8.6
205, 171, 29.73750672, 93.66857048,   8.5
206, 171, 29.73595550, 93.65211089,   8.5
207, 171, 29.73438780, 93.63540621,   8.4
208, 171, 29.73280320, 93.61845298,   8.4
209, 171, 29.73120127, 93.60124769,   8.3
210, 171, 29.72958158, 93.58378679,   8.2
211, 171, 29.72794370, 93.56606667,   8.1
212, 171, 29.72628718, 93.54808365,   8.0
213, 171, 29.72461157, 93.52983403,   7.9
214, 171, 29.72291640, 93.51131404,   7.8
215, 171, 29.72120122, 93.49251985,   7.8
216, 171, 29.71946555, 93.47344756,   7.7
217, 171, 29.71770890, 93.45409326,   7.6
218, 171, 29.71593080, 93.43445292,   7.6
219, 171, 29.71413073, 93.41452251,   7.5
220, 171, 29.71230820, 93.39429790,   7.5
221, 171, 29.71046270, 93.37377492,   7.4
222, 171, 29.70859369, 93.35294933,   7.4
223, 171, 29.70670065, 93.33181683,   7.4
224, 171, 29.70478303, 93.31037306,   7.4
225, 171, 29.70284029, 93.28861360,   7.3
226, 171, 29.70087187, 93.26653395,   7.3
227, 171, 29.69887720, 93.24412957,   7.2
228, 171, 29.69685569, 93.22139582,   7.1
229, 171, 29.69480676, 93.19832803,   7.0
230, 171, 29.69272981, 93.17492143,   6.8
231, 171, 29.69062422, 93.15117120,   6.7
232, 171, 29.68848937, 93.12707244,   6.7
233, 171, 29.68632463, 93.10262020,   6.7
234, 171, 29.68412935, 93.07780942,   6.6
235, 171, 29.68190288, 93.05263500,   6.6
236, 171, 29.67964453, 93.02709176,   6.6
237, 171, 29.67735364, 93.00117443,   6.6
238, 171, 29.67502950, 92.97487767,   6.6
239, 171, 29.67267141, 92.94819609,   6.5
240, 171, 29.67027864, 92.92112417,   6.4
241, 171, 29.66785045, 92.89365636,   6.5
  1, 172, 30.16858446, 94.47153462,  99.9
  2, 172, 30.16321266, 94.47497823,  99.9
  3, 172, 30.15791624, 94.47834663,  99.9
  4, 172, 30.15269411, 94.48164055,  99.9
  5, 172, 30.14754519, 94.48486068,  99.9
  6, 172, 30.14246841, 94.48800771,  99.9
  7, 172, 30.13746272, 94.49108233,  99.9
  8, 172, 30.13252708, 94.49408517,  99.9
  9, 172, 30.12766048, 94.49701690,  99.9
 10, 172, 30.12286191, 94.49987812,  99.9
 11, 172, 30.11813036, 94.50266946,  99.9
 12, 172, 30.11346486, 94.50539151,  99.9
 13, 172, 30.10886446, 94.50804485,  99.9
 14, 172, 30.10432818, 94.51063005,  99.9
 15, 172, 30.09985509, 94.51314766,  99.9
 16, 172, 30.09544427, 94.51559823,  99.9
 17, 172, 30.09109480, 94.51798226,  99.9
 18, 172, 30.08680579, 94.52030027,  99.9
 19, 172, 30.08257633, 94.52255276,  99.9
 20, 172, 30.07840556, 94.52474021,  99.9
 21, 172, 30.07429261, 94.52686308,  99.9
 22, 172, 30.07023662, 94.52892182,  99.9
 23, 172, 30.06623676, 94.53091689,  99.9
 24, 172, 30.06229220, 94.53284870,  99.9
 25, 172, 30.05840212, 94.53471766,  99.9
 26, 172, 30.05456572, 94.53652418,  99.9
 27, 172, 30.05078219, 94.53826864,  99.9
 28, 172, 30.04705075, 94.53995142,  99.9
 29, 172, 30.04337063, 94.54157287,  99.9
 30, 172, 30.03974107, 94.54313334,  99.9
 31, 172, 30.03616131, 94.54463316,  99.9
 32, 172, 30.03263060, 94.54607266,  99.9
 33, 172, 30.02914823, 94.54745214,  99.9
 34, 172, 30.02571346, 94.54877190,  99.9
 35, 172, 30.02232557, 94.55003222,  99.9
 36, 172, 30.01898388, 94.55123337,  99.9
 37, 172, 30.01568768, 94.55237561,  99.9
 38, 172, 30.01243630, 94.55345919,  99.9
 39, 172, 30.00922904, 94.55448432,  99.9
 40, 172, 30.00606526, 94.55545125,  99.9
 41, 172, 30.00294428, 94.55636017,  99.9
 42, 172, 29.99986548, 94.55721128,  99.9
 43, 172, 29.99682819, 94.55800477,  99.9
 44, 172, 29.99383180, 94.55874079,  99.9
 45, 172, 29.99087568, 94.55941953,  99.9
 46, 172, 29.98795922, 94.56004111,  99.9
 47, 172, 29.98508180, 94.56060568,  99.9
 48, 172, 29.98224284, 94.56111336,  99.9
 49, 172, 29.97944175, 94.56156426,  99.9
 50, 172, 29.97667793, 94.56195848,  99.9
 51, 172, 29.97395082, 94.56229611,  99.9
 52, 172, 29.97125985, 94.56257721,  99.9
 53, 172, 29.96860445, 94.56280187,  99.9
 54, 172, 29.96598409, 94.56297012,  99.9
 55, 172, 29.96339820, 94.56308200,  99.9
 56, 172, 29.96084626, 94.56313755,  99.9
 57, 172, 29.95832774, 94.56313678,  99.9
 58, 172, 29.95584210, 94.56307970,  99.9
 59, 172, 29.95338883, 94.56296629,  99.9
 60, 172, 29.95096743, 94.56279654,  99.9
 61, 172, 29.94857738, 94.56257041,  99.9
 62, 172, 29.94621819, 94.56228786,  99.9
 63, 172, 29.94388937, 94.56194884,  99.9
 64, 172, 29.94159044, 94.56155328,  99.9
 65, 172, 29.93932090, 94.56110111,  99.9
 66, 172, 29.93708030, 94.56059222,  99.9
 67, 172, 29.93486817, 94.56002652,  99.9
 68, 172, 29.93268404, 94.55940390,  99.9
 69, 172, 29.93052746, 94.55872422,  99.9
 70, 172, 29.92839797, 94.55798735,  99.9
 71, 172, 29.92629514, 94.55719314,  99.9
 72, 172, 29.92421853, 94.55634142,  99.9
 73, 172, 29.92216770, 94.55543203,  99.9
 74, 172, 29.92014222, 94.55446477,  99.9
 75, 172, 29.91814168, 94.55343945,  99.9
 76, 172, 29.91616565, 94.55235586,  99.9
 77, 172, 29.91421373, 94.55121377,  99.9
 78, 172, 29.91228550, 94.55001295,  99.9
 79, 172, 29.91038056, 94.54875315,  99.9
 80, 172, 29.90849851, 94.54743411,  99.9
 81, 172, 29.90663896, 94.54605556,  99.9
 82, 172, 29.90480153, 94.54461722,  99.9
 83, 172, 29.90298582, 94.54311878,  99.9
 84, 172, 29.90119146, 94.54155995,  99.9
 85, 172, 29.89941807, 94.53994038,  99.9
 86, 172, 29.89766529, 94.53825976,  99.9
 87, 172, 29.89593273, 94.53651774,  99.9
 88, 172, 29.89422005, 94.53471395,  99.9
 89, 172, 29.89252687, 94.53284801,  99.9
 90, 172, 29.89085286, 94.53091956,  99.9
 91, 172, 29.88919765, 94.52892817,  99.9
 92, 172, 29.88756089, 94.52687345,  99.9
 93, 172, 29.88594226, 94.52475497,  99.9
 94, 172, 29.88434139, 94.52257228,  99.9
 95, 172, 29.88275797, 94.52032494,  99.9
 96, 172, 29.88119165, 94.51801248,  99.9
 97, 172, 29.87964211, 94.51563442,  99.9
 98, 172, 29.87810902, 94.51319027,  99.9
 99, 172, 29.87659205, 94.51067952,  99.9
100, 172, 29.87509090, 94.50810165,  99.9
101, 172, 29.87360523, 94.50545612,  99.9
102, 172, 29.87213475, 94.50274239,  99.9
103, 172, 29.87067913, 94.49995990,  99.9
104, 172, 29.86923808, 94.49710806,  99.9
105, 172, 29.86781128, 94.49418629,  99.9
106, 172, 29.86639843, 94.49119397,  99.9
107, 172, 29.86499925, 94.48813049,  99.9
108, 172, 29.86361342, 94.48499522,  99.9
109, 172, 29.86224066, 94.48178749,  99.9
110, 172, 29.86088068, 94.47850665,  99.9
111, 172, 29.85953319, 94.47515202,  99.9
112, 172, 29.85819790, 94.47172289,  99.9
113, 172, 29.85687452, 94.46821856,  99.9
114, 172, 29.85556278, 94.46463830,  99.9
115, 172, 29.85426240, 94.46098137,  99.9
116, 172, 29.85297310, 94.45724700,  99.9
117, 172, 29.85169461, 94.45343442,  99.9
118, 172, 29.85042665, 94.44954284,  99.9
119, 172, 29.84916895, 94.44557145,  99.9
120, 172, 29.84792124, 94.44151943,  99.9
121, 172, 29.84668326, 94.43738594,  99.9
122, 172, 29.84545474, 94.43317011,  99.9
123, 172, 29.84423542, 94.42887107,  99.9
124, 172, 29.84302504, 94.42448793,  99.9
125, 172, 29.84182333, 94.42001978,  99.9
126, 172, 29.84063003, 94.41546570,  99.9
127, 172, 29.83944490, 94.41082472,  99.9
128, 172, 29.83826767, 94.40609590,  99.9
129, 172, 29.83709808, 94.40127825,  99.9
130, 172, 29.83593590, 94.39637076,  99.9
131, 172, 29.83478086, 94.39137243,  99.9
132, 172, 29.83363271, 94.38628221,  99.9
133, 172, 29.83249121, 94.38109904,  99.9
134, 172, 29.83135610, 94.37582185,  99.9
135, 172, 29.83022714, 94.37044954,  99.9
136, 172, 29.82910408, 94.36498100,  99.9
137, 172, 29.82798668, 94.35941509,  99.9
138, 172, 29.82687469, 94.35375066,  99.9
139, 172, 29.82576786, 94.34798652,  99.9
140, 172, 29.82466596, 94.34212149,  99.9
141, 172, 29.82356874, 94.33615434,  99.9
142, 172, 29.82247596, 94.33008384,  99.9
143, 172, 29.82138738, 94.32390871,  99.9
144, 172, 29.82030275, 94.31762770,  99.9
145, 172, 29.81922184, 94.31123947,  99.9
146, 172, 29.81814440, 94.30474272,  99.9
147, 172, 29.81707019, 94.29813610,  99.9
148, 172, 29.81599898, 94.29141822,  99.9
149, 172, 29.81493053, 94.28458770,  99.9
150, 172, 29.81386459, 94.27764311,  99.9
151, 172, 29.81280092, 94.27058302,  99.9
152, 172, 29.81173929, 94.26340596,  99.9
153, 172, 29.81067946, 94.25611044,   5.5
154, 172, 29.80962118, 94.24869494,  99.9
155, 172, 29.80856421, 94.24115793,  99.9
156, 172, 29.80750832, 94.23349784,  99.9
157, 172, 29.80645326, 94.22571308,  99.9
158, 172, 29.80539880, 94.21780203,  99.9
159, 172, 29.80434468, 94.20976306,  99.9
160, 172, 29.80329066, 94.20159449,  99.9
161, 172, 29.80223651, 94.19329463,  99.9
162, 172, 29.80118198, 94.18486175,  99.9
163, 172, 29.80012683, 94.17629410,   7.1
164, 172, 29.79907080, 94.16758992,   7.1
165, 172, 29.79801365, 94.15874738,   7.1
166, 172, 29.79695513, 94.14976465,   6.9
167, 172, 29.79589500, 94.14063988,   6.8
168, 172, 29.79483301, 94.13137117,   6.8
169, 172, 29.79376890, 94.12195658,   6.7
170, 172, 29.79270242, 94.11239418,   6.7
171, 172, 29.79163331, 94.10268197,   6.7
172, 172, 29.79056133, 94.09281795,   6.7
173, 172, 29.78948621, 94.08280006,   6.6
174, 172, 29.78840770, 94.07262622,   6.5
175, 172, 29.78732553, 94.06229433,   6.4
176, 172, 29.78623944, 94.05180224,   6.3
177, 172, 29.78514918, 94.04114777,   6.6
178, 172, 29.78405446, 94.03032872,   6.2
179, 172, 29.78295503, 94.01934284,   6.1
180, 172, 29.78185061, 94.00818786,   6.0
181, 172, 29.78074094, 93.99686145,   5.9
182, 172, 29.77962573, 93.98536127,   5.9
183, 172, 29.77850471, 93.97368494,   6.1
184, 172, 29.77737760, 93.96183003,   6.2
185, 172, 29.77624411, 93.94979408,   6.3
186, 172, 29.77510397, 93.93757461,   6.4
187, 172, 29.77395687, 93.92516907,   6.4
188, 172, 29.77280254, 93.91257490,   6.5
189, 172, 29.77164068, 93.89978948,   6.6
190, 172, 29.77047099, 93.88681016,   6.6
191, 172, 29.76929317, 93.87363426,   6.8
192, 172, 29.76810691, 93.86025904,   7.1
193, 172, 29.76691191, 93.84668173,   7.3
194, 172, 29.76570786, 93.83289952,   7.4
195, 172, 29.76449444, 93.81890954,   7.5
196, 172, 29.76327134, 93.80470891,   7.7
197, 172, 29.76203823, 93.79029468,   7.8
198, 172, 29.76079478, 93.77566387,   7.9
199, 172, 29.75954067, 93.76081343,   8.0
200, 172, 29.75827556, 93.74574031,   8.1
201, 172, 29.75699911, 93.73044137,   8.2
202, 172, 29.75571098, 93.71491344,   8.3
203, 172, 29.75441081, 93.69915331,   8.3
204, 172, 29.75309826, 93.68315773,   8.4
205, 172, 29.75177297, 93.66692336,   8.4
206, 172, 29.75043456, 93.65044686,   8.4
207, 172, 29.74908268, 93.63372482,   8.4
208, 172, 29.74771695, 93.61675376,   8.4
209, 172, 29.74633699, 93.59953019,   8.3
210, 172, 29.74494241, 93.58205053,   8.3
211, 172, 29.74353282, 93.56431117,   8.2
212, 172, 29.74210782, 93.54630843,   8.2
213, 172, 29.74066702, 93.52803860,   8.1
214, 172, 29.73920999, 93.50949789,   8.0
215, 172, 29.73773632, 93.49068247,   7.9
216, 172, 29.73624560, 93.47158845,   7.8
217, 172, 29.73473738, 93.45221187,   7.8
218, 172, 29.73321123, 93.43254874,   7.7
219, 172, 29.73166670, 93.41259498,   7.6
220, 172, 29.73010334, 93.39234648,   7.5
221, 172, 29.72852070, 93.37179904,   7.5
222, 172, 29.72691829, 93.35094842,   7.5
223, 172, 29.72529565, 93.32979031,   7.6
224, 172, 29.72365230, 93.30832033,   7.6
225, 172, 29.72198772, 93.28653407,   7.6
226, 172, 29.72030144, 93.26442700,   7.5
227, 172, 29.71859292, 93.24199458,   7.4
228, 172, 29.71686166, 93.21923216,   7.3
229, 172, 29.71510711, 93.19613504,   7.1
230, 172, 29.71332875, 93.17269847,   7.0
231, 172, 29.71152602, 93.14891759,   6.9
232, 172, 29.70969836, 93.12478750,   6.8
233, 172, 29.70784519, 93.10030323,   6.8
234, 172, 29.70596595, 93.07545972,   6.8
235, 172, 29.70406003, 93.05025185,   6.7
236, 172, 29.70212682, 93.02467442,   6.7
237, 172, 29.70016572, 92.99872215,   6.6
238, 172, 29.69817610, 92.97238970,   6.6
239, 172, 29.69615731, 92.94567163,   6.5
240, 172, 29.69410870, 92.91856244,   6.3
241, 172, 29.69202960, 92.89105655,  99.9
  1, 173, 30.16552083, 94.46534722,  99.9
  2, 173, 30.16021510, 94.46887818,  99.9
  3, 173, 30.15498412, 94.47233266,  99.9
  4, 173, 30.14982681, 94.47571140,  99.9
  5, 173, 30.14474210, 94.47901511,  99.9
  6, 173, 30.13972895, 94.48224450,  99.9
  7, 173, 30.13478631, 94.48540026,  99.9
  8, 173, 30.12991316, 94.48848307,  99.9
  9, 173, 30.12510849, 94.49149359,  99.9
 10, 173, 30.12037131, 94.49443245,  99.9
 11, 173, 30.11570063, 94.49730028,  99.9
 12, 173, 30.11109550, 94.50009771,  99.9
 13, 173, 30.10655495, 94.50282532,  99.9
 14, 173, 30.10207805, 94.50548369,  99.9
 15, 173, 30.09766387, 94.50807341,  99.9
 16, 173, 30.09331149, 94.51059500,  99.9
 17, 173, 30.08902001, 94.51304903,  99.9
 18, 173, 30.08478855, 94.51543600,  99.9
 19, 173, 30.08061623, 94.51775644,  99.9
 20, 173, 30.07650217, 94.52001083,  99.9
 21, 173, 30.07244554, 94.52219965,  99.9
 22, 173, 30.06844549, 94.52432337,  99.9
 23, 173, 30.06450118, 94.52638246,  99.9
 24, 173, 30.06061181, 94.52837734,  99.9
 25, 173, 30.05677657, 94.53030843,  99.9
 26, 173, 30.05299465, 94.53217617,  99.9
 27, 173, 30.04926528, 94.53398093,  99.9
 28, 173, 30.04558769, 94.53572312,  99.9
 29, 173, 30.04196110, 94.53740309,  99.9
 30, 173, 30.03838478, 94.53902121,  99.9
 31, 173, 30.03485797, 94.54057783,  99.9
 32, 173, 30.03137995, 94.54207328,  99.9
 33, 173, 30.02794999, 94.54350787,  99.9
 34, 173, 30.02456738, 94.54488192,  99.9
 35, 173, 30.02123142, 94.54619571,  99.9
 36, 173, 30.01794142, 94.54744953,  99.9
 37, 173, 30.01469669, 94.54864365,  99.9
 38, 173, 30.01149657, 94.54977833,  99.9
 39, 173, 30.00834038, 94.55085380,  99.9
 40, 173, 30.00522747, 94.55187030,  99.9
 41, 173, 30.00215720, 94.55282805,  99.9
 42, 173, 29.99912893, 94.55372724,  99.9
 43, 173, 29.99614203, 94.55456809,  99.9
 44, 173, 29.99319587, 94.55535076,  99.9
 45, 173, 29.99028985, 94.55607542,  99.9
 46, 173, 29.98742337, 94.55674224,  99.9
 47, 173, 29.98459582, 94.55735135,  99.9
 48, 173, 29.98180662, 94.55790290,  99.9
 49, 173, 29.97905519, 94.55839699,  99.9
 50, 173, 29.97634096, 94.55883374,  99.9
 51, 173, 29.97366337, 94.55921324,  99.9
 52, 173, 29.97102185, 94.55953559,  99.9
 53, 173, 29.96841586, 94.55980084,  99.9
 54, 173, 29.96584485, 94.56000906,  99.9
 55, 173, 29.96330830, 94.56016030,  99.9
 56, 173, 29.96080567, 94.56025459,  99.9
 57, 173, 29.95833645, 94.56029195,  99.9
 58, 173, 29.95590012, 94.56027241,  99.9
 59, 173, 29.95349616, 94.56019596,  99.9
 60, 173, 29.95112410, 94.56006258,  99.9
 61, 173, 29.94878342, 94.55987226,  99.9
 62, 173, 29.94647364, 94.55962495,  99.9
 63, 173, 29.94419428, 94.55932062,  99.9
 64, 173, 29.94194487, 94.55895919,  99.9
 65, 173, 29.93972493, 94.55854061,  99.9
 66, 173, 29.93753401, 94.55806478,  99.9
 67, 173, 29.93537165, 94.55753160,  99.9
 68, 173, 29.93323740, 94.55694098,  99.9
 69, 173, 29.93113081, 94.55629279,  99.9
 70, 173, 29.92905144, 94.55558690,  99.9
 71, 173, 29.92699886, 94.55482317,  99.9
 72, 173, 29.92497265, 94.55400144,  99.9
 73, 173, 29.92297237, 94.55312154,  99.9
 74, 173, 29.92099762, 94.55218329,  99.9
 75, 173, 29.91904797, 94.55118650,  99.9
 76, 173, 29.91712303, 94.55013096,  99.9
 77, 173, 29.91522239, 94.54901646,  99.9
 78, 173, 29.91334566, 94.54784277,  99.9
 79, 173, 29.91149243, 94.54660965,  99.9
 80, 173, 29.90966233, 94.54531683,  99.9
 81, 173, 29.90785497, 94.54396407,  99.9
 82, 173, 29.90606998, 94.54255107,  99.9
 83, 173, 29.90430698, 94.54107754,  99.9
 84, 173, 29.90256560, 94.53954318,  99.9
 85, 173, 29.90084547, 94.53794768,  99.9
 86, 173, 29.89914624, 94.53629070,  99.9
 87, 173, 29.89746756, 94.53457190,  99.9
 88, 173, 29.89580906, 94.53279092,  99.9
 89, 173, 29.89417041, 94.53094740,  99.9
 90, 173, 29.89255125, 94.52904095,  99.9
 91, 173, 29.89095125, 94.52707119,  99.9
 92, 173, 29.88937008, 94.52503769,  99.9
 93, 173, 29.88780740, 94.52294005,  99.9
 94, 173, 29.88626288, 94.52077782,  99.9
 95, 173, 29.88473619, 94.51855056,  99.9
 96, 173, 29.88322703, 94.51625781,  99.9
 97, 173, 29.88173506, 94.51389908,  99.9
 98, 173, 29.88025999, 94.51147390,  99.9
 99, 173, 29.87880148, 94.50898176,  99.9
100, 173, 29.87735924, 94.50642213,  99.9
101, 173, 29.87593297, 94.50379450,  99.9
102, 173, 29.87452236, 94.50109831,  99.9
103, 173, 29.87312712, 94.49833301,  99.9
104, 173, 29.87174695, 94.49549803,  99.9
105, 173, 29.87038155, 94.49259276,  99.9
106, 173, 29.86903065, 94.48961662,  99.9
107, 173, 29.86769395, 94.48656898,  99.9
108, 173, 29.86637117, 94.48344921,  99.9
109, 173, 29.86506203, 94.48025666,  99.9
110, 173, 29.86376626, 94.47699067,  99.9
111, 173, 29.86248357, 94.47365057,  99.9
112, 173, 29.86121370, 94.47023565,  99.9
113, 173, 29.85995638, 94.46674522,  99.9
114, 173, 29.85871133, 94.46317854,  99.9
115, 173, 29.85747829, 94.45953487,  99.9
116, 173, 29.85625701, 94.45581346,  99.9
117, 173, 29.85504721, 94.45201353,  99.9
118, 173, 29.85384865, 94.44813430,  99.9
119, 173, 29.85266106, 94.44417496,  99.9
120, 173, 29.85148419, 94.44013469,  99.9
121, 173, 29.85031778, 94.43601264,  99.9
122, 173, 29.84916159, 94.43180797,  99.9
123, 173, 29.84801538, 94.42751979,  99.9
124, 173, 29.84687888, 94.42314723,  99.9
125, 173, 29.84575186, 94.41868936,  99.9
126, 173, 29.84463407, 94.41414527,  99.9
127, 173, 29.84352528, 94.40951400,  99.9
128, 173, 29.84242524, 94.40479461,  99.9
129, 173, 29.84133372, 94.39998610,  99.9
130, 173, 29.84025047, 94.39508748,  99.9
131, 173, 29.83917526, 94.39009773,  99.9
132, 173, 29.83810786, 94.38501581,  99.9
133, 173, 29.83704804, 94.37984067,  99.9
134, 173, 29.83599556, 94.37457124,  99.9
135, 173, 29.83495019, 94.36920641,  99.9
136, 173, 29.83391171, 94.36374508,  99.9
137, 173, 29.83287988, 94.35818611,  99.9
138, 173, 29.83185448, 94.35252834,  99.9
139, 173, 29.83083529, 94.34677061,  99.9
140, 173, 29.82982207, 94.34091170,  99.9
141, 173, 29.82881460, 94.33495042,  99.9
142, 173, 29.82781267, 94.32888551,  99.9
143, 173, 29.82681604, 94.32271572,  99.9
144, 173, 29.82582450, 94.31643976,  99.9
145, 173, 29.82483782, 94.31005634,  99.9
146, 173, 29.82385579, 94.30356412,  99.9
147, 173, 29.82287818, 94.29696176,  99.9
148, 173, 29.82190477, 94.29024789,  99.9
149, 173, 29.82093534, 94.28342111,  99.9
150, 173, 29.81996968, 94.27648001,  99.9
151, 173, 29.81900756, 94.26942314,  99.9
152, 173, 29.81804876, 94.26224903,  99.9
153, 173, 29.81709308, 94.25495620,   5.2
154, 173, 29.81614028, 94.24754313,  99.9
155, 173, 29.81519015, 94.24000828,  99.9
156, 173, 29.81424248, 94.23235010,  99.9
157, 173, 29.81329703, 94.22456697,  99.9
158, 173, 29.81235361, 94.21665730,  99.9
159, 173, 29.81141197, 94.20861943,  99.9
160, 173, 29.81047192, 94.20045170,  99.9
161, 173, 29.80953322, 94.19215242,  99.9
162, 173, 29.80859565, 94.18371985,  99.9
163, 173, 29.80765900, 94.17515225,  99.9
164, 173, 29.80672304, 94.16644784,   7.1
165, 173, 29.80578756, 94.15760481,   7.1
166, 173, 29.80485233, 94.14862132,   6.9
167, 173, 29.80391712, 94.13949551,   6.7
168, 173, 29.80298172, 94.13022549,   6.6
169, 173, 29.80204589, 94.12080933,   6.6
170, 173, 29.80110941, 94.11124507,   6.5
171, 173, 29.80017206, 94.10153073,   6.5
172, 173, 29.79923361, 94.09166429,   6.5
173, 173, 29.79829382, 94.08164371,   6.5
174, 173, 29.79735247, 94.07146690,   6.4
175, 173, 29.79640932, 94.06113176,   6.2
176, 173, 29.79546414, 94.05063613,   6.0
177, 173, 29.79451670, 94.03997783,   6.1
178, 173, 29.79356676, 94.02915467,   6.1
179, 173, 29.79261408, 94.01816438,   6.0
180, 173, 29.79165842, 94.00700470,   5.9
181, 173, 29.79069954, 93.99567329,   5.8
182, 173, 29.78973719, 93.98416782,   5.8
183, 173, 29.78877114, 93.97248589,   6.0
184, 173, 29.78780113, 93.96062508,   6.1
185, 173, 29.78682691, 93.94858293,   6.1
186, 173, 29.78584823, 93.93635694,  99.9
187, 173, 29.78486483, 93.92394458,   6.2
188, 173, 29.78387646, 93.91134326,   6.3
189, 173, 29.78288286, 93.89855038,   6.4
190, 173, 29.78188377, 93.88556328,   6.5
191, 173, 29.78087892, 93.87237927,   6.7
192, 173, 29.77986804, 93.85899561,   6.8
193, 173, 29.77885086, 93.84540953,   6.9
194, 173, 29.77782711, 93.83161820,   7.0
195, 173, 29.77679651, 93.81761878,   7.2
196, 173, 29.77575878, 93.80340836,   7.3
197, 173, 29.77471363, 93.78898398,   7.5
198, 173, 29.77366078, 93.77434267,   7.6
199, 173, 29.77259994, 93.75948138,   7.6
200, 173, 29.77153081, 93.74439703,   7.7
201, 173, 29.77045310, 93.72908650,   7.8
202, 173, 29.76936649, 93.71354662,   7.8
203, 173, 29.76827069, 93.69777415,   7.9
204, 173, 29.76716538, 93.68176585,   7.9
205, 173, 29.76605024, 93.66551837,   8.0
206, 173, 29.76492497, 93.64902837,   8.1
207, 173, 29.76378922, 93.63229242,   8.1
208, 173, 29.76264267, 93.61530706,   8.2
209, 173, 29.76148499, 93.59806876,   8.2
210, 173, 29.76031584, 93.58057396,   8.2
211, 173, 29.75913487, 93.56281903,   8.2
212, 173, 29.75794173, 93.54480030,   8.1
213, 173, 29.75673607, 93.52651404,   8.1
214, 173, 29.75551752, 93.50795645,   8.0
215, 173, 29.75428571, 93.48912369,   7.9
216, 173, 29.75304028, 93.47001188,   7.9
217, 173, 29.75178083, 93.45061704,   7.8
218, 173, 29.75050699, 93.43093517,   7.7
219, 173, 29.74921837, 93.41096219,   7.7
220, 173, 29.74791455, 93.39069398,   7.6
221, 173, 29.74659514, 93.37012632,   7.5
222, 173, 29.74525972, 93.34925498,   7.5
223, 173, 29.74390787, 93.32807563,   7.6
224, 173, 29.74253915, 93.30658389,   7.7
225, 173, 29.74115314, 93.28477532,   7.8
226, 173, 29.73974939, 93.26264541,   7.7
227, 173, 29.73832744, 93.24018957,   7.7
228, 173, 29.73688683, 93.21740318,   7.5
229, 173, 29.73542710, 93.19428151,   7.3
230, 173, 29.73394775, 93.17081979,   7.2
231, 173, 29.73244831, 93.14701317,   7.0
232, 173, 29.73092828, 93.12285674,   7.0
233, 173, 29.72938714, 93.09834549,   6.9
234, 173, 29.72782438, 93.07347438,   6.8
235, 173, 29.72623947, 93.04823825,   6.7
236, 173, 29.72463188, 93.02263190,   6.6
237, 173, 29.72300105, 92.99665005,   6.6
238, 173, 29.72134642, 92.97028732,   6.5
239, 173, 29.71966743, 92.94353828,   6.4
240, 173, 29.71796348, 92.91639741,   6.3
241, 173, 29.71623398, 92.88885910,  99.9
  1, 174, 30.16238096, 94.45923705,  99.9
  2, 174, 30.15714241, 94.46285462,  99.9
  3, 174, 30.15197796, 94.46639444,  99.9
  4, 174, 30.14688655, 94.46985727,  99.9
  5, 174, 30.14186712, 94.47324385,  99.9
  6, 174, 30.13691864, 94.47655491,  99.9
  7, 174, 30.13204008, 94.47979115,  99.9
  8, 174, 30.12723043, 94.48295327,  99.9
  9, 174, 30.12248871, 94.48604193,  99.9
 10, 174, 30.11781391, 94.48905780,  99.9
 11, 174, 30.11320509, 94.49200152,  99.9
 12, 174, 30.10866128, 94.49487372,  99.9
 13, 174, 30.10418154, 94.49767501,  99.9
 14, 174, 30.09976495, 94.50040600,  99.9
 15, 174, 30.09541060, 94.50306726,  99.9
 16, 174, 30.09111757, 94.50565936,  99.9
 17, 174, 30.08688498, 94.50818285,  99.9
 18, 174, 30.08271196, 94.51063828,  99.9
 19, 174, 30.07859764, 94.51302616,  99.9
 20, 174, 30.07454117, 94.51534701,  99.9
 21, 174, 30.07054170, 94.51760132,  99.9
 22, 174, 30.06659841, 94.51978957,  99.9
 23, 174, 30.06271048, 94.52191223,  99.9
 24, 174, 30.05887711, 94.52396975,  99.9
 25, 174, 30.05509750, 94.52596257,  99.9
 26, 174, 30.05137087, 94.52789112,  99.9
 27, 174, 30.04769644, 94.52975580,  99.9
 28, 174, 30.04407346, 94.53155702,  99.9
 29, 174, 30.04050117, 94.53329516,  99.9
 30, 174, 30.03697883, 94.53497059,  99.9
 31, 174, 30.03350571, 94.53658367,  99.9
 32, 174, 30.03008109, 94.53813475,  99.9
 33, 174, 30.02670426, 94.53962414,  99.9
 34, 174, 30.02337452, 94.54105218,  99.9
 35, 174, 30.02009118, 94.54241917,  99.9
 36, 174, 30.01685356, 94.54372539,  99.9
 37, 174, 30.01366099, 94.54497114,  99.9
 38, 174, 30.01051279, 94.54615667,  99.9
 39, 174, 30.00740833, 94.54728225,  99.9
 40, 174, 30.00434695, 94.54834810,  99.9
 41, 174, 30.00132802, 94.54935447,  99.9
 42, 174, 29.99835092, 94.55030156,  99.9
 43, 174, 29.99541502, 94.55118958,  99.9
 44, 174, 29.99251971, 94.55201872,  99.9
 45, 174, 29.98966440, 94.55278916,  99.9
 46, 174, 29.98684849, 94.55350107,  99.9
 47, 174, 29.98407140, 94.55415459,  99.9
 48, 174, 29.98133255, 94.55474988,  99.9
 49, 174, 29.97863136, 94.55528706,  99.9
 50, 174, 29.97596729, 94.55576624,  99.9
 51, 174, 29.97333976, 94.55618754,  99.9
 52, 174, 29.97074825, 94.55655105,  99.9
 53, 174, 29.96819221, 94.55685684,  99.9
 54, 174, 29.96567110, 94.55710498,  99.9
 55, 174, 29.96318441, 94.55729553,  99.9
 56, 174, 29.96073162, 94.55742854,  99.9
 57, 174, 29.95831222, 94.55750403,  99.9
 58, 174, 29.95592569, 94.55752203,  99.9
 59, 174, 29.95357156, 94.55748255,  99.9
 60, 174, 29.95124932, 94.55738557,  99.9
 61, 174, 29.94895850, 94.55723109,  99.9
 62, 174, 29.94669861, 94.55701907,  99.9
 63, 174, 29.94446919, 94.55674948,  99.9
 64, 174, 29.94226977, 94.55642226,  99.9
 65, 174, 29.94009989, 94.55603735,  99.9
 66, 174, 29.93795911, 94.55559467,  99.9
 67, 174, 29.93584697, 94.55509413,  99.9
 68, 174, 29.93376304, 94.55453564,  99.9
 69, 174, 29.93170689, 94.55391907,  99.9
 70, 174, 29.92967807, 94.55324430,  99.9
 71, 174, 29.92767617, 94.55251120,  99.9
 72, 174, 29.92570078, 94.55171962,  99.9
 73, 174, 29.92375148, 94.55086939,  99.9
 74, 174, 29.92182786, 94.54996034,  99.9
 75, 174, 29.91992952, 94.54899228,  99.9
 76, 174, 29.91805607, 94.54796502,  99.9
 77, 174, 29.91620711, 94.54687834,  99.9
 78, 174, 29.91438226, 94.54573202,  99.9
 79, 174, 29.91258114, 94.54452583,  99.9
 80, 174, 29.91080336, 94.54325951,  99.9
 81, 174, 29.90904857, 94.54193280,  99.9
 82, 174, 29.90731639, 94.54054543,  99.9
 83, 174, 29.90560646, 94.53909712,  99.9
 84, 174, 29.90391842, 94.53758756,  99.9
 85, 174, 29.90225192, 94.53601645,  99.9
 86, 174, 29.90060661, 94.53438345,  99.9
 87, 174, 29.89898214, 94.53268823,  99.9
 88, 174, 29.89737818, 94.53093044,  99.9
 89, 174, 29.89579439, 94.52910971,  99.9
 90, 174, 29.89423043, 94.52722567,  99.9
 91, 174, 29.89268598, 94.52527793,  99.9
 92, 174, 29.89116072, 94.52326608,  99.9
 93, 174, 29.88965432, 94.52118971,  99.9
 94, 174, 29.88816646, 94.51904839,  99.9
 95, 174, 29.88669684, 94.51684167,  99.9
 96, 174, 29.88524515, 94.51456910,  99.9
 97, 174, 29.88381107, 94.51223020,  99.9
 98, 174, 29.88239431, 94.50982449,  99.9
 99, 174, 29.88099457, 94.50735147,  99.9
100, 174, 29.87961156, 94.50481062,  99.9
101, 174, 29.87824498, 94.50220143,  99.9
102, 174, 29.87689454, 94.49952335,  99.9
103, 174, 29.87555996, 94.49677581,  99.9
104, 174, 29.87424096, 94.49395826,  99.9
105, 174, 29.87293725, 94.49107011,  99.9
106, 174, 29.87164857, 94.48811076,  99.9
107, 174, 29.87037464, 94.48507959,  99.9
108, 174, 29.86911518, 94.48197597,  99.9
109, 174, 29.86786994, 94.47879927,  99.9
110, 174, 29.86663864, 94.47554881,  99.9
111, 174, 29.86542104, 94.47222393,  99.9
112, 174, 29.86421685, 94.46882393,  99.9
113, 174, 29.86302584, 94.46534811,  99.9
114, 174, 29.86184775, 94.46179575,  99.9
115, 174, 29.86068232, 94.45816611,  99.9
116, 174, 29.85952930, 94.45445843,  99.9
117, 174, 29.85838846, 94.45067195,  99.9
118, 174, 29.85725954, 94.44680587,  99.9
119, 174, 29.85614231, 94.44285940,  99.9
120, 174, 29.85503652, 94.43883171,  99.9
121, 174, 29.85394194, 94.43472197,  99.9
122, 174, 29.85285832, 94.43052933,  99.9
123, 174, 29.85178545, 94.42625291,  99.9
124, 174, 29.85072308, 94.42189182,  99.9
125, 174, 29.84967099, 94.41744516,  99.9
126, 174, 29.84862895, 94.41291200,  99.9
127, 174, 29.84759673, 94.40829141,  99.9
128, 174, 29.84657412, 94.40358242,  99.9
129, 174, 29.84556088, 94.39878405,  99.9
130, 174, 29.84455679, 94.39389531,  99.9
131, 174, 29.84356165, 94.38891519,  99.9
132, 174, 29.84257522, 94.38384263,  99.9
133, 174, 29.84159730, 94.37867660,  99.9
134, 174, 29.84062767, 94.37341602,  99.9
135, 174, 29.83966612, 94.36805979,  99.9
136, 174, 29.83871243, 94.36260680,  99.9
137, 174, 29.83776640, 94.35705592,  99.9
138, 174, 29.83682781, 94.35140600,  99.9
139, 174, 29.83589646, 94.34565585,  99.9
140, 174, 29.83497214, 94.33980430,  99.9
141, 174, 29.83405465, 94.33385011,  99.9
142, 174, 29.83314378, 94.32779206,  99.9
143, 174, 29.83223932, 94.32162888,  99.9
144, 174, 29.83134107, 94.31535929,  99.9
145, 174, 29.83044884, 94.30898199,  99.9
146, 174, 29.82956242, 94.30249566,  99.9
147, 174, 29.82868161, 94.29589894,  99.9
148, 174, 29.82780620, 94.28919047,  99.9
149, 174, 29.82693601, 94.28236886,  99.9
150, 174, 29.82607083, 94.27543267,  99.9
151, 174, 29.82521046, 94.26838048,  99.9
152, 174, 29.82435471, 94.26121082,  99.9
153, 174, 29.82350338, 94.25392219,   4.9
154, 174, 29.82265627, 94.24651309,  99.9
155, 174, 29.82181319, 94.23898198,  99.9
156, 174, 29.82097393, 94.23132728,  99.9
157, 174, 29.82013831, 94.22354741,  99.9
158, 174, 29.81930612, 94.21564075,  99.9
159, 174, 29.81847718, 94.20760566,  99.9
160, 174, 29.81765128, 94.19944047,  99.9
161, 174, 29.81682823, 94.19114349,  99.9
162, 174, 29.81600784, 94.18271298,  99.9
163, 174, 29.81518990, 94.17414720,  99.9
164, 174, 29.81437422, 94.16544438,   7.1
165, 174, 29.81356060, 94.15660269,   6.9
166, 174, 29.81274886, 94.14762030,   6.8
167, 174, 29.81193877, 94.13849535,   6.7
168, 174, 29.81113016, 94.12922595,   6.5
169, 174, 29.81032283, 94.11981016,   6.4
170, 174, 29.80951656, 94.11024603,   6.3
171, 174, 29.80871117, 94.10053157,   6.3
172, 174, 29.80790645, 94.09066478,   6.3
173, 174, 29.80710220, 94.08064358,   6.2
174, 174, 29.80629821, 94.07046592,   6.2
175, 174, 29.80549429, 94.06012966,   6.0
176, 174, 29.80469023, 94.04963267,   5.8
177, 174, 29.80388583, 94.03897277,   5.8
178, 174, 29.80308087, 94.02814773,   6.0
179, 174, 29.80227515, 94.01715532,   5.9
180, 174, 29.80146846, 94.00599325,   5.8
181, 174, 29.80066059, 93.99465920,   5.7
182, 174, 29.79985132, 93.98315082,   5.7
183, 174, 29.79904045, 93.97146572,   6.0
184, 174, 29.79822776, 93.95960147,   6.0
185, 174, 29.79741302, 93.94755561,   6.0
186, 174, 29.79659602, 93.93532565,   2.0
187, 174, 29.79577655, 93.92290903,   6.1
188, 174, 29.79495436, 93.91030318,   6.1
189, 174, 29.79412925, 93.89750549,   6.0
190, 174, 29.79330099, 93.88451330,   6.0
191, 174, 29.79246933, 93.87132392,   6.2
192, 174, 29.79163406, 93.85793459,   6.3
193, 174, 29.79079493, 93.84434256,   6.5
194, 174, 29.78995171, 93.83054499,   6.6
195, 174, 29.78910416, 93.81653902,   6.7
196, 174, 29.78825204, 93.80232174,   6.9
197, 174, 29.78739510, 93.78789022,   7.1
198, 174, 29.78653309, 93.77324144,   7.3
199, 174, 29.78566577, 93.75837237,   7.3
200, 174, 29.78479287, 93.74327993,   7.4
201, 174, 29.78391413, 93.72796099,   7.4
202, 174, 29.78302931, 93.71241237,   7.5
203, 174, 29.78213812, 93.69663083,   7.5
204, 174, 29.78124031, 93.68061312,   7.6
205, 174, 29.78033560, 93.66435590,   7.6
206, 174, 29.77942371, 93.64785581,   7.6
207, 174, 29.77850436, 93.63110943,   7.6
208, 174, 29.77757727, 93.61411327,   7.7
209, 174, 29.77664214, 93.59686383,   7.9
210, 174, 29.77569870, 93.57935751,   7.9
211, 174, 29.77474662, 93.56159069,   8.0
212, 174, 29.77378562, 93.54355970,   8.0
213, 174, 29.77281538, 93.52526078,   8.0
214, 174, 29.77183560, 93.50669016,   7.9
215, 174, 29.77084595, 93.48784397,   7.9
216, 174, 29.76984610, 93.46871832,   7.8
217, 174, 29.76883574, 93.44930923,   7.8
218, 174, 29.76781452, 93.42961270,   7.7
219, 174, 29.76678210, 93.40962463,   7.6
220, 174, 29.76573814, 93.38934090,   7.5
221, 174, 29.76468228, 93.36875729,   7.3
222, 174, 29.76361417, 93.34786954,   7.3
223, 174, 29.76253343, 93.32667333,   7.4
224, 174, 29.76143970, 93.30516427,   7.7
225, 174, 29.76033258, 93.28333791,   7.8
226, 174, 29.75921171, 93.26118972,   8.0
227, 174, 29.75807667, 93.23871512,   7.8
228, 174, 29.75692708, 93.21590946,   7.6
229, 174, 29.75576251, 93.19276802,   7.4
230, 174, 29.75458255, 93.16928601,   7.2
231, 174, 29.75338677, 93.14545857,   7.0
232, 174, 29.75217473, 93.12128077,   6.9
233, 174, 29.75094600, 93.09674762,   6.8
234, 174, 29.74970012, 93.07185403,   6.7
235, 174, 29.74843663, 93.04659485,   6.5
236, 174, 29.74715504, 93.02096488,   6.4
237, 174, 29.74585489, 92.99495880,   6.5
238, 174, 29.74453568, 92.96857124,   6.5
239, 174, 29.74319690, 92.94179675,   6.4
240, 174, 29.74183805, 92.91462979,   6.4
241, 174, 29.74045859, 92.88706475,  99.9
  1, 175, 30.15916552, 94.45320540,  99.9
  2, 175, 30.15399524, 94.45690880,  99.9
  3, 175, 30.14889840, 94.46053320,  99.9
  4, 175, 30.14387396, 94.46407939,  99.9
  5, 175, 30.13892086, 94.46754812,  99.9
  6, 175, 30.13403808, 94.47094014,  99.9
  7, 175, 30.12922463, 94.47425617,  99.9
  8, 175, 30.12447949, 94.47749691,  99.9
  9, 175, 30.11980169, 94.48066306,  99.9
 10, 175, 30.11519026, 94.48375529,  99.9
 11, 175, 30.11064425, 94.48677427,  99.9
 12, 175, 30.10616272, 94.48972064,  99.9
 13, 175, 30.10174473, 94.49259502,  99.9
 14, 175, 30.09738937, 94.49539803,  99.9
 15, 175, 30.09309575, 94.49813026,  99.9
 16, 175, 30.08886297, 94.50079231,  99.9
 17, 175, 30.08469016, 94.50338473,  99.9
 18, 175, 30.08057645, 94.50590809,  99.9
 19, 175, 30.07652099, 94.50836291,  99.9
 20, 175, 30.07252295, 94.51074973,  99.9
 21, 175, 30.06858148, 94.51306904,  99.9
 22, 175, 30.06469578, 94.51532135,  99.9
 23, 175, 30.06086505, 94.51750713,  99.9
 24, 175, 30.05708848, 94.51962686,  99.9
 25, 175, 30.05336529, 94.52168098,  99.9
 26, 175, 30.04969472, 94.52366993,  99.9
 27, 175, 30.04607600, 94.52559414,  99.9
 28, 175, 30.04250838, 94.52745401,  99.9
 29, 175, 30.03899113, 94.52924994,  99.9
 30, 175, 30.03552351, 94.53098232,  99.9
 31, 175, 30.03210481, 94.53265152,  99.9
 32, 175, 30.02873431, 94.53425789,  99.9
 33, 175, 30.02541132, 94.53580177,  99.9
 34, 175, 30.02213515, 94.53728350,  99.9
 35, 175, 30.01890511, 94.53870338,  99.9
 36, 175, 30.01572054, 94.54006173,  99.9
 37, 175, 30.01258078, 94.54135884,  99.9
 38, 175, 30.00948518, 94.54259497,  99.9
 39, 175, 30.00643309, 94.54377041,  99.9
 40, 175, 30.00342388, 94.54488539,  99.9
 41, 175, 30.00045692, 94.54594016,  99.9
 42, 175, 29.99753161, 94.54693494,  99.9
 43, 175, 29.99464733, 94.54786995,  99.9
 44, 175, 29.99180348, 94.54874538,  99.9
 45, 175, 29.98899947, 94.54956143,  99.9
 46, 175, 29.98623472, 94.55031827,  99.9
 47, 175, 29.98350867, 94.55101607,  99.9
 48, 175, 29.98082073, 94.55165497,  99.9
 49, 175, 29.97817035, 94.55223512,  99.9
 50, 175, 29.97555698, 94.55275663,  99.9
 51, 175, 29.97298008, 94.55321963,  99.9
 52, 175, 29.97043912, 94.55362422,  99.9
 53, 175, 29.96793356, 94.55397048,  99.9
 54, 175, 29.96546288, 94.55425849,  99.9
 55, 175, 29.96302657, 94.55448831,  99.9
 56, 175, 29.96062412, 94.55466000,  99.9
 57, 175, 29.95825504, 94.55477360,  99.9
 58, 175, 29.95591883, 94.55482914,  99.9
 59, 175, 29.95361500, 94.55482663,  99.9
 60, 175, 29.95134308, 94.55476607,  99.9
 61, 175, 29.94910259, 94.55464745,  99.9
 62, 175, 29.94689306, 94.55447077,  99.9
 63, 175, 29.94471404, 94.55423597,  99.9
 64, 175, 29.94256508, 94.55394302,  99.9
 65, 175, 29.94044572, 94.55359186,  99.9
 66, 175, 29.93835552, 94.55318242,  99.9
 67, 175, 29.93629405, 94.55271462,  99.9
 68, 175, 29.93426087, 94.55218836,  99.9
 69, 175, 29.93225558, 94.55160354,  99.9
 70, 175, 29.93027774, 94.55096003,  99.9
 71, 175, 29.92832694, 94.55025772,  99.9
 72, 175, 29.92640278, 94.54949644,  99.9
 73, 175, 29.92450485, 94.54867606,  99.9
 74, 175, 29.92263277, 94.54779640,  99.9
 75, 175, 29.92078613, 94.54685727,  99.9
 76, 175, 29.91896456, 94.54585850,  99.9
 77, 175, 29.91716767, 94.54479986,  99.9
 78, 175, 29.91539509, 94.54368115,  99.9
 79, 175, 29.91364645, 94.54250213,  99.9
 80, 175, 29.91192137, 94.54126257,  99.9
 81, 175, 29.91021951, 94.53996219,  99.9
 82, 175, 29.90854051, 94.53860075,  99.9
 83, 175, 29.90688401, 94.53717795,  99.9
 84, 175, 29.90524966, 94.53569350,  99.9
 85, 175, 29.90363714, 94.53414709,  99.9
 86, 175, 29.90204608, 94.53253841,  99.9
 87, 175, 29.90047618, 94.53086713,  99.9
 88, 175, 29.89892709, 94.52913288,  99.9
 89, 175, 29.89739849, 94.52733533,  99.9
 90, 175, 29.89589005, 94.52547409,  99.9
 91, 175, 29.89440148, 94.52354877,  99.9
 92, 175, 29.89293244, 94.52155899,  99.9
 93, 175, 29.89148263, 94.51950433,  99.9
 94, 175, 29.89005176, 94.51738435,  99.9
 95, 175, 29.88863950, 94.51519863,  99.9
 96, 175, 29.88724558, 94.51294671,  99.9
 97, 175, 29.88586969, 94.51062812,  99.9
 98, 175, 29.88451155, 94.50824238,  99.9
 99, 175, 29.88317087, 94.50578900,  99.9
100, 175, 29.88184737, 94.50326746,  99.9
101, 175, 29.88054076, 94.50067725,  99.9
102, 175, 29.87925078, 94.49801782,  99.9
103, 175, 29.87797714, 94.49528863,  99.9
104, 175, 29.87671959, 94.49248910,  99.9
105, 175, 29.87547785, 94.48961866,  99.9
106, 175, 29.87425166, 94.48667671,  99.9
107, 175, 29.87304076, 94.48366264,  99.9
108, 175, 29.87184489, 94.48057582,  99.9
109, 175, 29.87066381, 94.47741562,  99.9
110, 175, 29.86949725, 94.47418137,  99.9
111, 175, 29.86834497, 94.47087240,  99.9
112, 175, 29.86720673, 94.46748803,  99.9
113, 175, 29.86608228, 94.46402755,  99.9
114, 175, 29.86497139, 94.46049025,  99.9
115, 175, 29.86387381, 94.45687538,  99.9
116, 175, 29.86278931, 94.45318221,  99.9
117, 175, 29.86171766, 94.44940995,  99.9
118, 175, 29.86065862, 94.44555783,  99.9
119, 175, 29.85961198, 94.44162505,  99.9
120, 175, 29.85857751, 94.43761079,  99.9
121, 175, 29.85755497, 94.43351421,  99.9
122, 175, 29.85654417, 94.42933446,  99.9
123, 175, 29.85554486, 94.42507068,  99.9
124, 175, 29.85455685, 94.42072198,  99.9
125, 175, 29.85357991, 94.41628745,  99.9
126, 175, 29.85261383, 94.41176618,  99.9
127, 175, 29.85165841, 94.40715722,  99.9
128, 175, 29.85071343, 94.40245961,  99.9
129, 175, 29.84977869, 94.39767238,  99.9
130, 175, 29.84885398, 94.39279454,  99.9
131, 175, 29.84793911, 94.38782507,  99.9
132, 175, 29.84703387, 94.38276293,  99.9
133, 175, 29.84613806, 94.37760707,  99.9
134, 175, 29.84525149, 94.37235643,  99.9
135, 175, 29.84437395, 94.36700991,  99.9
136, 175, 29.84350526, 94.36156640,  99.9
137, 175, 29.84264522, 94.35602477,  99.9
138, 175, 29.84179365, 94.35038386,  99.9
139, 175, 29.84095034, 94.34464251,  99.9
140, 175, 29.84011512, 94.33879952,  99.9
141, 175, 29.83928779, 94.33285367,  99.9
142, 175, 29.83846817, 94.32680373,  99.9
143, 175, 29.83765608, 94.32064844,  99.9
144, 175, 29.83685132, 94.31438652,  99.9
145, 175, 29.83605372, 94.30801668,  99.9
146, 175, 29.83526310, 94.30153757,  99.9
147, 175, 29.83447928, 94.29494787,  99.9
148, 175, 29.83370207, 94.28824620,  99.9
149, 175, 29.83293130, 94.28143116,  99.9
150, 175, 29.83216679, 94.27450134,  99.9
151, 175, 29.83140836, 94.26745529,  99.9
152, 175, 29.83065583, 94.26029157,  99.9
153, 175, 29.82990904, 94.25300866,   4.6
154, 175, 29.82916780, 94.24560507,  99.9
155, 175, 29.82843194, 94.23807924,  99.9
156, 175, 29.82770129, 94.23042963,  99.9
157, 175, 29.82697567, 94.22265463,  99.9
158, 175, 29.82625491, 94.21475263,  99.9
159, 175, 29.82553883, 94.20672199,  99.9
160, 175, 29.82482727, 94.19856104,  99.9
161, 175, 29.82412005, 94.19026807,  99.9
162, 175, 29.82341701, 94.18184138,  99.9
163, 175, 29.82271796, 94.17327921,  99.9
164, 175, 29.82202273, 94.16457977,  99.9
165, 175, 29.82133116, 94.15574126,  99.9
166, 175, 29.82064308, 94.14676184,  99.9
167, 175, 29.81995830, 94.13763965,   6.7
168, 175, 29.81927667, 94.12837278,   6.4
169, 175, 29.81859799, 94.11895932,   6.4
170, 175, 29.81792212, 94.10939731,   6.3
171, 175, 29.81724886, 94.09968476,   6.1
172, 175, 29.81657805, 94.08981965,   6.1
173, 175, 29.81590952, 94.07979993,   6.0
174, 175, 29.81524308, 94.06962352,   5.9
175, 175, 29.81457857, 94.05928830,   5.8
176, 175, 29.81391581, 94.04879213,   5.7
177, 175, 29.81325462, 94.03813282,   5.7
178, 175, 29.81259482, 94.02730816,   5.9
179, 175, 29.81193624, 94.01631591,   5.9
180, 175, 29.81127871, 94.00515377,   5.8
181, 175, 29.81062203, 93.99381943,   5.6
182, 175, 29.80996602, 93.98231053,   5.6
183, 175, 29.80931052, 93.97062469,  99.9
184, 175, 29.80865532, 93.95875947,   5.9
185, 175, 29.80800026, 93.94671240,  99.9
186, 175, 29.80734513, 93.93448100,   2.0
187, 175, 29.80668976, 93.92206270,   5.9
188, 175, 29.80603395, 93.90945494,   5.8
189, 175, 29.80537752, 93.89665510,   5.7
190, 175, 29.80472026, 93.88366052,   5.5
191, 175, 29.80406200, 93.87046849,   5.4
192, 175, 29.80340252, 93.85707629,   5.5
193, 175, 29.80274164, 93.84348112,   5.7
194, 175, 29.80207915, 93.82968016,   6.0
195, 175, 29.80141486, 93.81567055,   6.1
196, 175, 29.80074854, 93.80144938,   6.3
197, 175, 29.80008001, 93.78701369,   6.6
198, 175, 29.79940904, 93.77236049,   6.9
199, 175, 29.79873543, 93.75748673,   7.0
200, 175, 29.79805897, 93.74238933,   7.0
201, 175, 29.79737943, 93.72706515,   7.1
202, 175, 29.79669659, 93.71151101,   7.1
203, 175, 29.79601024, 93.69572369,   7.2
204, 175, 29.79532013, 93.67969989,   7.3
205, 175, 29.79462606, 93.66343630,   7.3
206, 175, 29.79392778, 93.64692955,   7.3
207, 175, 29.79322505, 93.63017620,   7.3
208, 175, 29.79251763, 93.61317277,   7.4
209, 175, 29.79180529, 93.59591575,   7.4
210, 175, 29.79108778, 93.57840155,   7.5
211, 175, 29.79036483, 93.56062653,   7.6
212, 175, 29.78963620, 93.54258700,   7.6
213, 175, 29.78890163, 93.52427923,   7.7
214, 175, 29.78816085, 93.50569942,   7.7
215, 175, 29.78741359, 93.48684370,   7.7
216, 175, 29.78665959, 93.46770817,   7.6
217, 175, 29.78589855, 93.44828886,   7.5
218, 175, 29.78513020, 93.42858175,   7.4
219, 175, 29.78435425, 93.40858274,   7.3
220, 175, 29.78357041, 93.38828768,   7.1
221, 175, 29.78277837, 93.36769238,   7.0
222, 175, 29.78197783, 93.34679256,   7.1
223, 175, 29.78116848, 93.32558388,   7.0
224, 175, 29.78035000, 93.30406195,   7.3
225, 175, 29.77952206, 93.28222230,   7.7
226, 175, 29.77868435, 93.26006042,   7.8
227, 175, 29.77783652, 93.23757171,   8.0
228, 175, 29.77697823, 93.21475151,   7.6
229, 175, 29.77610912, 93.19159508,   7.3
230, 175, 29.77522885, 93.16809764,   7.1
231, 175, 29.77433704, 93.14425431,   6.9
232, 175, 29.77343332, 93.12006015,   6.8
233, 175, 29.77251732, 93.09551016,   6.7
234, 175, 29.77158863, 93.07059925,   6.5
235, 175, 29.77064688, 93.04532225,   6.3
236, 175, 29.76969164, 93.01967395,   6.1
237, 175, 29.76872251, 92.99364902,   5.9
238, 175, 29.76773906, 92.96724208,   5.7
239, 175, 29.76674085, 92.94044767,   5.5
240, 175, 29.76572745, 92.91326024,   5.5
241, 175, 29.76469840, 92.88567416,   1.0
  1, 176, 30.15587518, 94.44725353,  99.9
  2, 176, 30.15077426, 94.45104196,  99.9
  3, 176, 30.14574610, 94.45475017,  99.9
  4, 176, 30.14078966, 94.45837896,  99.9
  5, 176, 30.13590393, 94.46192910,  99.9
  6, 176, 30.13108789, 94.46540136,  99.9
  7, 176, 30.12634054, 94.46879646,  99.9
  8, 176, 30.12166090, 94.47211514,  99.9
  9, 176, 30.11704801, 94.47535810,  99.9
 10, 176, 30.11250091, 94.47852604,  99.9
 11, 176, 30.10801866, 94.48161963,  99.9
 12, 176, 30.10360034, 94.48463953,  99.9
 13, 176, 30.09924502, 94.48758639,  99.9
 14, 176, 30.09495181, 94.49046083,  99.9
 15, 176, 30.09071982, 94.49326346,  99.9
 16, 176, 30.08654818, 94.49599489,  99.9
 17, 176, 30.08243601, 94.49865569,  99.9
 18, 176, 30.07838247, 94.50124643,  99.9
 19, 176, 30.07438673, 94.50376767,  99.9
 20, 176, 30.07044794, 94.50621994,  99.9
 21, 176, 30.06656530, 94.50860377,  99.9
 22, 176, 30.06273800, 94.51091965,  99.9
 23, 176, 30.05896526, 94.51316810,  99.9
 24, 176, 30.05524628, 94.51534958,  99.9
 25, 176, 30.05158030, 94.51746456,  99.9
 26, 176, 30.04796655, 94.51951349,  99.9
 27, 176, 30.04440430, 94.52149680,  99.9
 28, 176, 30.04089279, 94.52341493,  99.9
 29, 176, 30.03743131, 94.52526828,  99.9
 30, 176, 30.03401914, 94.52705724,  99.9
 31, 176, 30.03065557, 94.52878219,  99.9
 32, 176, 30.02733989, 94.53044351,  99.9
 33, 176, 30.02407143, 94.53204155,  99.9
 34, 176, 30.02084951, 94.53357665,  99.9
 35, 176, 30.01767345, 94.53504913,  99.9
 36, 176, 30.01454260, 94.53645932,  99.9
 37, 176, 30.01145631, 94.53780750,  99.9
 38, 176, 30.00841395, 94.53909398,  99.9
 39, 176, 30.00541487, 94.54031902,  99.9
 40, 176, 30.00245845, 94.54148289,  99.9
 41, 176, 29.99954409, 94.54258583,  99.9
 42, 176, 29.99667117, 94.54362809,  99.9
 43, 176, 29.99383911, 94.54460989,  99.9
 44, 176, 29.99104731, 94.54553143,  99.9
 45, 176, 29.98829519, 94.54639291,  99.9
 46, 176, 29.98558219, 94.54719452,  99.9
 47, 176, 29.98290773, 94.54793644,  99.9
 48, 176, 29.98027127, 94.54861882,  99.9
 49, 176, 29.97767225, 94.54924181,  99.9
 50, 176, 29.97511014, 94.54980554,  99.9
 51, 176, 29.97258441, 94.55031014,  99.9
 52, 176, 29.97009452, 94.55075571,  99.9
 53, 176, 29.96763996, 94.55114237,  99.9
 54, 176, 29.96522022, 94.55147018,  99.9
 55, 176, 29.96283480, 94.55173922,  99.9
 56, 176, 29.96048320, 94.55194956,  99.9
 57, 176, 29.95816494, 94.55210124,  99.9
 58, 176, 29.95587952, 94.55219429,  99.9
 59, 176, 29.95362648, 94.55222875,  99.9
 60, 176, 29.95140535, 94.55220461,  99.9
 61, 176, 29.94921566, 94.55212189,  99.9
 62, 176, 29.94705696, 94.55198057,  99.9
 63, 176, 29.94492880, 94.55178061,  99.9
 64, 176, 29.94283074, 94.55152199,  99.9
 65, 176, 29.94076233, 94.55120465,  99.9
 66, 176, 29.93872315, 94.55082853,  99.9
 67, 176, 29.93671278, 94.55039356,  99.9
 68, 176, 29.93473079, 94.54989964,  99.9
 69, 176, 29.93277677, 94.54934669,  99.9
 70, 176, 29.93085032, 94.54873457,  99.9
 71, 176, 29.92895103, 94.54806318,  99.9
 72, 176, 29.92707850, 94.54733238,  99.9
 73, 176, 29.92523235, 94.54654201,  99.9
 74, 176, 29.92341219, 94.54569191,  99.9
 75, 176, 29.92161764, 94.54478191,  99.9
 76, 176, 29.91984833, 94.54381183,  99.9
 77, 176, 29.91810389, 94.54278145,  99.9
 78, 176, 29.91638394, 94.54169058,  99.9
 79, 176, 29.91468814, 94.54053898,  99.9
 80, 176, 29.91301613, 94.53932643,  99.9
 81, 176, 29.91136756, 94.53805266,  99.9
 82, 176, 29.90974208, 94.53671741,  99.9
 83, 176, 29.90813935, 94.53532042,  99.9
 84, 176, 29.90655905, 94.53386139,  99.9
 85, 176, 29.90500083, 94.53234002,  99.9
 86, 176, 29.90346437, 94.53075599,  99.9
 87, 176, 29.90194935, 94.52910898,  99.9
 88, 176, 29.90045545, 94.52739864,  99.9
 89, 176, 29.89898236, 94.52562463,  99.9
 90, 176, 29.89752977, 94.52378657,  99.9
 91, 176, 29.89609738, 94.52188409,  99.9
 92, 176, 29.89468487, 94.51991678,  99.9
 93, 176, 29.89329197, 94.51788425,  99.9
 94, 176, 29.89191837, 94.51578606,  99.9
 95, 176, 29.89056378, 94.51362179,  99.9
 96, 176, 29.88922792, 94.51139099,  99.9
 97, 176, 29.88791051, 94.50909319,  99.9
 98, 176, 29.88661127, 94.50672792,  99.9
 99, 176, 29.88532993, 94.50429468,  99.9
100, 176, 29.88406622, 94.50179298,  99.9
101, 176, 29.88281986, 94.49922228,  99.9
102, 176, 29.88159060, 94.49658206,  99.9
103, 176, 29.88037818, 94.49387178,  99.9
104, 176, 29.87918233, 94.49109085,  99.9
105, 176, 29.87800281, 94.48823872,  99.9
106, 176, 29.87683937, 94.48531479,  99.9
107, 176, 29.87569176, 94.48231844,  99.9
108, 176, 29.87455973, 94.47924906,  99.9
109, 176, 29.87344305, 94.47610601,  99.9
110, 176, 29.87234147, 94.47288864,  99.9
111, 176, 29.87125477, 94.46959627,  99.9
112, 176, 29.87018271, 94.46622823,  99.9
113, 176, 29.86912506, 94.46278381,  99.9
114, 176, 29.86808160, 94.45926230,  99.9
115, 176, 29.86705210, 94.45566296,  99.9
116, 176, 29.86603634, 94.45198506,  99.9
117, 176, 29.86503411, 94.44822781,  99.9
118, 176, 29.86404518, 94.44439045,  99.9
119, 176, 29.86306936, 94.44047218,  99.9
120, 176, 29.86210641, 94.43647217,  99.9
121, 176, 29.86115615, 94.43238960,  99.9
122, 176, 29.86021836, 94.42822363,  99.9
123, 176, 29.85929284, 94.42397337,  99.9
124, 176, 29.85837938, 94.41963796,  99.9
125, 176, 29.85747780, 94.41521649,  99.9
126, 176, 29.85658789, 94.41070803,  99.9
127, 176, 29.85570946, 94.40611166,  99.9
128, 176, 29.85484232, 94.40142642,  99.9
129, 176, 29.85398628, 94.39665132,  99.9
130, 176, 29.85314115, 94.39178539,  99.9
131, 176, 29.85230674, 94.38682761,  99.9
132, 176, 29.85148288, 94.38177694,  99.9
133, 176, 29.85066937, 94.37663233,  99.9
134, 176, 29.84986604, 94.37139273,  99.9
135, 176, 29.84907271, 94.36605703,  99.9
136, 176, 29.84828920, 94.36062413,  99.9
137, 176, 29.84751534, 94.35509289,  99.9
138, 176, 29.84675095, 94.34946217,  99.9
139, 176, 29.84599587, 94.34373080,  99.9
140, 176, 29.84524992, 94.33789759,  99.9
141, 176, 29.84451294, 94.33196131,  99.9
142, 176, 29.84378475, 94.32592075,  99.9
143, 176, 29.84306519, 94.31977463,  99.9
144, 176, 29.84235410, 94.31352168,  99.9
145, 176, 29.84165131, 94.30716061,  99.9
146, 176, 29.84095666, 94.30069009,  99.9
147, 176, 29.84026999, 94.29410877,  99.9
148, 176, 29.83959114, 94.28741528,  99.9
149, 176, 29.83891996, 94.28060824,  99.9
150, 176, 29.83825628, 94.27368622,  99.9
151, 176, 29.83759995, 94.26664779,  99.9
152, 176, 29.83695082, 94.25949149,  99.9
153, 176, 29.83630872, 94.25221581,   4.2
154, 176, 29.83567351, 94.24481927,  99.9
155, 176, 29.83504504, 94.23730030,  99.9
156, 176, 29.83442315, 94.22965736,  99.9
157, 176, 29.83380769, 94.22188884,  99.9
158, 176, 29.83319851, 94.21399315,  99.9
159, 176, 29.83259546, 94.20596862,  99.9
160, 176, 29.83199839, 94.19781360,  99.9
161, 176, 29.83140716, 94.18952639,  99.9
162, 176, 29.83082162, 94.18110526,  99.9
163, 176, 29.83024161, 94.17254847,  99.9
164, 176, 29.82966700, 94.16385423,  99.9
165, 176, 29.82909763, 94.15502073,  99.9
166, 176, 29.82853336, 94.14604615,  99.9
167, 176, 29.82797404, 94.13692861,  99.9
168, 176, 29.82741952, 94.12766621,   6.4
169, 176, 29.82686967, 94.11825704,   6.4
170, 176, 29.82632433, 94.10869913,   6.2
171, 176, 29.82578337, 94.09899050,   6.1
172, 176, 29.82524662, 94.08912912,   5.9
173, 176, 29.82471395, 94.07911296,   5.9
174, 176, 29.82418521, 94.06893991,   5.8
175, 176, 29.82366026, 94.05860788,   5.7
176, 176, 29.82313894, 94.04811471,   5.6
177, 176, 29.82262112, 94.03745822,   5.6
178, 176, 29.82210664, 94.02663619,   5.5
179, 176, 29.82159535, 94.01564638,   5.5
180, 176, 29.82108712, 94.00448649,   5.4
181, 176, 29.82058178, 93.99315422,   5.5
182, 176, 29.82007919, 93.98164719,   5.4
183, 176, 29.81957920, 93.96996303,   5.9
184, 176, 29.81908166, 93.95809930,   5.7
185, 176, 29.81858641, 93.94605353,  99.9
186, 176, 29.81809331, 93.93382322,   2.2
187, 176, 29.81760220, 93.92140583,   5.7
188, 176, 29.81711292, 93.90879878,   5.6
189, 176, 29.81662531, 93.89599945,   5.4
190, 176, 29.81613923, 93.88300517,   5.3
191, 176, 29.81565451, 93.86981325,   5.1
192, 176, 29.81517099, 93.85642094,   5.0
193, 176, 29.81468852, 93.84282546,   4.9
194, 176, 29.81420692, 93.82902398,   5.0
195, 176, 29.81372603, 93.81501364,   5.1
196, 176, 29.81324568, 93.80079152,   5.5
197, 176, 29.81276572, 93.78635467,   6.0
198, 176, 29.81228596, 93.77170009,   6.4
199, 176, 29.81180623, 93.75682473,   6.6
200, 176, 29.81132636, 93.74172550,   6.7
201, 176, 29.81084618, 93.72639927,   6.8
202, 176, 29.81036550, 93.71084284,   6.8
203, 176, 29.80988414, 93.69505299,   6.9
204, 176, 29.80940193, 93.67902644,   7.0
205, 176, 29.80891866, 93.66275986,   7.0
206, 176, 29.80843416, 93.64624987,   7.0
207, 176, 29.80794823, 93.62949303,   7.0
208, 176, 29.80746067, 93.61248587,   7.0
209, 176, 29.80697129, 93.59522485,   7.1
210, 176, 29.80647989, 93.57770639,   7.2
211, 176, 29.80598625, 93.55992686,   7.2
212, 176, 29.80549018, 93.54188255,   7.3
213, 176, 29.80499147, 93.52356972,   7.4
214, 176, 29.80448988, 93.50498457,   7.4
215, 176, 29.80398522, 93.48612323,   7.4
216, 176, 29.80347724, 93.46698180,   7.4
217, 176, 29.80296573, 93.44755629,   7.3
218, 176, 29.80245046, 93.42784268,   7.1
219, 176, 29.80193118, 93.40783687,   7.0
220, 176, 29.80140765, 93.38753471,   6.7
221, 176, 29.80087964, 93.36693198,   6.7
222, 176, 29.80034689, 93.34602441,   6.9
223, 176, 29.79980914, 93.32480766,   6.7
224, 176, 29.79926613, 93.30327732,   6.7
225, 176, 29.79871760, 93.28142893,   6.7
226, 176, 29.79816328, 93.25925795,   6.3
227, 176, 29.79760288, 93.23675978,   6.0
228, 176, 29.79703612, 93.21392976,   5.8
229, 176, 29.79646272, 93.19076315,   5.5
230, 176, 29.79588237, 93.16725514,   5.4
231, 176, 29.79529478, 93.14340086,   5.4
232, 176, 29.79469962, 93.11919535,   5.4
233, 176, 29.79409660, 93.09463361,   5.7
234, 176, 29.79348538, 93.06971053,   5.7
235, 176, 29.79286562, 93.04442095,   5.9
236, 176, 29.79223700, 93.01875963,   5.9
237, 176, 29.79159916, 92.99272124,   5.7
238, 176, 29.79095174, 92.96630039,   5.6
239, 176, 29.79029439, 92.93949160,   5.4
240, 176, 29.78962673, 92.91228932,   5.3
241, 176, 29.78894838, 92.88468791,   1.0
  1, 177, 30.15251064, 94.44138268,  99.9
  2, 177, 30.14748014, 94.44525533,  99.9
  3, 177, 30.14252171, 94.44904656,  99.9
  4, 177, 30.13763433, 94.45275718,  99.9
  5, 177, 30.13281698, 94.45638797,  99.9
  6, 177, 30.12806867, 94.45993972,  99.9
  7, 177, 30.12338843, 94.46341318,  99.9
  8, 177, 30.11877527, 94.46680909,  99.9
  9, 177, 30.11422825, 94.47012817,  99.9
 10, 177, 30.10974643, 94.47337114,  99.9
 11, 177, 30.10532888, 94.47653868,  99.9
 12, 177, 30.10097469, 94.47963147,  99.9
 13, 177, 30.09668295, 94.48265017,  99.9
 14, 177, 30.09245279, 94.48559543,  99.9
 15, 177, 30.08828332, 94.48846786,  99.9
 16, 177, 30.08417367, 94.49126808,  99.9
 17, 177, 30.08012301, 94.49399670,  99.9
 18, 177, 30.07613049, 94.49665428,  99.9
 19, 177, 30.07219529, 94.49924140,  99.9
 20, 177, 30.06831659, 94.50175860,  99.9
 21, 177, 30.06449359, 94.50420643,  99.9
 22, 177, 30.06072549, 94.50658540,  99.9
 23, 177, 30.05701152, 94.50889602,  99.9
 24, 177, 30.05335091, 94.51113879,  99.9
 25, 177, 30.04974290, 94.51331418,  99.9
 26, 177, 30.04618673, 94.51542265,  99.9
 27, 177, 30.04268169, 94.51746466,  99.9
 28, 177, 30.03922703, 94.51944063,  99.9
 29, 177, 30.03582205, 94.52135099,  99.9
 30, 177, 30.03246603, 94.52319615,  99.9
 31, 177, 30.02915829, 94.52497650,  99.9
 32, 177, 30.02589813, 94.52669242,  99.9
 33, 177, 30.02268488, 94.52834427,  99.9
 34, 177, 30.01951788, 94.52993241,  99.9
 35, 177, 30.01639646, 94.53145718,  99.9
 36, 177, 30.01331999, 94.53291889,  99.9
 37, 177, 30.01028782, 94.53431787,  99.9
 38, 177, 30.00729932, 94.53565441,  99.9
 39, 177, 30.00435388, 94.53692880,  99.9
 40, 177, 30.00145087, 94.53814131,  99.9
 41, 177, 29.99858971, 94.53929220,  99.9
 42, 177, 29.99576980, 94.54038171,  99.9
 43, 177, 29.99299055, 94.54141008,  99.9
 44, 177, 29.99025138, 94.54237752,  99.9
 45, 177, 29.98755173, 94.54328426,  99.9
 46, 177, 29.98489103, 94.54413047,  99.9
 47, 177, 29.98226873, 94.54491635,  99.9
 48, 177, 29.97968430, 94.54564205,  99.9
 49, 177, 29.97713719, 94.54630775,  99.9
 50, 177, 29.97462686, 94.54691357,  99.9
 51, 177, 29.97215281, 94.54745966,  99.9
 52, 177, 29.96971452, 94.54794613,  99.9
 53, 177, 29.96731148, 94.54837309,  99.9
 54, 177, 29.96494319, 94.54874063,  99.9
 55, 177, 29.96260916, 94.54904884,  99.9
 56, 177, 29.96030890, 94.54929777,  99.9
 57, 177, 29.95804193, 94.54948749,  99.9
 58, 177, 29.95580779, 94.54961804,  99.9
 59, 177, 29.95360601, 94.54968945,  99.9
 60, 177, 29.95143613, 94.54970175,  99.9
 61, 177, 29.94929770, 94.54965493,  99.9
 62, 177, 29.94719028, 94.54954899,  99.9
 63, 177, 29.94511342, 94.54938392,  99.9
 64, 177, 29.94306669, 94.54915967,  99.9
 65, 177, 29.94104967, 94.54887622,  99.9
 66, 177, 29.93906194, 94.54853350,  99.9
 67, 177, 29.93710308, 94.54813144,  99.9
 68, 177, 29.93517269, 94.54766997,  99.9
 69, 177, 29.93327036, 94.54714899,  99.9
 70, 177, 29.93139570, 94.54656839,  99.9
 71, 177, 29.92954831, 94.54592806,  99.9
 72, 177, 29.92772781, 94.54522787,  99.9
 73, 177, 29.92593382, 94.54446768,  99.9
 74, 177, 29.92416597, 94.54364732,  99.9
 75, 177, 29.92242388, 94.54276664,  99.9
 76, 177, 29.92070720, 94.54182544,  99.9
 77, 177, 29.91901556, 94.54082354,  99.9
 78, 177, 29.91734862, 94.53976073,  99.9
 79, 177, 29.91570601, 94.53863680,  99.9
 80, 177, 29.91408741, 94.53745150,  99.9
 81, 177, 29.91249247, 94.53620459,  99.9
 82, 177, 29.91092086, 94.53489583,  99.9
 83, 177, 29.90937224, 94.53352493,  99.9
 84, 177, 29.90784630, 94.53209162,  99.9
 85, 177, 29.90634272, 94.53059559,  99.9
 86, 177, 29.90486117, 94.52903654,  99.9
 87, 177, 29.90340136, 94.52741415,  99.9
 88, 177, 29.90196297, 94.52572808,  99.9
 89, 177, 29.90054570, 94.52397797,  99.9
 90, 177, 29.89914925, 94.52216348,  99.9
 91, 177, 29.89777334, 94.52028422,  99.9
 92, 177, 29.89641766, 94.51833980,  99.9
 93, 177, 29.89508195, 94.51632981,  99.9
 94, 177, 29.89376591, 94.51425385,  99.9
 95, 177, 29.89246927, 94.51211149,  99.9
 96, 177, 29.89119176, 94.50990227,  99.9
 97, 177, 29.88993310, 94.50762573,  99.9
 98, 177, 29.88869304, 94.50528142,  99.9
 99, 177, 29.88747130, 94.50286883,  99.9
100, 177, 29.88626764, 94.50038748,  99.9
101, 177, 29.88508179, 94.49783683,  99.9
102, 177, 29.88391351, 94.49521637,  99.9
103, 177, 29.88276255, 94.49252555,  99.9
104, 177, 29.88162867, 94.48976381,  99.9
105, 177, 29.88051162, 94.48693058,  99.9
106, 177, 29.87941117, 94.48402527,  99.9
107, 177, 29.87832709, 94.48104727,  99.9
108, 177, 29.87725914, 94.47799597,  99.9
109, 177, 29.87620710, 94.47487073,  99.9
110, 177, 29.87517074, 94.47167090,  99.9
111, 177, 29.87414984, 94.46839582,  99.9
112, 177, 29.87314418, 94.46504480,  99.9
113, 177, 29.87215355, 94.46161716,  99.9
114, 177, 29.87117774, 94.45811217,  99.9
115, 177, 29.87021654, 94.45452912,  99.9
116, 177, 29.86926974, 94.45086724,  99.9
117, 177, 29.86833713, 94.44712579,  99.9
118, 177, 29.86741853, 94.44330399,  99.9
119, 177, 29.86651372, 94.43940103,  99.9
120, 177, 29.86562251, 94.43541612,  99.9
121, 177, 29.86474471, 94.43134841,  99.9
122, 177, 29.86388013, 94.42719707,  99.9
123, 177, 29.86302859, 94.42296122,  99.9
124, 177, 29.86218989, 94.41864000,  99.9
125, 177, 29.86136385, 94.41423250,  99.9
126, 177, 29.86055030, 94.40973781,  99.9
127, 177, 29.85974906, 94.40515498,  99.9
128, 177, 29.85895994, 94.40048307,  99.9
129, 177, 29.85818277, 94.39572110,  99.9
130, 177, 29.85741740, 94.39086809,  99.9
131, 177, 29.85666363, 94.38592303,  99.9
132, 177, 29.85592132, 94.38088487,  99.9
133, 177, 29.85519028, 94.37575259,  99.9
134, 177, 29.85447037, 94.37052511,  99.9
135, 177, 29.85376141, 94.36520134,  99.9
136, 177, 29.85306325, 94.35978018,  99.9
137, 177, 29.85237574, 94.35426049,  99.9
138, 177, 29.85169871, 94.34864114,  99.9
139, 177, 29.85103201, 94.34292094,  99.9
140, 177, 29.85037549, 94.33709871,  99.9
141, 177, 29.84972901, 94.33117325,  99.9
142, 177, 29.84909240, 94.32514331,  99.9
143, 177, 29.84846554, 94.31900764,  99.9
144, 177, 29.84784826, 94.31276497,  99.9
145, 177, 29.84724043, 94.30641399,  99.9
146, 177, 29.84664190, 94.29995339,  99.9
147, 177, 29.84605254, 94.29338182,  99.9
148, 177, 29.84547220, 94.28669792,  99.9
149, 177, 29.84490075, 94.27990028,  99.9
150, 177, 29.84433805, 94.27298751,  99.9
151, 177, 29.84378396, 94.26595816,  99.9
152, 177, 29.84323836, 94.25881076,  99.9
153, 177, 29.84270110, 94.25154384,   3.7
154, 177, 29.84217206, 94.24415588,   3.0
155, 177, 29.84165111, 94.23664534,   3.0
156, 177, 29.84113812, 94.22901065,  99.9
157, 177, 29.84063295, 94.22125024,  99.9
158, 177, 29.84013549, 94.21336249,  99.9
159, 177, 29.83964560, 94.20534575,  99.9
160, 177, 29.83916316, 94.19719835,  99.9
161, 177, 29.83868805, 94.18891861,  99.9
162, 177, 29.83822013, 94.18050480,  99.9
163, 177, 29.83775930, 94.17195517,  99.9
164, 177, 29.83730542, 94.16326793,  99.9
165, 177, 29.83685838, 94.15444129,  99.9
166, 177, 29.83641805, 94.14547341,  99.9
167, 177, 29.83598431, 94.13636241,  99.9
168, 177, 29.83555705, 94.12710641,   6.3
169, 177, 29.83513614, 94.11770348,   6.4
170, 177, 29.83472147, 94.10815167,   6.2
171, 177, 29.83431291, 94.09844897,   6.0
172, 177, 29.83391035, 94.08859339,   5.8
173, 177, 29.83351367, 94.07858285,   5.7
174, 177, 29.83312275, 94.06841530,   5.6
175, 177, 29.83273747, 94.05808860,   5.6
176, 177, 29.83235773, 94.04760061,   5.5
177, 177, 29.83198339, 94.03694915,   5.5
178, 177, 29.83161434, 94.02613200,   5.5
179, 177, 29.83125047, 94.01514691,   5.4
180, 177, 29.83089165, 94.00399160,   5.4
181, 177, 29.83053778, 93.99266374,   5.4
182, 177, 29.83018872, 93.98116098,   5.3
183, 177, 29.82984437, 93.96948093,  99.9
184, 177, 29.82950460, 93.95762115,   5.6
185, 177, 29.82916929, 93.94557919,   5.3
186, 177, 29.82883833, 93.93335252,   2.5
187, 177, 29.82851159, 93.92093862,   5.5
188, 177, 29.82818896, 93.90833490,   5.4
189, 177, 29.82787031, 93.89553873,   5.3
190, 177, 29.82755552, 93.88254746,   5.1
191, 177, 29.82724447, 93.86935838,   4.9
192, 177, 29.82693702, 93.85596875,   4.7
193, 177, 29.82663307, 93.84237578,   4.6
194, 177, 29.82633248, 93.82857665,   4.5
195, 177, 29.82603512, 93.81456849,   4.5
196, 177, 29.82574087, 93.80034838,   4.7
197, 177, 29.82544959, 93.78591337,   5.2
198, 177, 29.82516116, 93.77126045,   5.8
199, 177, 29.82487544, 93.75638658,   6.2
200, 177, 29.82459229, 93.74128867,   6.4
201, 177, 29.82431159, 93.72596356,   6.4
202, 177, 29.82403320, 93.71040808,   6.5
203, 177, 29.82375697, 93.69461900,   6.5
204, 177, 29.82348276, 93.67859302,   6.6
205, 177, 29.82321043, 93.66232682,   6.7
206, 177, 29.82293984, 93.64581702,   6.7
207, 177, 29.82267084, 93.62906017,   6.7
208, 177, 29.82240327, 93.61205281,   6.7
209, 177, 29.82213699, 93.59479138,   6.7
210, 177, 29.82187183, 93.57727231,   6.8
211, 177, 29.82160765, 93.55949195,   6.8
212, 177, 29.82134427, 93.54144660,   6.9
213, 177, 29.82108155, 93.52313252,   7.0
214, 177, 29.82081930, 93.50454589,   7.1
215, 177, 29.82055737, 93.48568285,   7.2
216, 177, 29.82029557, 93.46653949,   7.2
217, 177, 29.82003373, 93.44711182,   7.1
218, 177, 29.81977168, 93.42739581,   6.9
219, 177, 29.81950922, 93.40738735,   6.7
220, 177, 29.81924617, 93.38708229,   6.5
221, 177, 29.81898234, 93.36647642,   6.5
222, 177, 29.81871753, 93.34556544,   6.8
223, 177, 29.81845154, 93.32434502,   6.6
224, 177, 29.81818417, 93.30281074,   6.4
225, 177, 29.81791521, 93.28095813,   6.4
226, 177, 29.81764444, 93.25878265,   6.0
227, 177, 29.81737164, 93.23627970,   5.8
228, 177, 29.81709660, 93.21344460,   5.6
229, 177, 29.81681907, 93.19027261,   5.4
230, 177, 29.81653883, 93.16675891,   5.2
231, 177, 29.81625563, 93.14289862,   5.3
232, 177, 29.81596923, 93.11868679,   4.4
233, 177, 29.81567937, 93.09411838,   5.6
234, 177, 29.81538580, 93.06918831,   5.6
235, 177, 29.81508825, 93.04389138,   5.9
236, 177, 29.81478644, 93.01822236,   5.7
237, 177, 29.81448009, 92.99217590,   5.3
238, 177, 29.81416892, 92.96574662,   5.1
239, 177, 29.81385264, 92.93892901,   4.9
240, 177, 29.81353093, 92.91171752,   4.7
241, 177, 29.81320350, 92.88410649,  99.9
  1, 178, 30.14907262, 94.43559407,  99.9
  2, 178, 30.14411359, 94.43955013,  99.9
  3, 178, 30.13922593, 94.44342356,  99.9
  4, 178, 30.13440861, 94.44721521,  99.9
  5, 178, 30.12966066, 94.45092589,  99.9
  6, 178, 30.12498108, 94.45455637,  99.9
  7, 178, 30.12036891, 94.45810744,  99.9
  8, 178, 30.11582320, 94.46157985,  99.9
  9, 178, 30.11134300, 94.46497435,  99.9
 10, 178, 30.10692740, 94.46829166,  99.9
 11, 178, 30.10257547, 94.47153248,  99.9
 12, 178, 30.09828632, 94.47469750,  99.9
 13, 178, 30.09405907, 94.47778740,  99.9
 14, 178, 30.08989283, 94.48080284,  99.9
 15, 178, 30.08578674, 94.48374446,  99.9
 16, 178, 30.08173996, 94.48661289,  99.9
 17, 178, 30.07775165, 94.48940873,  99.9
 18, 178, 30.07382099, 94.49213258,  99.9
 19, 178, 30.06994715, 94.49478503,  99.9
 20, 178, 30.06612934, 94.49736663,  99.9
 21, 178, 30.06236678, 94.49987794,  99.9
 22, 178, 30.05865867, 94.50231949,  99.9
 23, 178, 30.05500425, 94.50469180,  99.9
 24, 178, 30.05140277, 94.50699538,  99.9
 25, 178, 30.04785348, 94.50923071,  99.9
 26, 178, 30.04435564, 94.51139828,  99.9
 27, 178, 30.04090854, 94.51349854,  99.9
 28, 178, 30.03751145, 94.51553194,  99.9
 29, 178, 30.03416367, 94.51749891,  99.9
 30, 178, 30.03086451, 94.51939987,  99.9
 31, 178, 30.02761329, 94.52123524,  99.9
 32, 178, 30.02440933, 94.52300539,  99.9
 33, 178, 30.02125197, 94.52471070,  99.9
 34, 178, 30.01814055, 94.52635155,  99.9
 35, 178, 30.01507443, 94.52792827,  99.9
 36, 178, 30.01205297, 94.52944121,  99.9
 37, 178, 30.00907554, 94.53089068,  99.9
 38, 178, 30.00614154, 94.53227700,  99.9
 39, 178, 30.00325035, 94.53360046,  99.9
 40, 178, 30.00040136, 94.53486135,  99.9
 41, 178, 29.99759400, 94.53605993,  99.9
 42, 178, 29.99482768, 94.53719646,  99.9
 43, 178, 29.99210181, 94.53827119,  99.9
 44, 178, 29.98941585, 94.53928433,  99.9
 45, 178, 29.98676922, 94.54023612,  99.9
 46, 178, 29.98416139, 94.54112675,  99.9
 47, 178, 29.98159180, 94.54195642,  99.9
 48, 178, 29.97905993, 94.54272530,  99.9
 49, 178, 29.97656526, 94.54343355,  99.9
 50, 178, 29.97410725, 94.54408134,  99.9
 51, 178, 29.97168540, 94.54466880,  99.9
 52, 178, 29.96929922, 94.54519606,  99.9
 53, 178, 29.96694819, 94.54566324,  99.9
 54, 178, 29.96463184, 94.54607043,  99.9
 55, 178, 29.96234968, 94.54641772,  99.9
 56, 178, 29.96010124, 94.54670519,  99.9
 57, 178, 29.95788605, 94.54693291,  99.9
 58, 178, 29.95570366, 94.54710093,  99.9
 59, 178, 29.95355359, 94.54720928,  99.9
 60, 178, 29.95143542, 94.54725799,  99.9
 61, 178, 29.94934869, 94.54724708,  99.9
 62, 178, 29.94729298, 94.54717655,  99.9
 63, 178, 29.94526786, 94.54704639,  99.9
 64, 178, 29.94327290, 94.54685656,  99.9
 65, 178, 29.94130769, 94.54660705,  99.9
 66, 178, 29.93937182, 94.54629779,  99.9
 67, 178, 29.93746488, 94.54592873,  99.9
 68, 178, 29.93558649, 94.54549980,  99.9
 69, 178, 29.93373624, 94.54501090,  99.9
 70, 178, 29.93191376, 94.54446194,  99.9
 71, 178, 29.93011866, 94.54385281,  99.9
 72, 178, 29.92835057, 94.54318337,  99.9
 73, 178, 29.92660912, 94.54245351,  99.9
 74, 178, 29.92489394, 94.54166306,  99.9
 75, 178, 29.92320468, 94.54081187,  99.9
 76, 178, 29.92154099, 94.53989976,  99.9
 77, 178, 29.91990251, 94.53892654,  99.9
 78, 178, 29.91828891, 94.53789201,  99.9
 79, 178, 29.91669985, 94.53679596,  99.9
 80, 178, 29.91513499, 94.53563817,  99.9
 81, 178, 29.91359402, 94.53441839,  99.9
 82, 178, 29.91207660, 94.53313637,  99.9
 83, 178, 29.91058242, 94.53179185,  99.9
 84, 178, 29.90911116, 94.53038456,  99.9
 85, 178, 29.90766253, 94.52891419,  99.9
 86, 178, 29.90623620, 94.52738044,  99.9
 87, 178, 29.90483190, 94.52578300,  99.9
 88, 178, 29.90344931, 94.52412154,  99.9
 89, 178, 29.90208816, 94.52239571,  99.9
 90, 178, 29.90074815, 94.52060515,  99.9
 91, 178, 29.89942901, 94.51874950,  99.9
 92, 178, 29.89813045, 94.51682837,  99.9
 93, 178, 29.89685220, 94.51484136,  99.9
 94, 178, 29.89559400, 94.51278805,  99.9
 95, 178, 29.89435558, 94.51066803,  99.9
 96, 178, 29.89313668, 94.50848085,  99.9
 97, 178, 29.89193704, 94.50622606,  99.9
 98, 178, 29.89075641, 94.50390319,  99.9
 99, 178, 29.88959454, 94.50151175,  99.9
100, 178, 29.88845118, 94.49905126,  99.9
101, 178, 29.88732609, 94.49652120,  99.9
102, 178, 29.88621904, 94.49392104,  99.9
103, 178, 29.88512979, 94.49125025,  99.9
104, 178, 29.88405810, 94.48850826,  99.9
105, 178, 29.88300376, 94.48569452,  99.9
106, 178, 29.88196654, 94.48280843,  99.9
107, 178, 29.88094621, 94.47984940,  99.9
108, 178, 29.87994256, 94.47681681,  99.9
109, 178, 29.87895537, 94.47371003,  99.9
110, 178, 29.87798444, 94.47052841,  99.9
111, 178, 29.87702956, 94.46727129,  99.9
112, 178, 29.87609052, 94.46393800,  99.9
113, 178, 29.87516713, 94.46052785,  99.9
114, 178, 29.87425918, 94.45704012,  99.9
115, 178, 29.87336647, 94.45347408,  99.9
116, 178, 29.87248882, 94.44982900,  99.9
117, 178, 29.87162604, 94.44610412,  99.9
118, 178, 29.87077795, 94.44229867,  99.9
119, 178, 29.86994434, 94.43841185,  99.9
120, 178, 29.86912506, 94.43444285,  99.9
121, 178, 29.86831992, 94.43039085,  99.9
122, 178, 29.86752874, 94.42625500,  99.9
123, 178, 29.86675135, 94.42203445,  99.9
124, 178, 29.86598758, 94.41772832,  99.9
125, 178, 29.86523727, 94.41333571,  99.9
126, 178, 29.86450024, 94.40885570,  99.9
127, 178, 29.86377635, 94.40428738,  99.9
128, 178, 29.86306542, 94.39962977,  99.9
129, 178, 29.86236730, 94.39488192,  99.9
130, 178, 29.86168184, 94.39004285,  99.9
131, 178, 29.86100888, 94.38511153,  99.9
132, 178, 29.86034827, 94.38008694,  99.9
133, 178, 29.85969987, 94.37496805,  99.9
134, 178, 29.85906352, 94.36975378,  99.9
135, 178, 29.85843909, 94.36444305,  99.9
136, 178, 29.85782643, 94.35903475,  99.9
137, 178, 29.85722540, 94.35352776,  99.9
138, 178, 29.85663587, 94.34792093,  99.9
139, 178, 29.85605770, 94.34221310,  99.9
140, 178, 29.85549076, 94.33640308,  99.9
141, 178, 29.85493492, 94.33048965,  99.9
142, 178, 29.85439004, 94.32447160,  99.9
143, 178, 29.85385599, 94.31834765,  99.9
144, 178, 29.85333266, 94.31211655,  99.9
145, 178, 29.85281992, 94.30577700,  99.9
146, 178, 29.85231765, 94.29932766,  99.9
147, 178, 29.85182572, 94.29276721,  99.9
148, 178, 29.85134402, 94.28609428,  99.9
149, 178, 29.85087242, 94.27930747,  99.9
150, 178, 29.85041082, 94.27240538,  99.9
151, 178, 29.84995910, 94.26538656,  99.9
152, 178, 29.84951715, 94.25824957,  99.9
153, 178, 29.84908485, 94.25099290,  99.9
154, 178, 29.84866210, 94.24361506,  99.9
155, 178, 29.84824878, 94.23611450,   2.9
156, 178, 29.84784480, 94.22848967,   2.8
157, 178, 29.84745004, 94.22073898,   2.7
158, 178, 29.84706440, 94.21286080,   2.5
159, 178, 29.84668778, 94.20485352,   2.4
160, 178, 29.84632008, 94.19671545,   2.3
161, 178, 29.84596119, 94.18844490,  99.9
162, 178, 29.84561102, 94.18004016,  99.9
163, 178, 29.84526946, 94.17149946,  99.9
164, 178, 29.84493642, 94.16282104,  99.9
165, 178, 29.84461181, 94.15400309,  99.9
166, 178, 29.84429552, 94.14504377,  99.9
167, 178, 29.84398747, 94.13594122,  99.9
168, 178, 29.84368755, 94.12669354,   6.2
169, 178, 29.84339568, 94.11729881,   6.3
170, 178, 29.84311177, 94.10775507,   6.3
171, 178, 29.84283572, 94.09806033,   6.0
172, 178, 29.84256744, 94.08821259,   5.8
173, 178, 29.84230684, 94.07820977,   5.6
174, 178, 29.84205383, 94.06804982,   5.5
175, 178, 29.84180833, 94.05773060,   5.4
176, 178, 29.84157024, 94.04724998,   5.4
177, 178, 29.84133948, 94.03660576,   5.3
178, 178, 29.84111596, 94.02579574,   5.3
179, 178, 29.84089959, 94.01481766,   5.2
180, 178, 29.84069028, 94.00366924,   5.3
181, 178, 29.84048795, 93.99234816,   5.2
182, 178, 29.84029252, 93.98085206,   5.2
183, 178, 29.84010389, 93.96917855,  99.9
184, 178, 29.83992197, 93.95732520,   5.6
185, 178, 29.83974669, 93.94528954,  99.9
186, 178, 29.83957796, 93.93306906,   2.2
187, 178, 29.83941569, 93.92066122,   5.4
188, 178, 29.83925979, 93.90806345,   5.3
189, 178, 29.83911017, 93.89527311,   5.1
190, 178, 29.83896675, 93.88228755,   4.9
191, 178, 29.83882945, 93.86910405,   4.8
192, 178, 29.83869817, 93.85571989,   4.6
193, 178, 29.83857282, 93.84213227,   4.4
194, 178, 29.83845332, 93.82833836,   4.3
195, 178, 29.83833957, 93.81433529,   4.2
196, 178, 29.83823149, 93.80012015,   4.2
197, 178, 29.83812899, 93.78568997,   4.4
198, 178, 29.83803197, 93.77104177,   5.1
199, 178, 29.83794034, 93.75617248,   5.6
200, 178, 29.83785400, 93.74107901,   5.8
201, 178, 29.83777287, 93.72575822,   5.8
202, 178, 29.83769684, 93.71020693,   5.9
203, 178, 29.83762582, 93.69442189,   5.9
204, 178, 29.83755971, 93.67839982,   6.0
205, 178, 29.83749841, 93.66213738,   6.1
206, 178, 29.83744181, 93.64563120,   6.3
207, 178, 29.83738982, 93.62887783,   6.3
208, 178, 29.83734233, 93.61187380,   6.2
209, 178, 29.83729923, 93.59461555,   6.2
210, 178, 29.83726041, 93.57709951,   6.3
211, 178, 29.83722576, 93.55932202,   6.4
212, 178, 29.83719517, 93.54127938,   6.4
213, 178, 29.83716853, 93.52296785,   6.4
214, 178, 29.83714571, 93.50438361,   6.6
215, 178, 29.83712660, 93.48552279,   6.8
216, 178, 29.83711108, 93.46638148,   6.9
217, 178, 29.83709901, 93.44695568,   6.8
218, 178, 29.83709027, 93.42724136,   6.7
219, 178, 29.83708473, 93.40723442,   6.5
220, 178, 29.83708225, 93.38693069,   6.4
221, 178, 29.83708270, 93.36632594,   6.3
222, 178, 29.83708594, 93.34541590,   4.7
223, 178, 29.83709182, 93.32419622,   4.7
224, 178, 29.83710019, 93.30266247,   4.4
225, 178, 29.83711090, 93.28081019,   4.3
226, 178, 29.83712379, 93.25863482,   4.2
227, 178, 29.83713871, 93.23613176,   5.7
228, 178, 29.83715548, 93.21329632,   5.4
229, 178, 29.83717395, 93.19012376,   4.8
230, 178, 29.83719393, 93.16660925,   4.6
231, 178, 29.83721525, 93.14274791,   4.6
232, 178, 29.83723772, 93.11853478,   4.5
233, 178, 29.83726116, 93.09396481,   5.5
234, 178, 29.83728536, 93.06903292,   5.5
235, 178, 29.83731013, 93.04373390,   5.2
236, 178, 29.83733527, 93.01806250,   5.2
237, 178, 29.83736055, 92.99201339,   5.1
238, 178, 29.83738577, 92.96558115,   4.3
239, 178, 29.83741069, 92.93876029,   4.0
240, 178, 29.83743509, 92.91154523,   3.9
241, 178, 29.83745872, 92.88393032,   1.0
  1, 179, 30.14556183, 94.42988892,  99.9
  2, 179, 30.14067531, 94.43392753,  99.9
  3, 179, 30.13585943, 94.43788235,  99.9
  4, 179, 30.13111320, 94.44175423,  99.9
  5, 179, 30.12643563, 94.44554398,  99.9
  6, 179, 30.12182576, 94.44925243,  99.9
  7, 179, 30.11728263, 94.45288036,  99.9
  8, 179, 30.11280531, 94.45642854,  99.9
  9, 179, 30.10839288, 94.45989772,  99.9
 10, 179, 30.10404441, 94.46328866,  99.9
 11, 179, 30.09975901, 94.46660207,  99.9
 12, 179, 30.09553581, 94.46983865,  99.9
 13, 179, 30.09137391, 94.47299909,  99.9
 14, 179, 30.08727247, 94.47608408,  99.9
 15, 179, 30.08323063, 94.47909426,  99.9
 16, 179, 30.07924756, 94.48203028,  99.9
 17, 179, 30.07532243, 94.48489275,  99.9
 18, 179, 30.07145444, 94.48768230,  99.9
 19, 179, 30.06764278, 94.49039951,  99.9
 20, 179, 30.06388667, 94.49304496,  99.9
 21, 179, 30.06018532, 94.49561921,  99.9
 22, 179, 30.05653797, 94.49812282,  99.9
 23, 179, 30.05294387, 94.50055632,  99.9
 24, 179, 30.04940227, 94.50292021,  99.9
 25, 179, 30.04591245, 94.50521501,  99.9
 26, 179, 30.04247366, 94.50744121,  99.9
 27, 179, 30.03908522, 94.50959928,  99.9
 28, 179, 30.03574641, 94.51168967,  99.9
 29, 179, 30.03245653, 94.51371283,  99.9
 30, 179, 30.02921492, 94.51566920,  99.9
 31, 179, 30.02602090, 94.51755918,  99.9
 32, 179, 30.02287381, 94.51938319,  99.9
 33, 179, 30.01977299, 94.52114160,  99.9
 34, 179, 30.01671780, 94.52283480,  99.9
 35, 179, 30.01370761, 94.52446315,  99.9
 36, 179, 30.01074180, 94.52602698,  99.9
 37, 179, 30.00781975, 94.52752664,  99.9
 38, 179, 30.00494085, 94.52896244,  99.9
 39, 179, 30.00210451, 94.53033470,  99.9
 40, 179, 29.99931014, 94.53164370,  99.9
 41, 179, 29.99655716, 94.53288972,  99.9
 42, 179, 29.99384500, 94.53407302,  99.9
 43, 179, 29.99117310, 94.53519387,  99.9
 44, 179, 29.98854090, 94.53625250,  99.9
 45, 179, 29.98594785, 94.53724914,  99.9
 46, 179, 29.98339343, 94.53818400,  99.9
 47, 179, 29.98087709, 94.53905727,  99.9
 48, 179, 29.97839831, 94.53986916,  99.9
 49, 179, 29.97595659, 94.54061983,  99.9
 50, 179, 29.97355141, 94.54130944,  99.9
 51, 179, 29.97118227, 94.54193815,  99.9
 52, 179, 29.96884869, 94.54250608,  99.9
 53, 179, 29.96655017, 94.54301336,  99.9
 54, 179, 29.96428625, 94.54346011,  99.9
 55, 179, 29.96205644, 94.54384642,  99.9
 56, 179, 29.95986029, 94.54417237,  99.9
 57, 179, 29.95769734, 94.54443803,  99.9
 58, 179, 29.95556713, 94.54464347,  99.9
 59, 179, 29.95346924, 94.54478874,  99.9
 60, 179, 29.95140321, 94.54487386,  99.9
 61, 179, 29.94936863, 94.54489886,  99.9
 62, 179, 29.94736506, 94.54486374,  99.9
 63, 179, 29.94539209, 94.54476851,  99.9
 64, 179, 29.94344932, 94.54461315,  99.9
 65, 179, 29.94153633, 94.54439762,  99.9
 66, 179, 29.93965272, 94.54412189,  99.9
 67, 179, 29.93779811, 94.54378590,  99.9
 68, 179, 29.93597211, 94.54338959,  99.9
 69, 179, 29.93417433, 94.54293287,  99.9
 70, 179, 29.93240441, 94.54241566,  99.9
 71, 179, 29.93066197, 94.54183784,  99.9
 72, 179, 29.92894666, 94.54119931,  99.9
 73, 179, 29.92725810, 94.54049992,  99.9
 74, 179, 29.92559596, 94.53973955,  99.9
 75, 179, 29.92395988, 94.53891802,  99.9
 76, 179, 29.92234952, 94.53803518,  99.9
 77, 179, 29.92076455, 94.53709084,  99.9
 78, 179, 29.91920463, 94.53608481,  99.9
 79, 179, 29.91766944, 94.53501688,  99.9
 80, 179, 29.91615866, 94.53388683,  99.9
 81, 179, 29.91467197, 94.53269442,  99.9
 82, 179, 29.91320906, 94.53143942,  99.9
 83, 179, 29.91176963, 94.53012156,  99.9
 84, 179, 29.91035337, 94.52874056,  99.9
 85, 179, 29.90895998, 94.52729615,  99.9
 86, 179, 29.90758918, 94.52578803,  99.9
 87, 179, 29.90624068, 94.52421587,  99.9
 88, 179, 29.90491419, 94.52257937,  99.9
 89, 179, 29.90360944, 94.52087817,  99.9
 90, 179, 29.90232615, 94.51911192,  99.9
 91, 179, 29.90106405, 94.51728027,  99.9
 92, 179, 29.89982287, 94.51538282,  99.9
 93, 179, 29.89860237, 94.51341919,  99.9
 94, 179, 29.89740227, 94.51138897,  99.9
 95, 179, 29.89622233, 94.50929173,  99.9
 96, 179, 29.89506229, 94.50712704,  99.9
 97, 179, 29.89392192, 94.50489446,  99.9
 98, 179, 29.89280097, 94.50259351,  99.9
 99, 179, 29.89169920, 94.50022373,  99.9
100, 179, 29.89061639, 94.49778461,  99.9
101, 179, 29.88955230, 94.49527565,  99.9
102, 179, 29.88850670, 94.49269634,  99.9
103, 179, 29.88747939, 94.49004613,  99.9
104, 179, 29.88647013, 94.48732447,  99.9
105, 179, 29.88547871, 94.48453080,  99.9
106, 179, 29.88450492, 94.48166454,  99.9
107, 179, 29.88354857, 94.47872509,  99.9
108, 179, 29.88260943, 94.47571184,  99.9
109, 179, 29.88168731, 94.47262416,  99.9
110, 179, 29.88078202, 94.46946141,  99.9
111, 179, 29.87989335, 94.46622294,  99.9
112, 179, 29.87902113, 94.46290807,  99.9
113, 179, 29.87816516, 94.45951611,  99.9
114, 179, 29.87732525, 94.45604636,  99.9
115, 179, 29.87650124, 94.45249809,  99.9
116, 179, 29.87569293, 94.44887056,  99.9
117, 179, 29.87490016, 94.44516303,  99.9
118, 179, 29.87412275, 94.44137471,  99.9
119, 179, 29.87336053, 94.43750483,  99.9
120, 179, 29.87261334, 94.43355258,  99.9
121, 179, 29.87188102, 94.42951713,  99.9
122, 179, 29.87116341, 94.42539764,  99.9
123, 179, 29.87046034, 94.42119326,  99.9
124, 179, 29.86977167, 94.41690311,  99.9
125, 179, 29.86909723, 94.41252630,  99.9
126, 179, 29.86843690, 94.40806193,  99.9
127, 179, 29.86779051, 94.40350905,  99.9
128, 179, 29.86715792, 94.39886672,  99.9
129, 179, 29.86653899, 94.39413398,  99.9
130, 179, 29.86593359, 94.38930983,  99.9
131, 179, 29.86534158, 94.38439329,  99.9
132, 179, 29.86476282, 94.37938332,  99.9
133, 179, 29.86419718, 94.37427888,  99.9
134, 179, 29.86364454, 94.36907890,  99.9
135, 179, 29.86310477, 94.36378231,  99.9
136, 179, 29.86257774, 94.35838801,  99.9
137, 179, 29.86206333, 94.35289486,  99.9
138, 179, 29.86156143, 94.34730173,  99.9
139, 179, 29.86107192, 94.34160745,  99.9
140, 179, 29.86059467, 94.33581084,  99.9
141, 179, 29.86012958, 94.32991069,  99.9
142, 179, 29.85967654, 94.32390576,  99.9
143, 179, 29.85923544, 94.31779482,  99.9
144, 179, 29.85880618, 94.31157659,  99.9
145, 179, 29.85838864, 94.30524977,  99.9
146, 179, 29.85798272, 94.29881305,  99.9
147, 179, 29.85758834, 94.29226508,  99.9
148, 179, 29.85720537, 94.28560451,  99.9
149, 179, 29.85683374, 94.27882994,  99.9
150, 179, 29.85647334, 94.27193996,  99.9
151, 179, 29.85612409, 94.26493315,  99.9
152, 179, 29.85578588, 94.25780804,  99.9
153, 179, 29.85545864, 94.25056314,  99.9
154, 179, 29.85514227, 94.24319696,  99.9
155, 179, 29.85483668, 94.23570794,  99.9
156, 179, 29.85454180, 94.22809455,  99.9
157, 179, 29.85425754, 94.22035518,  99.9
158, 179, 29.85398382, 94.21248824,  99.9
159, 179, 29.85372055, 94.20449207,  99.9
160, 179, 29.85346766, 94.19636501,   2.1
161, 179, 29.85322508, 94.18810538,   2.0
162, 179, 29.85299273, 94.17971145,  99.9
163, 179, 29.85277053, 94.17118148,  99.9
164, 179, 29.85255841, 94.16251368,  99.9
165, 179, 29.85235630, 94.15370626,  99.9
166, 179, 29.85216413, 94.14475737,  99.9
167, 179, 29.85198183, 94.13566515,  99.9
168, 179, 29.85180934, 94.12642772,   6.2
169, 179, 29.85164658, 94.11704314,   6.2
170, 179, 29.85149349, 94.10750947,   6.2
171, 179, 29.85135002, 94.09782471,   6.1
172, 179, 29.85121608, 94.08798685,   5.3
173, 179, 29.85109163, 94.07799383,   5.3
174, 179, 29.85097660, 94.06784359,   5.3
175, 179, 29.85087093, 94.05753401,   5.2
176, 179, 29.85077457, 94.04706293,   5.1
177, 179, 29.85068744, 94.03642817,   5.1
178, 179, 29.85060950, 94.02562753,   5.1
179, 179, 29.85054069, 94.01465875,   5.1
180, 179, 29.85048096, 94.00351954,   5.1
181, 179, 29.85043023, 93.99220759,   5.1
182, 179, 29.85038847, 93.98072055,   5.1
183, 179, 29.85035562, 93.96905600,  99.9
184, 179, 29.85033162, 93.95721154,   5.5
185, 179, 29.85031642, 93.94518469,   5.4
186, 179, 29.85030996, 93.93297295,   2.1
187, 179, 29.85031220, 93.92057376,   5.2
188, 179, 29.85032308, 93.90798456,   5.1
189, 179, 29.85034255, 93.89520271,   5.0
190, 179, 29.85037056, 93.88222556,   4.8
191, 179, 29.85040705, 93.86905040,   4.6
192, 179, 29.85045197, 93.85567448,   4.5
193, 179, 29.85050528, 93.84209503,   4.3
194, 179, 29.85056692, 93.82830921,   4.2
195, 179, 29.85063683, 93.81431415,   4.1
196, 179, 29.85071497, 93.80010693,   4.0
197, 179, 29.85080128, 93.78568460,   4.0
198, 179, 29.85089572, 93.77104416,   4.4
199, 179, 29.85099822, 93.75618254,   5.0
200, 179, 29.85110873, 93.74109667,   5.2
201, 179, 29.85122721, 93.72578338,   5.2
202, 179, 29.85135359, 93.71023951,   5.3
203, 179, 29.85148782, 93.69446180,   5.3
204, 179, 29.85162985, 93.67844697,   5.4
205, 179, 29.85177961, 93.66219168,   5.5
206, 179, 29.85193705, 93.64569256,   5.6
207, 179, 29.85210211, 93.62894615,   5.7
208, 179, 29.85227474, 93.61194899,   5.8
209, 179, 29.85245486, 93.59469751,   5.7
210, 179, 29.85264242, 93.57718814,   5.7
211, 179, 29.85283735, 93.55941722,   5.8
212, 179, 29.85303959, 93.54138105,   5.8
213, 179, 29.85324907, 93.52307588,   5.8
214, 179, 29.85346573, 93.50449790,   6.0
215, 179, 29.85368948, 93.48564322,   6.2
216, 179, 29.85392027, 93.46650794,   6.8
217, 179, 29.85415801, 93.44708806,   6.7
218, 179, 29.85440263, 93.42737953,   6.5
219, 179, 29.85465405, 93.40737826,   6.4
220, 179, 29.85491219, 93.38708008,   6.2
221, 179, 29.85517697, 93.36648075,   6.1
222, 179, 29.85544830, 93.34557600,   4.7
223, 179, 29.85572609, 93.32436147,   4.6
224, 179, 29.85601024, 93.30283274,   4.4
225, 179, 29.85630067, 93.28098532,   4.3
226, 179, 29.85659728, 93.25881468,   4.2
227, 179, 29.85689996, 93.23631618,   4.2
228, 179, 29.85720861, 93.21348515,   5.1
229, 179, 29.85752312, 93.19031684,   4.7
230, 179, 29.85784338, 93.16680641,   4.5
231, 179, 29.85816927, 93.14294898,   4.5
232, 179, 29.85850067, 93.11873958,   4.5
233, 179, 29.85883746, 93.09417317,   5.5
234, 179, 29.85917950, 93.06924463,   5.5
235, 179, 29.85952666, 93.04394878,   4.6
236, 179, 29.85987881, 93.01828035,   4.2
237, 179, 29.86023579, 92.99223400,   4.0
238, 179, 29.86059746, 92.96580430,   3.7
239, 179, 29.86096366, 92.93898576,   3.7
240, 179, 29.86133423, 92.91177279,   3.2
241, 179, 29.86170901, 92.88415973,  99.9
  1, 180, 30.14197901, 94.42426842,  99.9
  2, 180, 30.13716603, 94.42838872,  99.9
  3, 180, 30.13242295, 94.43242408,  99.9
  4, 180, 30.12774878, 94.43637535,  99.9
  5, 180, 30.12314258, 94.44024339,  99.9
  6, 180, 30.11860337, 94.44402901,  99.9
  7, 180, 30.11413024, 94.44773302,  99.9
  8, 180, 30.10972225, 94.45135620,  99.9
  9, 180, 30.10537849, 94.45489934,  99.9
 10, 180, 30.10109807, 94.45836319,  99.9
 11, 180, 30.09688011, 94.46174848,  99.9
 12, 180, 30.09272372, 94.46505593,  99.9
 13, 180, 30.08862805, 94.46828624,  99.9
 14, 180, 30.08459226, 94.47144012,  99.9
 15, 180, 30.08061551, 94.47451822,  99.9
 16, 180, 30.07669698, 94.47752120,  99.9
 17, 180, 30.07283586, 94.48044970,  99.9
 18, 180, 30.06903135, 94.48330434,  99.9
 19, 180, 30.06528266, 94.48608574,  99.9
 20, 180, 30.06158903, 94.48879448,  99.9
 21, 180, 30.05794967, 94.49143113,  99.9
 22, 180, 30.05436385, 94.49399626,  99.9
 23, 180, 30.05083082, 94.49649042,  99.9
 24, 180, 30.04734984, 94.49891414,  99.9
 25, 180, 30.04392021, 94.50126792,  99.9
 26, 180, 30.04054120, 94.50355227,  99.9
 27, 180, 30.03721212, 94.50576768,  99.9
 28, 180, 30.03393228, 94.50791462,  99.9
 29, 180, 30.03070100, 94.50999355,  99.9
 30, 180, 30.02751761, 94.51200490,  99.9
 31, 180, 30.02438146, 94.51394910,  99.9
 32, 180, 30.02129189, 94.51582658,  99.9
 33, 180, 30.01824826, 94.51763772,  99.9
 34, 180, 30.01524994, 94.51938291,  99.9
 35, 180, 30.01229632, 94.52106253,  99.9
 36, 180, 30.00938677, 94.52267693,  99.9
 37, 180, 30.00652070, 94.52422645,  99.9
 38, 180, 30.00369751, 94.52571143,  99.9
 39, 180, 30.00091661, 94.52713219,  99.9
 40, 180, 29.99817744, 94.52848902,  99.9
 41, 180, 29.99547942, 94.52978221,  99.9
 42, 180, 29.99282199, 94.53101204,  99.9
 43, 180, 29.99020461, 94.53217877,  99.9
 44, 180, 29.98762672, 94.53328266,  99.9
 45, 180, 29.98508780, 94.53432393,  99.9
 46, 180, 29.98258731, 94.53530282,  99.9
 47, 180, 29.98012474, 94.53621952,  99.9
 48, 180, 29.97769958, 94.53707424,  99.9
 49, 180, 29.97531132, 94.53786715,  99.9
 50, 180, 29.97295947, 94.53859844,  99.9
 51, 180, 29.97064354, 94.53926826,  99.9
 52, 180, 29.96836304, 94.53987674,  99.9
 53, 180, 29.96611751, 94.54042403,  99.9
 54, 180, 29.96390648, 94.54091023,  99.9
 55, 180, 29.96172949, 94.54133547,  99.9
 56, 180, 29.95958609, 94.54169982,  99.9
 57, 180, 29.95747582, 94.54200338,  99.9
 58, 180, 29.95539826, 94.54224620,  99.9
 59, 180, 29.95335297, 94.54242834,  99.9
 60, 180, 29.95133953, 94.54254985,  99.9
 61, 180, 29.94935751, 94.54261074,  99.9
 62, 180, 29.94740650, 94.54261105,  99.9
 63, 180, 29.94548610, 94.54255077,  99.9
 64, 180, 29.94359591, 94.54242989,  99.9
 65, 180, 29.94173554, 94.54224839,  99.9
 66, 180, 29.93990459, 94.54200624,  99.9
 67, 180, 29.93810269, 94.54170339,  99.9
 68, 180, 29.93632946, 94.54133978,  99.9
 69, 180, 29.93458453, 94.54091534,  99.9
 70, 180, 29.93286754, 94.54042997,  99.9
 71, 180, 29.93117813, 94.53988359,  99.9
 72, 180, 29.92951595, 94.53927609,  99.9
 73, 180, 29.92788065, 94.53860732,  99.9
 74, 180, 29.92627188, 94.53787718,  99.9
 75, 180, 29.92468932, 94.53708549,  99.9
 76, 180, 29.92313264, 94.53623210,  99.9
 77, 180, 29.92160150, 94.53531683,  99.9
 78, 180, 29.92009559, 94.53433950,  99.9
 79, 180, 29.91861460, 94.53329991,  99.9
 80, 180, 29.91715820, 94.53219783,  99.9
 81, 180, 29.91572611, 94.53103305,  99.9
 82, 180, 29.91431802, 94.52980532,  99.9
 83, 180, 29.91293363, 94.52851439,  99.9
 84, 180, 29.91157266, 94.52715998,  99.9
 85, 180, 29.91023482, 94.52574183,  99.9
 86, 180, 29.90891983, 94.52425964,  99.9
 87, 180, 29.90762741, 94.52271310,  99.9
 88, 180, 29.90635729, 94.52110189,  99.9
 89, 180, 29.90510921, 94.51942567,  99.9
 90, 180, 29.90388291, 94.51768410,  99.9
 91, 180, 29.90267812, 94.51587682,  99.9
 92, 180, 29.90149459, 94.51400345,  99.9
 93, 180, 29.90033208, 94.51206361,  99.9
 94, 180, 29.89919033, 94.51005689,  99.9
 95, 180, 29.89806911, 94.50798287,  99.9
 96, 180, 29.89696819, 94.50584113,  99.9
 97, 180, 29.89588732, 94.50363122,  99.9
 98, 180, 29.89482629, 94.50135268,  99.9
 99, 180, 29.89378486, 94.49900503,  99.9
100, 180, 29.89276282, 94.49658780,  99.9
101, 180, 29.89175994, 94.49410047,  99.9
102, 180, 29.89077603, 94.49154253,  99.9
103, 180, 29.88981086, 94.48891345,  99.9
104, 180, 29.88886424, 94.48621269,  99.9
105, 180, 29.88793595, 94.48343967,  99.9
106, 180, 29.88702581, 94.48059383,  99.9
107, 180, 29.88613363, 94.47767457,  99.9
108, 180, 29.88525920, 94.47468129,  99.9
109, 180, 29.88440234, 94.47161336,  99.9
110, 180, 29.88356287, 94.46847014,  99.9
111, 180, 29.88274062, 94.46525099,  99.9
112, 180, 29.88193539, 94.46195522,  99.9
113, 180, 29.88114702, 94.45858217,  99.9
114, 180, 29.88037534, 94.45513111,  99.9
115, 180, 29.87962019, 94.45160134,  99.9
116, 180, 29.87888139, 94.44799213,  99.9
117, 180, 29.87815879, 94.44430271,  99.9
118, 180, 29.87745224, 94.44053233,  99.9
119, 180, 29.87676157, 94.43668019,  99.9
120, 180, 29.87608663, 94.43274550,  99.9
121, 180, 29.87542729, 94.42872744,  99.9
122, 180, 29.87478339, 94.42462517,  99.9
123, 180, 29.87415479, 94.42043783,  99.9
124, 180, 29.87354136, 94.41616456,  99.9
125, 180, 29.87294295, 94.41180447,  99.9
126, 180, 29.87235944, 94.40735664,  99.9
127, 180, 29.87179069, 94.40282016,  99.9
128, 180, 29.87123658, 94.39819407,  99.9
129, 180, 29.87069698, 94.39347742,  99.9
130, 180, 29.87017177, 94.38866922,  99.9
131, 180, 29.86966083, 94.38376848,  99.9
132, 180, 29.86916405, 94.37877416,  99.9
133, 180, 29.86868130, 94.37368523,  99.9
134, 180, 29.86821248, 94.36850064,  99.9
135, 180, 29.86775748, 94.36321929,  99.9
136, 180, 29.86731620, 94.35784010,  99.9
137, 180, 29.86688852, 94.35236194,  99.9
138, 180, 29.86647436, 94.34678367,  99.9
139, 180, 29.86607360, 94.34110413,  99.9
140, 180, 29.86568615, 94.33532214,  99.9
141, 180, 29.86531193, 94.32943649,  99.9
142, 180, 29.86495083, 94.32344595,  99.9
143, 180, 29.86460277, 94.31734928,  99.9
144, 180, 29.86426766, 94.31114521,  99.9
145, 180, 29.86394541, 94.30483245,  99.9
146, 180, 29.86363595, 94.29840967,  99.9
147, 180, 29.86333919, 94.29187555,  99.9
148, 180, 29.86305505, 94.28522872,  99.9
149, 180, 29.86278346, 94.27846780,  99.9
150, 180, 29.86252435, 94.27159138,  99.9
151, 180, 29.86227764, 94.26459803,  99.9
152, 180, 29.86204326, 94.25748628,  99.9
153, 180, 29.86182114, 94.25025467,  99.9
154, 180, 29.86161122, 94.24290167,  99.9
155, 180, 29.86141344, 94.23542577,  99.9
156, 180, 29.86122773, 94.22782539,  99.9
157, 180, 29.86105403, 94.22009897,  99.9
158, 180, 29.86089228, 94.21224488,  99.9
159, 180, 29.86074244, 94.20426150,  99.9
160, 180, 29.86060443, 94.19614716,   1.7
161, 180, 29.86047821, 94.18790016,   1.9
162, 180, 29.86036373, 94.17951880,   2.0
163, 180, 29.86026095, 94.17100131,   2.1
164, 180, 29.86016980, 94.16234594,  99.9
165, 180, 29.86009024, 94.15355087,  99.9
166, 180, 29.86002224, 94.14461428,  99.9
167, 180, 29.85996575, 94.13553430,  99.9
168, 180, 29.85992072, 94.12630903,  99.9
169, 180, 29.85988712, 94.11693656,  99.9
170, 180, 29.85986490, 94.10741494,   3.1
171, 180, 29.85985404, 94.09774217,   3.0
172, 180, 29.85985449, 94.08791625,   4.2
173, 180, 29.85986623, 94.07793512,   4.0
174, 180, 29.85988921, 94.06779671,   5.3
175, 180, 29.85992341, 94.05749890,   5.0
176, 180, 29.85996880, 94.04703954,   4.9
177, 180, 29.86002534, 94.03641647,   5.0
178, 180, 29.86009302, 94.02562745,   5.0
179, 180, 29.86017179, 94.01467025,   5.0
180, 180, 29.86026165, 94.00354258,   5.0
181, 180, 29.86036256, 93.99224212,   5.1
182, 180, 29.86047449, 93.98076652,   5.1
183, 180, 29.86059744, 93.96911338,  99.9
184, 180, 29.86073137, 93.95728027,  99.9
185, 180, 29.86087627, 93.94526473,   5.3
186, 180, 29.86103211, 93.93306426,   5.2
187, 180, 29.86119888, 93.92067631,   5.1
188, 180, 29.86137655, 93.90809830,   5.0
189, 180, 29.86156512, 93.89532761,   4.9
190, 180, 29.86176456, 93.88236157,   4.7
191, 180, 29.86197486, 93.86919748,   4.5
192, 180, 29.86219600, 93.85583261,   4.3
193, 180, 29.86242797, 93.84226415,   4.2
194, 180, 29.86267075, 93.82848929,   4.1
195, 180, 29.86292433, 93.81450515,   4.0
196, 180, 29.86318870, 93.80030882,   3.9
197, 180, 29.86346383, 93.78589734,   3.8
198, 180, 29.86374972, 93.77126771,   4.0
199, 180, 29.86404636, 93.75641686,   4.4
200, 180, 29.86435373, 93.74134172,   4.7
201, 180, 29.86467181, 93.72603913,   4.8
202, 180, 29.86500060, 93.71050591,   4.8
203, 180, 29.86534008, 93.69473882,   4.9
204, 180, 29.86569024, 93.67873456,   4.9
205, 180, 29.86605107, 93.66248982,   5.0
206, 180, 29.86642255, 93.64600118,   5.2
207, 180, 29.86680466, 93.62926523,   5.3
208, 180, 29.86719739, 93.61227847,   5.4
209, 180, 29.86760073, 93.59503736,   5.4
210, 180, 29.86801466, 93.57753831,   5.3
211, 180, 29.86843917, 93.55977766,   5.3
212, 180, 29.86887423, 93.54175172,   5.3
213, 180, 29.86931983, 93.52345672,   5.2
214, 180, 29.86977594, 93.50488886,   5.4
215, 180, 29.87024256, 93.48604426,   5.6
216, 180, 29.87071965, 93.46691899,   5.6
217, 180, 29.87120719, 93.44750906,   6.6
218, 180, 29.87170516, 93.42781044,   6.4
219, 180, 29.87221353, 93.40781900,   6.2
220, 180, 29.87273228, 93.38753060,   6.1
221, 180, 29.87326138, 93.36694098,   6.1
222, 180, 29.87380078, 93.34604587,   4.6
223, 180, 29.87435047, 93.32484091,   4.5
224, 180, 29.87491041, 93.30332167,   4.4
225, 180, 29.87548055, 93.28148368,   4.3
226, 180, 29.87606086, 93.25932236,   4.2
227, 180, 29.87665129, 93.23683312,   4.2
228, 180, 29.87725181, 93.21401126,   4.8
229, 180, 29.87786236, 93.19085202,   4.7
230, 180, 29.87848288, 93.16735057,   4.3
231, 180, 29.87911334, 93.14350202,   4.5
232, 180, 29.87975366, 93.11930139,   4.3
233, 180, 29.88040379, 93.09474364,   3.8
234, 180, 29.88106367, 93.06982365,   4.6
235, 180, 29.88173322, 93.04453623,   4.5
236, 180, 29.88241237, 93.01887611,   4.1
237, 180, 29.88310104, 92.99283793,   3.7
238, 180, 29.88379917, 92.96641627,   3.5
239, 180, 29.88450664, 92.93960563,   3.1
240, 180, 29.88522339, 92.91240042,   2.8
241, 180, 29.88594931, 92.88479496,  99.9
  1, 181, 30.13832494, 94.41873373,  99.9
  2, 181, 30.13358649, 94.42293485,  99.9
  3, 181, 30.12891719, 94.42704989,  99.9
  4, 181, 30.12431608, 94.43107972,  99.9
  5, 181, 30.11978219, 94.43502521,  99.9
  6, 181, 30.11531461, 94.43888719,  99.9
  7, 181, 30.11091240, 94.44266649,  99.9
  8, 181, 30.10657466, 94.44636392,  99.9
  9, 181, 30.10230049, 94.44998026,  99.9
 10, 181, 30.09808901, 94.45351627,  99.9
 11, 181, 30.09393935, 94.45697272,  99.9
 12, 181, 30.08985066, 94.46035033,  99.9
 13, 181, 30.08582208, 94.46364984,  99.9
 14, 181, 30.08185278, 94.46687193,  99.9
 15, 181, 30.07794195, 94.47001729,  99.9
 16, 181, 30.07408878, 94.47308660,  99.9
 17, 181, 30.07029247, 94.47608050,  99.9
 18, 181, 30.06655224, 94.47899964,  99.9
 19, 181, 30.06286730, 94.48184463,  99.9
 20, 181, 30.05923691, 94.48461607,  99.9
 21, 181, 30.05566031, 94.48731457,  99.9
 22, 181, 30.05213676, 94.48994068,  99.9
 23, 181, 30.04866553, 94.49249497,  99.9
 24, 181, 30.04524591, 94.49497799,  99.9
 25, 181, 30.04187718, 94.49739025,  99.9
 26, 181, 30.03855865, 94.49973228,  99.9
 27, 181, 30.03528963, 94.50200456,  99.9
 28, 181, 30.03206945, 94.50420759,  99.9
 29, 181, 30.02889744, 94.50634184,  99.9
 30, 181, 30.02577294, 94.50840774,  99.9
 31, 181, 30.02269531, 94.51040575,  99.9
 32, 181, 30.01966390, 94.51233629,  99.9
 33, 181, 30.01667810, 94.51419977,  99.9
 34, 181, 30.01373728, 94.51599659,  99.9
 35, 181, 30.01084083, 94.51772713,  99.9
 36, 181, 30.00798816, 94.51939175,  99.9
 37, 181, 30.00517866, 94.52099081,  99.9
 38, 181, 30.00241177, 94.52252465,  99.9
 39, 181, 29.99968691, 94.52399360,  99.9
 40, 181, 29.99700350, 94.52539797,  99.9
 41, 181, 29.99436100, 94.52673806,  99.9
 42, 181, 29.99175886, 94.52801415,  99.9
 43, 181, 29.98919654, 94.52922652,  99.9
 44, 181, 29.98667350, 94.53037543,  99.9
 45, 181, 29.98418923, 94.53146112,  99.9
 46, 181, 29.98174320, 94.53248382,  99.9
 47, 181, 29.97933492, 94.53344375,  99.9
 48, 181, 29.97696387, 94.53434111,  99.9
 49, 181, 29.97462958, 94.53517611,  99.9
 50, 181, 29.97233155, 94.53594891,  99.9
 51, 181, 29.97006930, 94.53665969,  99.9
 52, 181, 29.96784238, 94.53730860,  99.9
 53, 181, 29.96565030, 94.53789577,  99.9
 54, 181, 29.96349263, 94.53842133,  99.9
 55, 181, 29.96136891, 94.53888540,  99.9
 56, 181, 29.95927870, 94.53928808,  99.9
 57, 181, 29.95722156, 94.53962945,  99.9
 58, 181, 29.95519708, 94.53990960,  99.9
 59, 181, 29.95320482, 94.54012858,  99.9
 60, 181, 29.95124437, 94.54028644,  99.9
 61, 181, 29.94931533, 94.54038322,  99.9
 62, 181, 29.94741729, 94.54041894,  99.9
 63, 181, 29.94554987, 94.54039362,  99.9
 64, 181, 29.94371266, 94.54030725,  99.9
 65, 181, 29.94190529, 94.54015982,  99.9
 66, 181, 29.94012739, 94.53995130,  99.9
 67, 181, 29.93837857, 94.53968164,  99.9
 68, 181, 29.93665848, 94.53935081,  99.9
 69, 181, 29.93496677, 94.53895872,  99.9
 70, 181, 29.93330306, 94.53850531,  99.9
 71, 181, 29.93166703, 94.53799047,  99.9
 72, 181, 29.93005833, 94.53741411,  99.9
 73, 181, 29.92847662, 94.53677611,  99.9
 74, 181, 29.92692157, 94.53607634,  99.9
 75, 181, 29.92539287, 94.53531465,  99.9
 76, 181, 29.92389018, 94.53449089,  99.9
 77, 181, 29.92241319, 94.53360489,  99.9
 78, 181, 29.92096161, 94.53265646,  99.9
 79, 181, 29.91953512, 94.53164542,  99.9
 80, 181, 29.91813342, 94.53057155,  99.9
 81, 181, 29.91675622, 94.52943463,  99.9
 82, 181, 29.91540324, 94.52823442,  99.9
 83, 181, 29.91407419, 94.52697068,  99.9
 84, 181, 29.91276879, 94.52564315,  99.9
 85, 181, 29.91148677, 94.52425156,  99.9
 86, 181, 29.91022786, 94.52279560,  99.9
 87, 181, 29.90899180, 94.52127499,  99.9
 88, 181, 29.90777832, 94.51968940,  99.9
 89, 181, 29.90658718, 94.51803852,  99.9
 90, 181, 29.90541811, 94.51632199,  99.9
 91, 181, 29.90427089, 94.51453946,  99.9
 92, 181, 29.90314525, 94.51269056,  99.9
 93, 181, 29.90204097, 94.51077491,  99.9
 94, 181, 29.90095782, 94.50879211,  99.9
 95, 181, 29.89989556, 94.50674174,  99.9
 96, 181, 29.89885398, 94.50462339,  99.9
 97, 181, 29.89783285, 94.50243661,  99.9
 98, 181, 29.89683195, 94.50018094,  99.9
 99, 181, 29.89585107, 94.49785592,  99.9
100, 181, 29.89489002, 94.49546107,  99.9
101, 181, 29.89394857, 94.49299589,  99.9
102, 181, 29.89302654, 94.49045986,  99.9
103, 181, 29.89212373, 94.48785246,  99.9
104, 181, 29.89123994, 94.48517315,  99.9
105, 181, 29.89037498, 94.48242137,  99.9
106, 181, 29.88952868, 94.47959654,  99.9
107, 181, 29.88870085, 94.47669808,  99.9
108, 181, 29.88789132, 94.47372539,  99.9
109, 181, 29.88709990, 94.47067784,  99.9
110, 181, 29.88632644, 94.46755481,  99.9
111, 181, 29.88557076, 94.46435564,  99.9
112, 181, 29.88483270, 94.46107967,  99.9
113, 181, 29.88411210, 94.45772621,  99.9
114, 181, 29.88340881, 94.45429458,  99.9
115, 181, 29.88272268, 94.45078405,  99.9
116, 181, 29.88205355, 94.44719389,  99.9
117, 181, 29.88140128, 94.44352336,  99.9
118, 181, 29.88076572, 94.43977169,  99.9
119, 181, 29.88014674, 94.43593810,  99.9
120, 181, 29.87954421, 94.43202179,  99.9
121, 181, 29.87895798, 94.42802196,  99.9
122, 181, 29.87838794, 94.42393775,  99.9
123, 181, 29.87783394, 94.41976834,  99.9
124, 181, 29.87729588, 94.41551283,  99.9
125, 181, 29.87677363, 94.41117036,  99.9
126, 181, 29.87626706, 94.40674002,  99.9
127, 181, 29.87577608, 94.40222087,  99.9
128, 181, 29.87530056, 94.39761199,  99.9
129, 181, 29.87484040, 94.39291241,  99.9
130, 181, 29.87439550, 94.38812116,  99.9
131, 181, 29.87396574, 94.38323723,  99.9
132, 181, 29.87355103, 94.37825961,  99.9
133, 181, 29.87315128, 94.37318726,  99.9
134, 181, 29.87276639, 94.36801912,  99.9
135, 181, 29.87239626, 94.36275412,  99.9
136, 181, 29.87204082, 94.35739116,  99.9
137, 181, 29.87169997, 94.35192913,  99.9
138, 181, 29.87137363, 94.34636688,  99.9
139, 181, 29.87106172, 94.34070326,  99.9
140, 181, 29.87076416, 94.33493709,  99.9
141, 181, 29.87048087, 94.32906717,  99.9
142, 181, 29.87021179, 94.32309226,  99.9
143, 181, 29.86995685, 94.31701114,  99.9
144, 181, 29.86971597, 94.31082252,  99.9
145, 181, 29.86948909, 94.30452513,  99.9
146, 181, 29.86927615, 94.29811764,  99.9
147, 181, 29.86907708, 94.29159873,  99.9
148, 181, 29.86889184, 94.28496703,  99.9
149, 181, 29.86872036, 94.27822117,  99.9
150, 181, 29.86856259, 94.27135973,  99.9
151, 181, 29.86841847, 94.26438129,  99.9
152, 181, 29.86828797, 94.25728440,  99.9
153, 181, 29.86817104, 94.25006756,  99.9
154, 181, 29.86806763, 94.24272929,   0.0
155, 181, 29.86797769, 94.23526805,   0.1
156, 181, 29.86790119, 94.22768228,   0.3
157, 181, 29.86783810, 94.21997041,   0.6
158, 181, 29.86778837, 94.21213082,   0.9
159, 181, 29.86775198, 94.20416189,   1.2
160, 181, 29.86772889, 94.19606194,   1.4
161, 181, 29.86771907, 94.18782930,  99.9
162, 181, 29.86772250, 94.17946225,  99.9
163, 181, 29.86773916, 94.17095903,   2.2
164, 181, 29.86776901, 94.16231789,  99.9
165, 181, 29.86781204, 94.15353702,  99.9
166, 181, 29.86786822, 94.14461458,  99.9
167, 181, 29.86793755, 94.13554872,  99.9
168, 181, 29.86802001, 94.12633755,  99.9
169, 181, 29.86811558, 94.11697914,   3.3
170, 181, 29.86822425, 94.10747155,   3.2
171, 181, 29.86834602, 94.09781279,   3.4
172, 181, 29.86848087, 94.08800085,   3.4
173, 181, 29.86862880, 94.07803369,   3.4
174, 181, 29.86878980, 94.06790921,   5.3
175, 181, 29.86896387, 94.05762533,   4.9
176, 181, 29.86915101, 94.04717988,   4.9
177, 181, 29.86935123, 94.03657069,   4.9
178, 181, 29.86956451, 94.02579555,   4.9
179, 181, 29.86979088, 94.01485222,   4.9
180, 181, 29.87003032, 94.00373840,  99.9
181, 181, 29.87028285, 93.99245178,  99.9
182, 181, 29.87054848, 93.98099002,  99.9
183, 181, 29.87082721, 93.96935071,  99.9
184, 181, 29.87111906, 93.95753142,  99.9
185, 181, 29.87142404, 93.94552971,  99.9
186, 181, 29.87174217, 93.93334305,   5.2
187, 181, 29.87207345, 93.92096892,   5.2
188, 181, 29.87241790, 93.90840472,   4.9
189, 181, 29.87277554, 93.89564784,   4.8
190, 181, 29.87314640, 93.88269562,   4.6
191, 181, 29.87353048, 93.86954535,   4.4
192, 181, 29.87392781, 93.85619430,   4.2
193, 181, 29.87433842, 93.84263967,   4.1
194, 181, 29.87476231, 93.82887865,   3.9
195, 181, 29.87519953, 93.81490835,   3.8
196, 181, 29.87565008, 93.80072586,   3.7
197, 181, 29.87611400, 93.78632823,   3.7
198, 181, 29.87659131, 93.77171245,   3.8
199, 181, 29.87708205, 93.75687548,   4.1
200, 181, 29.87758623, 93.74181421,   4.4
201, 181, 29.87810388, 93.72652551,   4.5
202, 181, 29.87863504, 93.71100618,   4.5
203, 181, 29.87917973, 93.69525299,   4.5
204, 181, 29.87973798, 93.67926265,   4.5
205, 181, 29.88030982, 93.66303182,   4.6
206, 181, 29.88089528, 93.64655712,   4.7
207, 181, 29.88149439, 93.62983511,   4.9
208, 181, 29.88210719, 93.61286230,   5.0
209, 181, 29.88273369, 93.59563515,   5.0
210, 181, 29.88337394, 93.57815006,   5.0
211, 181, 29.88402796, 93.56040339,   4.9
212, 181, 29.88469579, 93.54239143,   4.9
213, 181, 29.88537744, 93.52411042,   4.7
214, 181, 29.88607297, 93.50555655,   4.6
215, 181, 29.88678238, 93.48672594,   4.8
216, 181, 29.88750571, 93.46761468,   5.0
217, 181, 29.88824299, 93.44821876,   5.3
218, 181, 29.88899425, 93.42853414,   5.6
219, 181, 29.88975952, 93.40855671,   6.2
220, 181, 29.89053881, 93.38828231,   6.1
221, 181, 29.89133215, 93.36770670,   6.0
222, 181, 29.89213958, 93.34682559,   4.6
223, 181, 29.89296110, 93.32563461,   4.5
224, 181, 29.89379674, 93.30412936,   4.4
225, 181, 29.89464653, 93.28230533,   4.3
226, 181, 29.89551048, 93.26015798,   4.2
227, 181, 29.89638860, 93.23768267,   4.1
228, 181, 29.89728091, 93.21487473,   4.7
229, 181, 29.89818742, 93.19172939,   4.6
230, 181, 29.89910815, 93.16824182,   4.2
231, 181, 29.90004309, 93.14440711,   4.1
232, 181, 29.90099227, 93.12022030,   4.2
233, 181, 29.90195567, 93.09567634,   3.8
234, 181, 29.90293331, 93.07077009,   4.6
235, 181, 29.90392517, 93.04549637,   4.5
236, 181, 29.90493126, 93.01984990,   3.9
237, 181, 29.90595155, 92.99382533,   3.5
238, 181, 29.90698606, 92.96741722,   3.2
239, 181, 29.90803474, 92.94062007,   3.1
240, 181, 29.90909759, 92.91342827,   2.8
241, 181, 29.91017459, 92.88583617,  99.9
  1, 182, 30.13460037, 94.41328602,  99.9
  2, 182, 30.12993745, 94.41756706,  99.9
  3, 182, 30.12534291, 94.42176089,  99.9
  4, 182, 30.12081580, 94.42586843,  99.9
  5, 182, 30.11635519, 94.42989053,  99.9
  6, 182, 30.11196016, 94.43382805,  99.9
  7, 182, 30.10762979, 94.43768185,  99.9
  8, 182, 30.10336321, 94.44145272,  99.9
  9, 182, 30.09915952, 94.44514148,  99.9
 10, 182, 30.09501786, 94.44874892,  99.9
 11, 182, 30.09093738, 94.45227579,  99.9
 12, 182, 30.08691722, 94.45572285,  99.9
 13, 182, 30.08295657, 94.45909084,  99.9
 14, 182, 30.07905460, 94.46238046,  99.9
 15, 182, 30.07521051, 94.46559242,  99.9
 16, 182, 30.07142350, 94.46872740,  99.9
 17, 182, 30.06769279, 94.47178607,  99.9
 18, 182, 30.06401761, 94.47476908,  99.9
 19, 182, 30.06039721, 94.47767705,  99.9
 20, 182, 30.05683082, 94.48051062,  99.9
 21, 182, 30.05331772, 94.48327038,  99.9
 22, 182, 30.04985718, 94.48595691,  99.9
 23, 182, 30.04644848, 94.48857080,  99.9
 24, 182, 30.04309092, 94.49111258,  99.9
 25, 182, 30.03978380, 94.49358282,  99.9
 26, 182, 30.03652644, 94.49598202,  99.9
 27, 182, 30.03331817, 94.49831070,  99.9
 28, 182, 30.03015832, 94.50056935,  99.9
 29, 182, 30.02704623, 94.50275846,  99.9
 30, 182, 30.02398127, 94.50487848,  99.9
 31, 182, 30.02096281, 94.50692987,  99.9
 32, 182, 30.01799020, 94.50891307,  99.9
 33, 182, 30.01506285, 94.51082849,  99.9
 34, 182, 30.01218014, 94.51267655,  99.9
 35, 182, 30.00934147, 94.51445763,  99.9
 36, 182, 30.00654626, 94.51617212,  99.9
 37, 182, 30.00379394, 94.51782038,  99.9
 38, 182, 30.00108392, 94.51940276,  99.9
 39, 182, 29.99841565, 94.52091959,  99.9
 40, 182, 29.99578857, 94.52237120,  99.9
 41, 182, 29.99320214, 94.52375790,  99.9
 42, 182, 29.99065583, 94.52507999,  99.9
 43, 182, 29.98814911, 94.52633773,  99.9
 44, 182, 29.98568145, 94.52753142,  99.9
 45, 182, 29.98325234, 94.52866129,  99.9
 46, 182, 29.98086129, 94.52972758,  99.9
 47, 182, 29.97850779, 94.53073054,  99.9
 48, 182, 29.97619136, 94.53167036,  99.9
 49, 182, 29.97391152, 94.53254726,  99.9
 50, 182, 29.97166778, 94.53336141,  99.9
 51, 182, 29.96945970, 94.53411300,  99.9
 52, 182, 29.96728680, 94.53480218,  99.9
 53, 182, 29.96514864, 94.53542911,  99.9
 54, 182, 29.96304478, 94.53599392,  99.9
 55, 182, 29.96097477, 94.53649672,  99.9
 56, 182, 29.95893819, 94.53693763,  99.9
 57, 182, 29.95693461, 94.53731675,  99.9
 58, 182, 29.95496362, 94.53763416,  99.9
 59, 182, 29.95302481, 94.53788993,  99.9
 60, 182, 29.95111777, 94.53808411,  99.9
 61, 182, 29.94924212, 94.53821675,  99.9
 62, 182, 29.94739744, 94.53828788,  99.9
 63, 182, 29.94558338, 94.53829752,  99.9
 64, 182, 29.94379954, 94.53824567,  99.9
 65, 182, 29.94204555, 94.53813233,  99.9
 66, 182, 29.94032106, 94.53795748,  99.9
 67, 182, 29.93862569, 94.53772107,  99.9
 68, 182, 29.93695911, 94.53742308,  99.9
 69, 182, 29.93532095, 94.53706343,  99.9
 70, 182, 29.93371089, 94.53664206,  99.9
 71, 182, 29.93212858, 94.53615887,  99.9
 72, 182, 29.93057369, 94.53561378,  99.9
 73, 182, 29.92904591, 94.53500667,  99.9
 74, 182, 29.92754490, 94.53433742,  99.9
 75, 182, 29.92607036, 94.53360589,  99.9
 76, 182, 29.92462198, 94.53281192,  99.9
 77, 182, 29.92319946, 94.53195536,  99.9
 78, 182, 29.92180250, 94.53103604,  99.9
 79, 182, 29.92043081, 94.53005375,  99.9
 80, 182, 29.91908410, 94.52900831,  99.9
 81, 182, 29.91776209, 94.52789948,  99.9
 82, 182, 29.91646450, 94.52672705,  99.9
 83, 182, 29.91519107, 94.52549077,  99.9
 84, 182, 29.91394152, 94.52419039,  99.9
 85, 182, 29.91271559, 94.52282563,  99.9
 86, 182, 29.91151302, 94.52139622,  99.9
 87, 182, 29.91033357, 94.51990185,  99.9
 88, 182, 29.90917699, 94.51834222,  99.9
 89, 182, 29.90804303, 94.51671701,  99.9
 90, 182, 29.90693145, 94.51502587,  99.9
 91, 182, 29.90584202, 94.51326847,  99.9
 92, 182, 29.90477452, 94.51144442,  99.9
 93, 182, 29.90372871, 94.50955336,  99.9
 94, 182, 29.90270437, 94.50759488,  99.9
 95, 182, 29.90170130, 94.50556860,  99.9
 96, 182, 29.90071927, 94.50347407,  99.9
 97, 182, 29.89975809, 94.50131087,  99.9
 98, 182, 29.89881754, 94.49907855,  99.9
 99, 182, 29.89789742, 94.49677665,  99.9
100, 182, 29.89699755, 94.49440468,  99.9
101, 182, 29.89611774, 94.49196216,  99.9
102, 182, 29.89525778, 94.48944857,  99.9
103, 182, 29.89441751, 94.48686339,  99.9
104, 182, 29.89359674, 94.48420608,  99.9
105, 182, 29.89279530, 94.48147610,  99.9
106, 182, 29.89201301, 94.47867287,  99.9
107, 182, 29.89124971, 94.47579582,  99.9
108, 182, 29.89050524, 94.47284433,  99.9
109, 182, 29.88977943, 94.46981780,  99.9
110, 182, 29.88907213, 94.46671561,  99.9
111, 182, 29.88838319, 94.46353709,  99.9
112, 182, 29.88771246, 94.46028159,  99.9
113, 182, 29.88705978, 94.45694844,  99.9
114, 182, 29.88642503, 94.45353694,  99.9
115, 182, 29.88580806, 94.45004637,  99.9
116, 182, 29.88520874, 94.44647602,  99.9
117, 182, 29.88462693, 94.44282514,  99.9
118, 182, 29.88406251, 94.43909296,  99.9
119, 182, 29.88351536, 94.43527872,  99.9
120, 182, 29.88298535, 94.43138162,  99.9
121, 182, 29.88247237, 94.42740084,  99.9
122, 182, 29.88197630, 94.42333555,  99.9
123, 182, 29.88149703, 94.41918492,  99.9
124, 182, 29.88103445, 94.41494807,  99.9
125, 182, 29.88058846, 94.41062413,  99.9
126, 182, 29.88015895, 94.40621218,  99.9
127, 182, 29.87974584, 94.40171132,  99.9
128, 182, 29.87934902, 94.39712060,  99.9
129, 182, 29.87896840, 94.39243908,  99.9
130, 182, 29.87860389, 94.38766576,  99.9
131, 182, 29.87825541, 94.38279967,  99.9
132, 182, 29.87792287, 94.37783978,  99.9
133, 182, 29.87760620, 94.37278506,  99.9
134, 182, 29.87730532, 94.36763446,  99.9
135, 182, 29.87702015, 94.36238690,  99.9
136, 182, 29.87675062, 94.35704130,  99.9
137, 182, 29.87649667, 94.35159653,  99.9
138, 182, 29.87625822, 94.34605146,  99.9
139, 182, 29.87603523, 94.34040495,  99.9
140, 182, 29.87582762, 94.33465580,  99.9
141, 182, 29.87563534, 94.32880282,  99.9
142, 182, 29.87545835, 94.32284479,  99.9
143, 182, 29.87529657, 94.31678048,  99.9
144, 182, 29.87514998, 94.31060860,  99.9
145, 182, 29.87501852, 94.30432789,  99.9
146, 182, 29.87490215, 94.29793703,  99.9
147, 182, 29.87480082, 94.29143468,  99.9
148, 182, 29.87471451, 94.28481950,  99.9
149, 182, 29.87464318, 94.27809010,  99.9
150, 182, 29.87458679, 94.27124508,  99.9
151, 182, 29.87454532, 94.26428301,  99.9
152, 182, 29.87451873, 94.25720244,   0.2
153, 182, 29.87450701, 94.25000190,   0.1
154, 182, 29.87451013, 94.24267988,   0.0
155, 182, 29.87452806, 94.23523485,  99.9
156, 182, 29.87456081, 94.22766527,  99.9
157, 182, 29.87460834, 94.21996956,  99.9
158, 182, 29.87467065, 94.21214610,  99.9
159, 182, 29.87474773, 94.20419328,  99.9
160, 182, 29.87483957, 94.19610942,  99.9
161, 182, 29.87494616, 94.18789285,  99.9
162, 182, 29.87506750, 94.17954185,  99.9
163, 182, 29.87520360, 94.17105468,   2.3
164, 182, 29.87535445, 94.16242957,   2.4
165, 182, 29.87552006, 94.15366472,   2.5
166, 182, 29.87570044, 94.14475830,   2.6
167, 182, 29.87589559, 94.13570845,   2.7
168, 182, 29.87610552, 94.12651329,   2.8
169, 182, 29.87633026, 94.11717089,   2.9
170, 182, 29.87656980, 94.10767932,   3.4
171, 182, 29.87682418, 94.09803658,   3.4
172, 182, 29.87709341, 94.08824068,   3.4
173, 182, 29.87737751, 94.07828955,   3.4
174, 182, 29.87767651, 94.06818113,  99.9
175, 182, 29.87799043, 94.05791331,  99.9
176, 182, 29.87831931, 94.04748395,   4.3
177, 182, 29.87866316, 94.03689086,   4.8
178, 182, 29.87902203, 94.02613185,   4.8
179, 182, 29.87939594, 94.01520466,   4.8
180, 182, 29.87978494, 94.00410701,  99.9
181, 182, 29.88018905, 93.99283659,  99.9
182, 182, 29.88060833, 93.98139105,  99.9
183, 182, 29.88104281, 93.96976800,  99.9
184, 182, 29.88149254, 93.95796501,  99.9
185, 182, 29.88195755, 93.94597961,  99.9
186, 182, 29.88243790, 93.93380932,  99.9
187, 182, 29.88293364, 93.92145158,   5.0
188, 182, 29.88344482, 93.90890382,   5.1
189, 182, 29.88397149, 93.89616341,   4.6
190, 182, 29.88451369, 93.88322771,   4.4
191, 182, 29.88507150, 93.87009401,   4.3
192, 182, 29.88564496, 93.85675956,   4.1
193, 182, 29.88623413, 93.84322159,   3.9
194, 182, 29.88683907, 93.82947726,   3.8
195, 182, 29.88745985, 93.81552372,   3.7
196, 182, 29.88809652, 93.80135803,   3.6
197, 182, 29.88874916, 93.78697726,   3.6
198, 182, 29.88941782, 93.77237839,   3.9
199, 182, 29.89010257, 93.75755838,   3.7
200, 182, 29.89080348, 93.74251413,   4.0
201, 182, 29.89152062, 93.72724250,   4.2
202, 182, 29.89225406, 93.71174030,   4.2
203, 182, 29.89300387, 93.69600430,   4.2
204, 182, 29.89377012, 93.68003121,   4.2
205, 182, 29.89455288, 93.66381769,   4.2
206, 182, 29.89535224, 93.64736036,   4.3
207, 182, 29.89616826, 93.63065578,   4.6
208, 182, 29.89700101, 93.61370046,   4.5
209, 182, 29.89785059, 93.59649086,   4.5
210, 182, 29.89871705, 93.57902339,   4.5
211, 182, 29.89960049, 93.56129439,   4.5
212, 182, 29.90050097, 93.54330017,   4.4
213, 182, 29.90141859, 93.52503697,   4.3
214, 182, 29.90235340, 93.50650096,   4.1
215, 182, 29.90330550, 93.48768829,   4.2
216, 182, 29.90427497, 93.46859501,   4.5
217, 182, 29.90526188, 93.44921715,   4.8
218, 182, 29.90626631, 93.42955064,   4.9
219, 182, 29.90728835, 93.40959139,   5.0
220, 182, 29.90832806, 93.38933522,   3.9
221, 182, 29.90938554, 93.36877791,   5.5
222, 182, 29.91046086, 93.34791515,   5.5
223, 182, 29.91155409, 93.32674259,   4.5
224, 182, 29.91266532, 93.30525580,   4.4
225, 182, 29.91379462, 93.28345030,   4.3
226, 182, 29.91494208, 93.26132152,   4.2
227, 182, 29.91610775, 93.23886485,   4.1
228, 182, 29.91729173, 93.21607559,   4.6
229, 182, 29.91849407, 93.19294898,   4.6
230, 182, 29.91971487, 93.16948019,   4.5
231, 182, 29.92095417, 93.14566430,   3.9
232, 182, 29.92221206, 93.12149636,   3.8
233, 182, 29.92348860, 93.09697130,   3.8
234, 182, 29.92478386, 93.07208400,   4.5
235, 182, 29.92609790, 93.04682925,   4.5
236, 182, 29.92743078, 93.02120179,   3.9
237, 182, 29.92878256, 92.99519625,   3.4
238, 182, 29.93015330, 92.96880720,   3.2
239, 182, 29.93154305, 92.94202913,   3.1
240, 182, 29.93295186, 92.91485643,   3.0
241, 182, 29.93437979, 92.88728343,  99.9
  1, 183, 30.13080608, 94.40792641,  99.9
  2, 183, 30.12621967, 94.41228646,  99.9
  3, 183, 30.12170085, 94.41655820,  99.9
  4, 183, 30.11724869, 94.42074256,  99.9
  5, 183, 30.11286229, 94.42484042,  99.9
  6, 183, 30.10854072, 94.42885265,  99.9
  7, 183, 30.10428311, 94.43278011,  99.9
  8, 183, 30.10008857, 94.43662363,  99.9
  9, 183, 30.09595624, 94.44038404,  99.9
 10, 183, 30.09188527, 94.44406212,  99.9
 11, 183, 30.08787481, 94.44765867,  99.9
 12, 183, 30.08392404, 94.45117445,  99.9
 13, 183, 30.08003214, 94.45461020,  99.9
 14, 183, 30.07619831, 94.45796665,  99.9
 15, 183, 30.07242176, 94.46124453,  99.9
 16, 183, 30.06870170, 94.46444452,  99.9
 17, 183, 30.06503738, 94.46756730,  99.9
 18, 183, 30.06142802, 94.47061354,  99.9
 19, 183, 30.05787289, 94.47358389,  99.9
 20, 183, 30.05437126, 94.47647897,  99.9
 21, 183, 30.05092239, 94.47929941,  99.9
 22, 183, 30.04752558, 94.48204580,  99.9
 23, 183, 30.04418012, 94.48471872,  99.9
 24, 183, 30.04088532, 94.48731874,  99.9
 25, 183, 30.03764050, 94.48984641,  99.9
 26, 183, 30.03444499, 94.49230228,  99.9
 27, 183, 30.03129814, 94.49468685,  99.9
 28, 183, 30.02819928, 94.49700065,  99.9
 29, 183, 30.02514777, 94.49924416,  99.9
 30, 183, 30.02214299, 94.50141785,  99.9
 31, 183, 30.01918432, 94.50352219,  99.9
 32, 183, 30.01627113, 94.50555762,  99.9
 33, 183, 30.01340284, 94.50752458,  99.9
 34, 183, 30.01057884, 94.50942348,  99.9
 35, 183, 30.00779855, 94.51125474,  99.9
 36, 183, 30.00506139, 94.51301873,  99.9
 37, 183, 30.00236680, 94.51471583,  99.9
 38, 183, 29.99971422, 94.51634640,  99.9
 39, 183, 29.99710311, 94.51791080,  99.9
 40, 183, 29.99453291, 94.51940934,  99.9
 41, 183, 29.99200309, 94.52084236,  99.9
 42, 183, 29.98951314, 94.52221015,  99.9
 43, 183, 29.98706254, 94.52351301,  99.9
 44, 183, 29.98465077, 94.52475121,  99.9
 45, 183, 29.98227734, 94.52592502,  99.9
 46, 183, 29.97994176, 94.52703469,  99.9
 47, 183, 29.97764354, 94.52808045,  99.9
 48, 183, 29.97538220, 94.52906253,  99.9
 49, 183, 29.97315728, 94.52998114,  99.9
 50, 183, 29.97096832, 94.53083647,  99.9
 51, 183, 29.96881485, 94.53162871,  99.9
 52, 183, 29.96669644, 94.53235803,  99.9
 53, 183, 29.96461264, 94.53302457,  99.9
 54, 183, 29.96256303, 94.53362850,  99.9
 55, 183, 29.96054716, 94.53416993,  99.9
 56, 183, 29.95856464, 94.53464898,  99.9
 57, 183, 29.95661504, 94.53506577,  99.9
 58, 183, 29.95469796, 94.53542037,  99.9
 59, 183, 29.95281300, 94.53571286,  99.9
 60, 183, 29.95095976, 94.53594332,  99.9
 61, 183, 29.94913788, 94.53611179,  99.9
 62, 183, 29.94734696, 94.53621830,  99.9
 63, 183, 29.94558663, 94.53626290,  99.9
 64, 183, 29.94385652, 94.53624558,  99.9
 65, 183, 29.94215629, 94.53616636,  99.9
 66, 183, 29.94048557, 94.53602520,  99.9
 67, 183, 29.93884401, 94.53582210,  99.9
 68, 183, 29.93723127, 94.53555700,  99.9
 69, 183, 29.93564702, 94.53522986,  99.9
 70, 183, 29.93409093, 94.53484062,  99.9
 71, 183, 29.93256267, 94.53438918,  99.9
 72, 183, 29.93106193, 94.53387547,  99.9
 73, 183, 29.92958838, 94.53329937,  99.9
 74, 183, 29.92814173, 94.53266078,  99.9
 75, 183, 29.92672167, 94.53195955,  99.9
 76, 183, 29.92532791, 94.53119554,  99.9
 77, 183, 29.92396015, 94.53036861,  99.9
 78, 183, 29.92261811, 94.52947857,  99.9
 79, 183, 29.92130150, 94.52852525,  99.9
 80, 183, 29.92001006, 94.52750844,  99.9
 81, 183, 29.91874351, 94.52642794,  99.9
 82, 183, 29.91750159, 94.52528353,  99.9
 83, 183, 29.91628403, 94.52407496,  99.9
 84, 183, 29.91509059, 94.52280199,  99.9
 85, 183, 29.91392101, 94.52146436,  99.9
 86, 183, 29.91277504, 94.52006178,  99.9
 87, 183, 29.91165245, 94.51859397,  99.9
 88, 183, 29.91055300, 94.51706062,  99.9
 89, 183, 29.90947646, 94.51546142,  99.9
 90, 183, 29.90842260, 94.51379603,  99.9
 91, 183, 29.90739120, 94.51206411,  99.9
 92, 183, 29.90638205, 94.51026529,  99.9
 93, 183, 29.90539493, 94.50839921,  99.9
 94, 183, 29.90442962, 94.50646547,  99.9
 95, 183, 29.90348594, 94.50446368,  99.9
 96, 183, 29.90256368, 94.50239342,  99.9
 97, 183, 29.90166264, 94.50025426,  99.9
 98, 183, 29.90078264, 94.49804575,  99.9
 99, 183, 29.89992348, 94.49576744,  99.9
100, 183, 29.89908499, 94.49341884,  99.9
101, 183, 29.89826698, 94.49099948,  99.9
102, 183, 29.89746928, 94.48850885,  99.9
103, 183, 29.89669173, 94.48594643,  99.9
104, 183, 29.89593415, 94.48331169,  99.9
105, 183, 29.89519639, 94.48060408,  99.9
106, 183, 29.89447828, 94.47782304,  99.9
107, 183, 29.89377968, 94.47496798,  99.9
108, 183, 29.89310042, 94.47203832,  99.9
109, 183, 29.89244038, 94.46903344,  99.9
110, 183, 29.89179939, 94.46595272,  99.9
111, 183, 29.89117733, 94.46279552,  99.9
112, 183, 29.89057406, 94.45956117,  99.9
113, 183, 29.88998945, 94.45624902,  99.9
114, 183, 29.88942337, 94.45285836,  99.9
115, 183, 29.88887570, 94.44938848,  99.9
116, 183, 29.88834631, 94.44583868,  99.9
117, 183, 29.88783509, 94.44220821,  99.9
118, 183, 29.88734193, 94.43849631,  99.9
119, 183, 29.88686672, 94.43470220,  99.9
120, 183, 29.88640935, 94.43082511,  99.9
121, 183, 29.88596972, 94.42686422,  99.9
122, 183, 29.88554772, 94.42281870,  99.9
123, 183, 29.88514328, 94.41868772,  99.9
124, 183, 29.88475628, 94.41447040,  99.9
125, 183, 29.88438665, 94.41016588,  99.9
126, 183, 29.88403430, 94.40577326,  99.9
127, 183, 29.88369914, 94.40129162,  99.9
128, 183, 29.88338110, 94.39672003,  99.9
129, 183, 29.88308011, 94.39205753,  99.9
130, 183, 29.88279608, 94.38730315,  99.9
131, 183, 29.88252895, 94.38245590,  99.9
132, 183, 29.88227865, 94.37751478,  99.9
133, 183, 29.88204513, 94.37247874,  99.9
134, 183, 29.88182832, 94.36734675,  99.9
135, 183, 29.88162817, 94.36211773,  99.9
136, 183, 29.88144462, 94.35679059,  99.9
137, 183, 29.88127762, 94.35136422,  99.9
138, 183, 29.88112713, 94.34583749,  99.9
139, 183, 29.88099310, 94.34020925,  99.9
140, 183, 29.88087550, 94.33447832,  99.9
141, 183, 29.88077427, 94.32864352,  99.9
142, 183, 29.88068939, 94.32270361,  99.9
143, 183, 29.88062083, 94.31665737,  99.9
144, 183, 29.88056856, 94.31050353,  99.9
145, 183, 29.88053255, 94.30424081,  99.9
146, 183, 29.88051278, 94.29786790,  99.9
147, 183, 29.88050922, 94.29138348,  99.9
148, 183, 29.88052187, 94.28478619,  99.9
149, 183, 29.88055071, 94.27807465,  99.9
150, 183, 29.88059572, 94.27124747,  99.9
151, 183, 29.88065689, 94.26430322,  99.9
152, 183, 29.88073423, 94.25724046,   0.3
153, 183, 29.88082773, 94.25005771,  99.9
154, 183, 29.88093739, 94.24275346,  99.9
155, 183, 29.88106320, 94.23532621,  99.9
156, 183, 29.88120518, 94.22777440,  99.9
157, 183, 29.88136334, 94.22009644,  99.9
158, 183, 29.88153768, 94.21229075,  99.9
159, 183, 29.88172822, 94.20435570,  99.9
160, 183, 29.88193497, 94.19628962,  99.9
161, 183, 29.88215796, 94.18809083,  99.9
162, 183, 29.88239721, 94.17975762,  99.9
163, 183, 29.88265273, 94.17128826,  99.9
164, 183, 29.88292456, 94.16268098,  99.9
165, 183, 29.88321273, 94.15393398,  99.9
166, 183, 29.88351726, 94.14504543,  99.9
167, 183, 29.88383820, 94.13601349,  99.9
168, 183, 29.88417558, 94.12683626,  99.9
169, 183, 29.88452944, 94.11751182,  99.9
170, 183, 29.88489982, 94.10803825,  99.9
171, 183, 29.88528677, 94.09841355,  99.9
172, 183, 29.88569033, 94.08863571,   3.4
173, 183, 29.88611056, 94.07870270,   3.4
174, 183, 29.88654751, 94.06861245,   3.5
175, 183, 29.88700122, 94.05836284,   3.5
176, 183, 29.88747177, 94.04795173,   4.0
177, 183, 29.88795920, 94.03737696,  99.9
178, 183, 29.88846359, 94.02663631,  99.9
179, 183, 29.88898499, 94.01572755,  99.9
180, 183, 29.88952347, 94.00464839,  99.9
181, 183, 29.89007910, 93.99339652,  99.9
182, 183, 29.89065196, 93.98196960,  99.9
183, 183, 29.89124211, 93.97036522,  99.9
184, 183, 29.89184963, 93.95858098,  99.9
185, 183, 29.89247460, 93.94661441,  99.9
186, 183, 29.89311710, 93.93446302,  99.9
187, 183, 29.89377721, 93.92212425,  99.9
188, 183, 29.89445502, 93.90959555,   5.0
189, 183, 29.89515061, 93.89687428,   4.8
190, 183, 29.89586408, 93.88395780,   4.3
191, 183, 29.89659551, 93.87084340,   4.1
192, 183, 29.89734499, 93.85752834,   4.0
193, 183, 29.89811263, 93.84400985,   3.8
194, 183, 29.89889852, 93.83028510,   3.7
195, 183, 29.89970275, 93.81635121,   3.7
196, 183, 29.90052543, 93.80220529,   3.6
197, 183, 29.90136667, 93.78784438,   3.6
198, 183, 29.90222656, 93.77326546,   3.8
199, 183, 29.90310521, 93.75846551,   3.5
200, 183, 29.90400273, 93.74344142,   3.7
201, 183, 29.90491923, 93.72819005,   3.9
202, 183, 29.90585482, 93.71270822,   3.9
203, 183, 29.90680962, 93.69699270,   3.9
204, 183, 29.90778374, 93.68104019,   3.8
205, 183, 29.90877730, 93.66484737,   3.8
206, 183, 29.90979041, 93.64841084,   3.9
207, 183, 29.91082319, 93.63172718,   4.2
208, 183, 29.91187577, 93.61479289,   4.2
209, 183, 29.91294827, 93.59760444,   4.2
210, 183, 29.91404081, 93.58015823,   4.0
211, 183, 29.91515351, 93.56245062,   4.0
212, 183, 29.91628650, 93.54447789,   4.0
213, 183, 29.91743991, 93.52623631,   3.9
214, 183, 29.91861386, 93.50772204,   3.8
215, 183, 29.91980849, 93.48893122,   3.6
216, 183, 29.92102393, 93.46985993,   3.5
217, 183, 29.92226030, 93.45050416,   3.3
218, 183, 29.92351774, 93.43085988,   3.2
219, 183, 29.92479637, 93.41092297,   3.2
220, 183, 29.92609634, 93.39068928,   3.1
221, 183, 29.92741777, 93.37015455,   4.6
222, 183, 29.92876081, 93.34931451,   3.3
223, 183, 29.93012557, 93.32816478,   3.3
224, 183, 29.93151221, 93.30670095,   4.3
225, 183, 29.93292084, 93.28491853,   4.2
226, 183, 29.93435161, 93.26281296,   4.2
227, 183, 29.93580466, 93.24037961,   4.1
228, 183, 29.93728010, 93.21761379,   4.3
229, 183, 29.93877809, 93.19451074,   4.1
230, 183, 29.94029875, 93.17106563,   3.9
231, 183, 29.94184222, 93.14727355,   3.9
232, 183, 29.94340863, 93.12312952,   3.8
233, 183, 29.94499810, 93.09862849,   3.8
234, 183, 29.94661078, 93.07376533,   4.5
235, 183, 29.94824679, 93.04853484,   4.5
236, 183, 29.94990625, 93.02293174,   4.0
237, 183, 29.95158931, 92.99695067,   3.4
238, 183, 29.95329607, 92.97058619,   3.3
239, 183, 29.95502667, 92.94383280,   3.3
240, 183, 29.95678123, 92.91668488,   3.0
241, 183, 29.95855987, 92.88913675,  99.9
  1, 184, 30.12694290, 94.40265603,  99.9
  2, 184, 30.12243394, 94.40709415,  99.9
  3, 184, 30.11799178, 94.41144290,  99.9
  4, 184, 30.11361551, 94.41570319,  99.9
  5, 184, 30.10930422, 94.41987593,  99.9
  6, 184, 30.10505703, 94.42396202,  99.9
  7, 184, 30.10087306, 94.42796231,  99.9
  8, 184, 30.09675144, 94.43187766,  99.9
  9, 184, 30.09269133, 94.43570891,  99.9
 10, 184, 30.08869189, 94.43945686,  99.9
 11, 184, 30.08475230, 94.44312232,  99.9
 12, 184, 30.08087173, 94.44670606,  99.9
 13, 184, 30.07704940, 94.45020885,  99.9
 14, 184, 30.07328451, 94.45363142,  99.9
 15, 184, 30.06957629, 94.45697451,  99.9
 16, 184, 30.06592396, 94.46023883,  99.9
 17, 184, 30.06232678, 94.46342507,  99.9
 18, 184, 30.05878400, 94.46653390,  99.9
 19, 184, 30.05529490, 94.46956598,  99.9
 20, 184, 30.05185874, 94.47252197,  99.9
 21, 184, 30.04847482, 94.47540249,  99.9
 22, 184, 30.04514245, 94.47820814,  99.9
 23, 184, 30.04186093, 94.48093953,  99.9
 24, 184, 30.03862958, 94.48359723,  99.9
 25, 184, 30.03544775, 94.48618181,  99.9
 26, 184, 30.03231476, 94.48869382,  99.9
 27, 184, 30.02922997, 94.49113379,  99.9
 28, 184, 30.02619274, 94.49350224,  99.9
 29, 184, 30.02320245, 94.49579967,  99.9
 30, 184, 30.02025848, 94.49802656,  99.9
 31, 184, 30.01736022, 94.50018340,  99.9
 32, 184, 30.01450706, 94.50227064,  99.9
 33, 184, 30.01169843, 94.50428872,  99.9
 34, 184, 30.00893373, 94.50623807,  99.9
 35, 184, 30.00621239, 94.50811910,  99.9
 36, 184, 30.00353386, 94.50993222,  99.9
 37, 184, 30.00089757, 94.51167780,  99.9
 38, 184, 29.99830298, 94.51335623,  99.9
 39, 184, 29.99574956, 94.51496785,  99.9
 40, 184, 29.99323677, 94.51651301,  99.9
 41, 184, 29.99076410, 94.51799204,  99.9
 42, 184, 29.98833103, 94.51940525,  99.9
 43, 184, 29.98593706, 94.52075294,  99.9
 44, 184, 29.98358168, 94.52203540,  99.9
 45, 184, 29.98126443, 94.52325290,  99.9
 46, 184, 29.97898480, 94.52440570,  99.9
 47, 184, 29.97674234, 94.52549405,  99.9
 48, 184, 29.97453657, 94.52651818,  99.9
 49, 184, 29.97236704, 94.52747830,  99.9
 50, 184, 29.97023330, 94.52837462,  99.9
 51, 184, 29.96813491, 94.52920734,  99.9
 52, 184, 29.96607142, 94.52997663,  99.9
 53, 184, 29.96404242, 94.53068266,  99.9
 54, 184, 29.96204747, 94.53132557,  99.9
 55, 184, 29.96008618, 94.53190551,  99.9
 56, 184, 29.95815812, 94.53242260,  99.9
 57, 184, 29.95626290, 94.53287696,  99.9
 58, 184, 29.95440013, 94.53326867,  99.9
 59, 184, 29.95256941, 94.53359783,  99.9
 60, 184, 29.95077038, 94.53386451,  99.9
 61, 184, 29.94900264, 94.53406877,  99.9
 62, 184, 29.94726584, 94.53421065,  99.9
 63, 184, 29.94555962, 94.53429019,  99.9
 64, 184, 29.94388362, 94.53430740,  99.9
 65, 184, 29.94223749, 94.53426230,  99.9
 66, 184, 29.94062088, 94.53415488,  99.9
 67, 184, 29.93903347, 94.53398511,  99.9
 68, 184, 29.93747492, 94.53375297,  99.9
 69, 184, 29.93594491, 94.53345840,  99.9
 70, 184, 29.93444312, 94.53310136,  99.9
 71, 184, 29.93296923, 94.53268177,  99.9
 72, 184, 29.93152294, 94.53219954,  99.9
 73, 184, 29.93010394, 94.53165457,  99.9
 74, 184, 29.92871195, 94.53104676,  99.9
 75, 184, 29.92734667, 94.53037598,  99.9
 76, 184, 29.92600781, 94.52964210,  99.9
 77, 184, 29.92469509, 94.52884495,  99.9
 78, 184, 29.92340825, 94.52798439,  99.9
 79, 184, 29.92214701, 94.52706022,  99.9
 80, 184, 29.92091110, 94.52607226,  99.9
 81, 184, 29.91970028, 94.52502032,  99.9
 82, 184, 29.91851428, 94.52390415,  99.9
 83, 184, 29.91735286, 94.52272355,  99.9
 84, 184, 29.91621577, 94.52147826,  99.9
 85, 184, 29.91510278, 94.52016803,  99.9
 86, 184, 29.91401365, 94.51879258,  99.9
 87, 184, 29.91294816, 94.51735163,  99.9
 88, 184, 29.91190607, 94.51584488,  99.9
 89, 184, 29.91088718, 94.51427202,  99.9
 90, 184, 29.90989126, 94.51263272,  99.9
 91, 184, 29.90891810, 94.51092664,  99.9
 92, 184, 29.90796751, 94.50915343,  99.9
 93, 184, 29.90703928, 94.50731271,  99.9
 94, 184, 29.90613322, 94.50540412,  99.9
 95, 184, 29.90524913, 94.50342724,  99.9
 96, 184, 29.90438682, 94.50138167,  99.9
 97, 184, 29.90354612, 94.49926699,  99.9
 98, 184, 29.90272685, 94.49708275,  99.9
 99, 184, 29.90192882, 94.49482850,  99.9
100, 184, 29.90115188, 94.49250377,  99.9
101, 184, 29.90039586, 94.49010808,  99.9
102, 184, 29.89966059, 94.48764092,  99.9
103, 184, 29.89894592, 94.48510180,  99.9
104, 184, 29.89825169, 94.48249017,  99.9
105, 184, 29.89757776, 94.47980549,  99.9
106, 184, 29.89692399, 94.47704721,  99.9
107, 184, 29.89629022, 94.47421475,  99.9
108, 184, 29.89567633, 94.47130752,  99.9
109, 184, 29.89508218, 94.46832491,  99.9
110, 184, 29.89450765, 94.46526631,  99.9
111, 184, 29.89395261, 94.46213108,  99.9
112, 184, 29.89341693, 94.45891856,  99.9
113, 184, 29.89290050, 94.45562809,  99.9
114, 184, 29.89240321, 94.45225898,  99.9
115, 184, 29.89192495, 94.44881053,  99.9
116, 184, 29.89146561, 94.44528201,  99.9
117, 184, 29.89102509, 94.44167270,  99.9
118, 184, 29.89060329, 94.43798185,  99.9
119, 184, 29.89020012, 94.43420868,  99.9
120, 184, 29.88981548, 94.43035240,  99.9
121, 184, 29.88944930, 94.42641222,  99.9
122, 184, 29.88910148, 94.42238731,  99.9
123, 184, 29.88877194, 94.41827684,  99.9
124, 184, 29.88846061, 94.41407994,  99.9
125, 184, 29.88816742, 94.40979574,  99.9
126, 184, 29.88789230, 94.40542336,  99.9
127, 184, 29.88763517, 94.40096187,  99.9
128, 184, 29.88739598, 94.39641035,  99.9
129, 184, 29.88717467, 94.39176785,  99.9
130, 184, 29.88697119, 94.38703340,  99.9
131, 184, 29.88678547, 94.38220601,  99.9
132, 184, 29.88661747, 94.37728468,  99.9
133, 184, 29.88646715, 94.37226838,  99.9
134, 184, 29.88633447, 94.36715607,  99.9
135, 184, 29.88621938, 94.36194667,  99.9
136, 184, 29.88612185, 94.35663911,  99.9
137, 184, 29.88604185, 94.35123227,  99.9
138, 184, 29.88597934, 94.34572503,  99.9
139, 184, 29.88593431, 94.34011624,  99.9
140, 184, 29.88590673, 94.33440473,  99.9
141, 184, 29.88589658, 94.32858931,  99.9
142, 184, 29.88590385, 94.32266876,  99.9
143, 184, 29.88592852, 94.31664185,  99.9
144, 184, 29.88597058, 94.31050733,  99.9
145, 184, 29.88603004, 94.30426390,  99.9
146, 184, 29.88610687, 94.29791028,  99.9
147, 184, 29.88620109, 94.29144513,  99.9
148, 184, 29.88631270, 94.28486711,  99.9
149, 184, 29.88644171, 94.27817484,  99.9
150, 184, 29.88658811, 94.27136693,  99.9
151, 184, 29.88675193, 94.26444195,  99.9
152, 184, 29.88693319, 94.25739846,   0.3
153, 184, 29.88713189, 94.25023500,  99.9
154, 184, 29.88734807, 94.24295006,  99.9
155, 184, 29.88758174, 94.23554213,  99.9
156, 184, 29.88783294, 94.22800965,  99.9
157, 184, 29.88810169, 94.22035106,  99.9
158, 184, 29.88838803, 94.21256477,  99.9
159, 184, 29.88869200, 94.20464913,  99.9
160, 184, 29.88901364, 94.19660251,  99.9
161, 184, 29.88935299, 94.18842322,  99.9
162, 184, 29.88971009, 94.18010955,  99.9
163, 184, 29.89008499, 94.17165977,  99.9
164, 184, 29.89047775, 94.16307211,  99.9
165, 184, 29.89088842, 94.15434478,  99.9
166, 184, 29.89131707, 94.14547597,  99.9
167, 184, 29.89176373, 94.13646381,  99.9
168, 184, 29.89222850, 94.12730642,  99.9
169, 184, 29.89271142, 94.11800190,  99.9
170, 184, 29.89321257, 94.10854829,  99.9
171, 184, 29.89373202, 94.09894363,  99.9
172, 184, 29.89426984, 94.08918591,  99.9
173, 184, 29.89482612, 94.07927310,   3.5
174, 184, 29.89540093, 94.06920311,   3.4
175, 184, 29.89599436, 94.05897385,   3.5
176, 184, 29.89660649, 94.04858318,  99.9
177, 184, 29.89723742, 94.03802893,  99.9
178, 184, 29.89788723, 94.02730889,  99.9
179, 184, 29.89855602, 94.01642083,  99.9
180, 184, 29.89924389, 94.00536247,  99.9
181, 184, 29.89995094, 93.99413150,  99.9
182, 184, 29.90067726, 93.98272558,  99.9
183, 184, 29.90142297, 93.97114231,  99.9
184, 184, 29.90218818, 93.95937928,  99.9
185, 184, 29.90297299, 93.94743404,  99.9
186, 184, 29.90377752, 93.93530408,  99.9
187, 184, 29.90460188, 93.92298687,  99.9
188, 184, 29.90544620, 93.91047983,  99.9
189, 184, 29.90631060, 93.89778036,   4.7
190, 184, 29.90719519, 93.88488579,   4.6
191, 184, 29.90810011, 93.87179343,   4.0
192, 184, 29.90902549, 93.85850055,   3.9
193, 184, 29.90997145, 93.84500436,   3.8
194, 184, 29.91093814, 93.83130205,   3.7
195, 184, 29.91192568, 93.81739074,   3.6
196, 184, 29.91293422, 93.80326754,   3.6
197, 184, 29.91396390, 93.78892948,   3.5
198, 184, 29.91501486, 93.77437357,   3.5
199, 184, 29.91608726, 93.75959676,   3.5
200, 184, 29.91718123, 93.74459597,   3.6
201, 184, 29.91829692, 93.72936806,   3.6
202, 184, 29.91943450, 93.71390983,   3.6
203, 184, 29.92059412, 93.69821807,   3.6
204, 184, 29.92177594, 93.68228948,   3.6
205, 184, 29.92298010, 93.66612073,   3.6
206, 184, 29.92420679, 93.64970845,   3.6
207, 184, 29.92545615, 93.63304919,   3.5
208, 184, 29.92672836, 93.61613948,   3.4
209, 184, 29.92802359, 93.59897577,   3.3
210, 184, 29.92934200, 93.58155447,   3.3
211, 184, 29.93068377, 93.56387194,   3.8
212, 184, 29.93204907, 93.54592447,   3.8
213, 184, 29.93343807, 93.52770832,   3.7
214, 184, 29.93485095, 93.50921966,   3.7
215, 184, 29.93628790, 93.49045463,   3.4
216, 184, 29.93774909, 93.47140930,   3.2
217, 184, 29.93923471, 93.45207968,   3.2
218, 184, 29.94074493, 93.43246173,   3.1
219, 184, 29.94227994, 93.41255134,   3.1
220, 184, 29.94383993, 93.39234434,   3.1
221, 184, 29.94542509, 93.37183650,   3.3
222, 184, 29.94703561, 93.35102353,   3.3
223, 184, 29.94867167, 93.32990106,   3.3
224, 184, 29.95033347, 93.30846468,   4.2
225, 184, 29.95202119, 93.28670990,   4.2
226, 184, 29.95373504, 93.26463215,   4.2
227, 184, 29.95547520, 93.24222682,   4.1
228, 184, 29.95724187, 93.21948921,   4.0
229, 184, 29.95903524, 93.19641456,   4.0
230, 184, 29.96085551, 93.17299803,   3.9
231, 184, 29.96270288, 93.14923473,   3.9
232, 184, 29.96457754, 93.12511966,   3.8
233, 184, 29.96647968, 93.10064779,   3.8
234, 184, 29.96840950, 93.07581398,   4.5
235, 184, 29.97036721, 93.05061302,   4.4
236, 184, 29.97235298, 93.02503964,   4.2
237, 184, 29.97436703, 92.99908848,   3.5
238, 184, 29.97640954, 92.97275410,   3.4
239, 184, 29.97848071, 92.94603097,   3.4
240, 184, 29.98058073, 92.91891351,   3.4
241, 184, 29.98270979, 92.89139602,  99.9
  1, 185, 30.12301161, 94.39747597,  99.9
  2, 185, 30.11858106, 94.40199123,  99.9
  3, 185, 30.11421649, 94.40641604,  99.9
  4, 185, 30.10991702, 94.41075136,  99.9
  5, 185, 30.10568175, 94.41499810,  99.9
  6, 185, 30.10150981, 94.41915717,  99.9
  7, 185, 30.09740035, 94.42322945,  99.9
  8, 185, 30.09335252, 94.42721580,  99.9
  9, 185, 30.08936548, 94.43111707,  99.9
 10, 185, 30.08543841, 94.43493410,  99.9
 11, 185, 30.08157050, 94.43866769,  99.9
 12, 185, 30.07776095, 94.44231863,  99.9
 13, 185, 30.07400898, 94.44588771,  99.9
 14, 185, 30.07031382, 94.44937568,  99.9
 15, 185, 30.06667469, 94.45278327,  99.9
 16, 185, 30.06309086, 94.45611122,  99.9
 17, 185, 30.05956158, 94.45936023,  99.9
 18, 185, 30.05608612, 94.46253099,  99.9
 19, 185, 30.05266376, 94.46562418,  99.9
 20, 185, 30.04929380, 94.46864044,  99.9
 21, 185, 30.04597554, 94.47158042,  99.9
 22, 185, 30.04270830, 94.47444475,  99.9
 23, 185, 30.03949141, 94.47723403,  99.9
 24, 185, 30.03632419, 94.47994885,  99.9
 25, 185, 30.03320599, 94.48258979,  99.9
 26, 185, 30.03013617, 94.48515740,  99.9
 27, 185, 30.02711410, 94.48765225,  99.9
 28, 185, 30.02413914, 94.49007484,  99.9
 29, 185, 30.02121069, 94.49242571,  99.9
 30, 185, 30.01832814, 94.49470534,  99.9
 31, 185, 30.01549089, 94.49691421,  99.9
 32, 185, 30.01269836, 94.49905281,  99.9
 33, 185, 30.00994997, 94.50112158,  99.9
 34, 185, 30.00724514, 94.50312096,  99.9
 35, 185, 30.00458333, 94.50505138,  99.9
 36, 185, 30.00196398, 94.50691324,  99.9
 37, 185, 29.99938654, 94.50870694,  99.9
 38, 185, 29.99685049, 94.51043286,  99.9
 39, 185, 29.99435530, 94.51209136,  99.9
 40, 185, 29.99190045, 94.51368281,  99.9
 41, 185, 29.98948543, 94.51520754,  99.9
 42, 185, 29.98710975, 94.51666586,  99.9
 43, 185, 29.98477290, 94.51805810,  99.9
 44, 185, 29.98247442, 94.51938454,  99.9
 45, 185, 29.98021382, 94.52064547,  99.9
 46, 185, 29.97799063, 94.52184116,  99.9
 47, 185, 29.97580439, 94.52297187,  99.9
 48, 185, 29.97365465, 94.52403782,  99.9
 49, 185, 29.97154096, 94.52503925,  99.9
 50, 185, 29.96946289, 94.52597638,  99.9
 51, 185, 29.96742000, 94.52684940,  99.9
 52, 185, 29.96541187, 94.52765850,  99.9
 53, 185, 29.96343809, 94.52840385,  99.9
 54, 185, 29.96149823, 94.52908562,  99.9
 55, 185, 29.95959191, 94.52970394,  99.9
 56, 185, 29.95771873, 94.53025896,  99.9
 57, 185, 29.95587829, 94.53075079,  99.9
 58, 185, 29.95407021, 94.53117953,  99.9
 59, 185, 29.95229412, 94.53154528,  99.9
 60, 185, 29.95054965, 94.53184813,  99.9
 61, 185, 29.94883644, 94.53208813,  99.9
 62, 185, 29.94715413, 94.53226534,  99.9
 63, 185, 29.94550237, 94.53237980,  99.9
 64, 185, 29.94388081, 94.53243154,  99.9
 65, 185, 29.94228913, 94.53242057,  99.9
 66, 185, 29.94072698, 94.53234689,  99.9
 67, 185, 29.93919405, 94.53221049,  99.9
 68, 185, 29.93769001, 94.53201135,  99.9
 69, 185, 29.93621456, 94.53174942,  99.9
 70, 185, 29.93476738, 94.53142465,  99.9
 71, 185, 29.93334817, 94.53103698,  99.9
 72, 185, 29.93195663, 94.53058633,  99.9
 73, 185, 29.93059248, 94.53007261,  99.9
 74, 185, 29.92925544, 94.52949572,  99.9
 75, 185, 29.92794521, 94.52885552,  99.9
 76, 185, 29.92666154, 94.52815190,  99.9
 77, 185, 29.92540414, 94.52738472,  99.9
 78, 185, 29.92417276, 94.52655380,  99.9
 79, 185, 29.92296715, 94.52565898,  99.9
 80, 185, 29.92178704, 94.52470008,  99.9
 81, 185, 29.92063220, 94.52367690,  99.9
 82, 185, 29.91950237, 94.52258922,  99.9
 83, 185, 29.91839733, 94.52143683,  99.9
 84, 185, 29.91731683, 94.52021947,  99.9
 85, 185, 29.91626067, 94.51893691,  99.9
 86, 185, 29.91522860, 94.51758887,  99.9
 87, 185, 29.91422043, 94.51617508,  99.9
 88, 185, 29.91323592, 94.51469524,  99.9
 89, 185, 29.91227489, 94.51314905,  99.9
 90, 185, 29.91133712, 94.51153618,  99.9
 91, 185, 29.91042241, 94.50985630,  99.9
 92, 185, 29.90953059, 94.50810906,  99.9
 93, 185, 29.90866144, 94.50629410,  99.9
 94, 185, 29.90781480, 94.50441104,  99.9
 95, 185, 29.90699049, 94.50245949,  99.9
 96, 185, 29.90618832, 94.50043904,  99.9
 97, 185, 29.90540814, 94.49834927,  99.9
 98, 185, 29.90464976, 94.49618976,  99.9
 99, 185, 29.90391304, 94.49396004,  99.9
100, 185, 29.90319781, 94.49165966,  99.9
101, 185, 29.90250393, 94.48928813,  99.9
102, 185, 29.90183124, 94.48684497,  99.9
103, 185, 29.90117960, 94.48432966,  99.9
104, 185, 29.90054888, 94.48174169,  99.9
105, 185, 29.89993892, 94.47908050,  99.9
106, 185, 29.89934962, 94.47634556,  99.9
107, 185, 29.89878082, 94.47353628,  99.9
108, 185, 29.89823243, 94.47065209,  99.9
109, 185, 29.89770431, 94.46769238,  99.9
110, 185, 29.89719634, 94.46465654,  99.9
111, 185, 29.89670843, 94.46154393,  99.9
112, 185, 29.89624046, 94.45835391,  99.9
113, 185, 29.89579232, 94.45508580,  99.9
114, 185, 29.89536393, 94.45173894,  99.9
115, 185, 29.89495518, 94.44831262,  99.9
116, 185, 29.89456599, 94.44480613,  99.9
117, 185, 29.89419626, 94.44121874,  99.9
118, 185, 29.89384591, 94.43754970,  99.9
119, 185, 29.89351487, 94.43379825,  99.9
120, 185, 29.89320305, 94.42996359,  99.9
121, 185, 29.89291039, 94.42604495,  99.9
122, 185, 29.89263682, 94.42204149,  99.9
123, 185, 29.89238226, 94.41795238,  99.9
124, 185, 29.89214667, 94.41377677,  99.9
125, 185, 29.89192998, 94.40951379,  99.9
126, 185, 29.89173215, 94.40516255,  99.9
127, 185, 29.89155311, 94.40072215,  99.9
128, 185, 29.89139282, 94.39619165,  99.9
129, 185, 29.89125125, 94.39157012,  99.9
130, 185, 29.89112835, 94.38685658,  99.9
131, 185, 29.89102408, 94.38205006,  99.9
132, 185, 29.89093843, 94.37714955,  99.9
133, 185, 29.89087134, 94.37215403,  99.9
134, 185, 29.89082281, 94.36706246,  99.9
135, 185, 29.89079281, 94.36187378,  99.9
136, 185, 29.89078133, 94.35658690,  99.9
137, 185, 29.89078834, 94.35120072,  99.9
138, 185, 29.89081384, 94.34571412,  99.9
139, 185, 29.89085782, 94.34012595,  99.9
140, 185, 29.89092028, 94.33443505,  99.9
141, 185, 29.89100121, 94.32864022,  99.9
142, 185, 29.89110063, 94.32274027,  99.9
143, 185, 29.89121853, 94.31673395,  99.9
144, 185, 29.89135493, 94.31062002,  99.9
145, 185, 29.89150983, 94.30439720,  99.9
146, 185, 29.89168327, 94.29806418,  99.9
147, 185, 29.89187525, 94.29161966,  99.9
148, 185, 29.89208580, 94.28506228,  99.9
149, 185, 29.89231495, 94.27839067,  99.9
150, 185, 29.89256273, 94.27160344,  99.9
151, 185, 29.89282917, 94.26469918,  99.9
152, 185, 29.89311430, 94.25767644,   0.4
153, 185, 29.89341818, 94.25053376,  99.9
154, 185, 29.89374084, 94.24326964,  99.9
155, 185, 29.89408233, 94.23588258,  99.9
156, 185, 29.89444269, 94.22837101,  99.9
157, 185, 29.89482200, 94.22073339,  99.9
158, 185, 29.89522029, 94.21296811,  99.9
159, 185, 29.89563763, 94.20507355,  99.9
160, 185, 29.89607409, 94.19704806,  99.9
161, 185, 29.89652973, 94.18888997,  99.9
162, 185, 29.89700462, 94.18059758,  99.9
163, 185, 29.89749884, 94.17216914,  99.9
164, 185, 29.89801246, 94.16360290,  99.9
165, 185, 29.89854556, 94.15489707,  99.9
166, 185, 29.89909822, 94.14604984,  99.9
167, 185, 29.89967054, 94.13705934,  99.9
168, 185, 29.90026260, 94.12792372,  99.9
169, 185, 29.90087449, 94.11864104,  99.9
170, 185, 29.90150631, 94.10920939,  99.9
171, 185, 29.90215816, 94.09962678,  99.9
172, 185, 29.90283015, 94.08989121,  99.9
173, 185, 29.90352237, 94.08000065,  99.9
174, 185, 29.90423494, 94.06995304,   3.4
175, 185, 29.90496797, 94.05974626,   3.4
176, 185, 29.90572158, 94.04937820,  99.9
177, 185, 29.90649588, 94.03884667,  99.9
178, 185, 29.90729099, 94.02814949,  99.9
179, 185, 29.90810705, 94.01728441,  99.9
180, 185, 29.90894417, 94.00624916,  99.9
181, 185, 29.90980250, 93.99504143,  99.9
182, 185, 29.91068216, 93.98365889,  99.9
183, 185, 29.91158329, 93.97209915,  99.9
184, 185, 29.91250604, 93.96035980,  99.9
185, 185, 29.91345054, 93.94843837,  99.9
186, 185, 29.91441695, 93.93633238,  99.9
187, 185, 29.91540541, 93.92403930,  99.9
188, 185, 29.91641608, 93.91155655,  99.9
189, 185, 29.91744912, 93.89888152,  99.9
190, 185, 29.91850467, 93.88601156,   4.5
191, 185, 29.91958291, 93.87294399,   4.3
192, 185, 29.92068401, 93.85967606,   3.7
193, 185, 29.92180812, 93.84620500,   3.7
194, 185, 29.92295542, 93.83252799,   3.6
195, 185, 29.92412609, 93.81864217,   3.6
196, 185, 29.92532030, 93.80454463,   3.6
197, 185, 29.92653824, 93.79023243,   3.5
198, 185, 29.92778008, 93.77570256,   3.5
199, 185, 29.92904601, 93.76095200,   3.5
200, 185, 29.93033622, 93.74597764,   3.5
201, 185, 29.93165091, 93.73077636,   3.5
202, 185, 29.93299027, 93.71534498,   3.5
203, 185, 29.93435449, 93.69968025,   3.5
204, 185, 29.93574377, 93.68377892,   3.5
205, 185, 29.93715833, 93.66763763,   3.5
206, 185, 29.93859836, 93.65125302,   3.5
207, 185, 29.94006408, 93.63462166,   3.4
208, 185, 29.94155569, 93.61774005,   3.4
209, 185, 29.94307341, 93.60060467,   3.2
210, 185, 29.94461745, 93.58321193,   3.0
211, 185, 29.94618804, 93.56555818,  99.9
212, 185, 29.94778539, 93.54763973,  99.9
213, 185, 29.94940973, 93.52945282,   3.7
214, 185, 29.95106129, 93.51099364,   3.6
215, 185, 29.95274030, 93.49225832,   3.3
216, 185, 29.95444697, 93.47324295,   3.2
217, 185, 29.95618156, 93.45394352,   3.1
218, 185, 29.95794429, 93.43435601,   3.0
219, 185, 29.95973541, 93.41447630,   3.1
220, 185, 29.96155514, 93.39430024,   3.1
221, 185, 29.96340375, 93.37382358,   2.6
222, 185, 29.96528145, 93.35304203,   3.3
223, 185, 29.96718852, 93.33195125,   3.3
224, 185, 29.96912518, 93.31054681,   4.2
225, 185, 29.97109169, 93.28882422,   4.1
226, 185, 29.97308831, 93.26677892,   4.1
227, 185, 29.97511528, 93.24440630,   4.0
228, 185, 29.97717285, 93.22170166,  99.9
229, 185, 29.97926129, 93.19866024,   3.9
230, 185, 29.98138086, 93.17527720,   3.9
231, 185, 29.98353180, 93.15154766,   3.9
232, 185, 29.98571437, 93.12746661,   3.9
233, 185, 29.98792885, 93.10302902,   3.8
234, 185, 29.99017549, 93.07822975,   4.3
235, 185, 29.99245455, 93.05306361,   4.1
236, 185, 29.99476629, 93.02752531,   4.0
237, 185, 29.99711098, 93.00160950,   3.9
238, 185, 29.99948888, 92.97531073,   3.4
239, 185, 30.00190026, 92.94862348,   3.4
240, 185, 30.00434538, 92.92154216,   3.3
241, 185, 30.00682450, 92.89406108,  99.9
  1, 186, 30.11901306, 94.39238730,  99.9
  2, 186, 30.11466183, 94.39697874,  99.9
  3, 186, 30.11037577, 94.40147869,  99.9
  4, 186, 30.10615399, 94.40588811,  99.9
  5, 186, 30.10199562, 94.41020794,  99.9
  6, 186, 30.09789982, 94.41443911,  99.9
  7, 186, 30.09386573, 94.41858250,  99.9
  8, 186, 30.08989252, 94.42263900,  99.9
  9, 186, 30.08597938, 94.42660948,  99.9
 10, 186, 30.08212550, 94.43049477,  99.9
 11, 186, 30.07833008, 94.43429569,  99.9
 12, 186, 30.07459235, 94.43801307,  99.9
 13, 186, 30.07091153, 94.44164768,  99.9
 14, 186, 30.06728686, 94.44520030,  99.9
 15, 186, 30.06371759, 94.44867168,  99.9
 16, 186, 30.06020300, 94.45206255,  99.9
 17, 186, 30.05674235, 94.45537365,  99.9
 18, 186, 30.05333493, 94.45860567,  99.9
 19, 186, 30.04998004, 94.46175929,  99.9
 20, 186, 30.04667698, 94.46483519,  99.9
 21, 186, 30.04342507, 94.46783401,  99.9
 22, 186, 30.04022365, 94.47075640,  99.9
 23, 186, 30.03707204, 94.47360298,  99.9
 24, 186, 30.03396961, 94.47637434,  99.9
 25, 186, 30.03091571, 94.47907108,  99.9
 26, 186, 30.02790970, 94.48169376,  99.9
 27, 186, 30.02495097, 94.48424295,  99.9
 28, 186, 30.02203891, 94.48671918,  99.9
 29, 186, 30.01917291, 94.48912298,  99.9
 30, 186, 30.01635238, 94.49145486,  99.9
 31, 186, 30.01357674, 94.49371531,  99.9
 32, 186, 30.01084541, 94.49590481,  99.9
 33, 186, 30.00815783, 94.49802383,  99.9
 34, 186, 30.00551345, 94.50007282,  99.9
 35, 186, 30.00291172, 94.50205221,  99.9
 36, 186, 30.00035209, 94.50396241,  99.9
 37, 186, 29.99783404, 94.50580385,  99.9
 38, 186, 29.99535705, 94.50757689,  99.9
 39, 186, 29.99292061, 94.50928194,  99.9
 40, 186, 29.99052421, 94.51091933,  99.9
 41, 186, 29.98816735, 94.51248943,  99.9
 42, 186, 29.98584955, 94.51399256,  99.9
 43, 186, 29.98357033, 94.51542905,  99.9
 44, 186, 29.98132921, 94.51679919,  99.9
 45, 186, 29.97912573, 94.51810329,  99.9
 46, 186, 29.97695944, 94.51934161,  99.9
 47, 186, 29.97482988, 94.52051443,  99.9
 48, 186, 29.97273662, 94.52162198,  99.9
 49, 186, 29.97067922, 94.52266451,  99.9
 50, 186, 29.96865725, 94.52364224,  99.9
 51, 186, 29.96667029, 94.52455538,  99.9
 52, 186, 29.96471794, 94.52540412,  99.9
 53, 186, 29.96279978, 94.52618864,  99.9
 54, 186, 29.96091542, 94.52690911,  99.9
 55, 186, 29.95906448, 94.52756568,  99.9
 56, 186, 29.95724655, 94.52815850,  99.9
 57, 186, 29.95546127, 94.52868769,  99.9
 58, 186, 29.95370827, 94.52915337,  99.9
 59, 186, 29.95198718, 94.52955564,  99.9
 60, 186, 29.95029764, 94.52989458,  99.9
 61, 186, 29.94863931, 94.53017027,  99.9
 62, 186, 29.94701184, 94.53038277,  99.9
 63, 186, 29.94541488, 94.53053213,  99.9
 64, 186, 29.94384811, 94.53061838,  99.9
 65, 186, 29.94231121, 94.53064154,  99.9
 66, 186, 29.94080385, 94.53060163,  99.9
 67, 186, 29.93932571, 94.53049862,  99.9
 68, 186, 29.93787650, 94.53033251,  99.9
 69, 186, 29.93645591, 94.53010327,  99.9
 70, 186, 29.93506364, 94.52981084,  99.9
 71, 186, 29.93369940, 94.52945518,  99.9
 72, 186, 29.93236292, 94.52903620,  99.9
 73, 186, 29.93105390, 94.52855383,  99.9
 74, 186, 29.92977208, 94.52800796,  99.9
 75, 186, 29.92851719, 94.52739849,  99.9
 76, 186, 29.92728897, 94.52672528,  99.9
 77, 186, 29.92608715, 94.52598821,  99.9
 78, 186, 29.92491150, 94.52518711,  99.9
 79, 186, 29.92376176, 94.52432183,  99.9
 80, 186, 29.92263770, 94.52339218,  99.9
 81, 186, 29.92153907, 94.52239797,  99.9
 82, 186, 29.92046566, 94.52133900,  99.9
 83, 186, 29.91941722, 94.52021505,  99.9
 84, 186, 29.91839355, 94.51902589,  99.9
 85, 186, 29.91739443, 94.51777127,  99.9
 86, 186, 29.91641964, 94.51645092,  99.9
 87, 186, 29.91546900, 94.51506458,  99.9
 88, 186, 29.91454228, 94.51361196,  99.9
 89, 186, 29.91363931, 94.51209276,  99.9
 90, 186, 29.91275988, 94.51050665,  99.9
 91, 186, 29.91190382, 94.50885332,  99.9
 92, 186, 29.91107094, 94.50713242,  99.9
 93, 186, 29.91026107, 94.50534358,  99.9
 94, 186, 29.90947403, 94.50348645,  99.9
 95, 186, 29.90870966, 94.50156063,  99.9
 96, 186, 29.90796780, 94.49956572,  99.9
 97, 186, 29.90724829, 94.49750131,  99.9
 98, 186, 29.90655098, 94.49536696,  99.9
 99, 186, 29.90587572, 94.49316224,  99.9
100, 186, 29.90522236, 94.49088668,  99.9
101, 186, 29.90459076, 94.48853982,  99.9
102, 186, 29.90398079, 94.48612116,  99.9
103, 186, 29.90339232, 94.48363019,  99.9
104, 186, 29.90282523, 94.48106641,  99.9
105, 186, 29.90227938, 94.47842927,  99.9
106, 186, 29.90175467, 94.47571823,  99.9
107, 186, 29.90125097, 94.47293273,  99.9
108, 186, 29.90076818, 94.47007217,  99.9
109, 186, 29.90030619, 94.46713598,  99.9
110, 186, 29.89986491, 94.46412352,  99.9
111, 186, 29.89944423, 94.46103419,  99.9
112, 186, 29.89904407, 94.45786732,  99.9
113, 186, 29.89866432, 94.45462227,  99.9
114, 186, 29.89830492, 94.45129836,  99.9
115, 186, 29.89796577, 94.44789489,  99.9
116, 186, 29.89764680, 94.44441116,  99.9
117, 186, 29.89734795, 94.44084643,  99.9
118, 186, 29.89706913, 94.43719997,  99.9
119, 186, 29.89681028, 94.43347101,  99.9
120, 186, 29.89657135, 94.42965878,  99.9
121, 186, 29.89635228, 94.42576248,  99.9
122, 186, 29.89615301, 94.42178130,  99.9
123, 186, 29.89597349, 94.41771442,  99.9
124, 186, 29.89581369, 94.41356097,  99.9
125, 186, 29.89567355, 94.40932010,  99.9
126, 186, 29.89555304, 94.40499091,  99.9
127, 186, 29.89545213, 94.40057252,  99.9
128, 186, 29.89537079, 94.39606399,  99.9
129, 186, 29.89530899, 94.39146438,  99.9
130, 186, 29.89526670, 94.38677274,  99.9
131, 186, 29.89524391, 94.38198809,  99.9
132, 186, 29.89524061, 94.37710942,  99.9
133, 186, 29.89525679, 94.37213573,  99.9
134, 186, 29.89529242, 94.36706597,  99.9
135, 186, 29.89534752, 94.36189908,  99.9
136, 186, 29.89542209, 94.35663398,  99.9
137, 186, 29.89551612, 94.35126959,  99.9
138, 186, 29.89562962, 94.34580477,  99.9
139, 186, 29.89576261, 94.34023839,  99.9
140, 186, 29.89591510, 94.33456928,  99.9
141, 186, 29.89608710, 94.32879626,  99.9
142, 186, 29.89627865, 94.32291813,  99.9
143, 186, 29.89648976, 94.31693366,  99.9
144, 186, 29.89672047, 94.31084160,  99.9
145, 186, 29.89697080, 94.30464067,  99.9
146, 186, 29.89724080, 94.29832959,  99.9
147, 186, 29.89753051, 94.29190704,  99.9
148, 186, 29.89783997, 94.28537166,  99.9
149, 186, 29.89816922, 94.27872211,  99.9
150, 186, 29.89851832, 94.27195699,   0.4
151, 186, 29.89888733, 94.26507488,   0.5
152, 186, 29.89927629, 94.25807436,   0.5
153, 186, 29.89968528, 94.25095395,  99.9
154, 186, 29.90011436, 94.24371217,  99.9
155, 186, 29.90056360, 94.23634751,  99.9
156, 186, 29.90103307, 94.22885843,  99.9
157, 186, 29.90152285, 94.22124337,  99.9
158, 186, 29.90203302, 94.21350073,  99.9
159, 186, 29.90256366, 94.20562889,  99.9
160, 186, 29.90311485, 94.19762622,  99.9
161, 186, 29.90368670, 94.18949104,  99.9
162, 186, 29.90427929, 94.18122164,  99.9
163, 186, 29.90489272, 94.17281631,  99.9
164, 186, 29.90552710, 94.16427328,  99.9
165, 186, 29.90618253, 94.15559077,  99.9
166, 186, 29.90685911, 94.14676696,  99.9
167, 186, 29.90755696, 94.13780001,  99.9
168, 186, 29.90827620, 94.12868805,  99.9
169, 186, 29.90901695, 94.11942917,  99.9
170, 186, 29.90977932, 94.11002143,  99.9
171, 186, 29.91056345, 94.10046287,  99.9
172, 186, 29.91136947, 94.09075149,  99.9
173, 186, 29.91219751, 94.08088526,  99.9
174, 186, 29.91304770, 94.07086212,   3.3
175, 186, 29.91392019, 94.06067996,  99.9
176, 186, 29.91481512, 94.05033667,  99.9
177, 186, 29.91573264, 94.03983007,  99.9
178, 186, 29.91667291, 94.02915797,  99.9
179, 186, 29.91763608, 94.01831814,  99.9
180, 186, 29.91862230, 94.00730831,  99.9
181, 186, 29.91963174, 93.99612618,  99.9
182, 186, 29.92066456, 93.98476940,  99.9
183, 186, 29.92172095, 93.97323560,  99.9
184, 186, 29.92280106, 93.96152237,  99.9
185, 186, 29.92390507, 93.94962726,  99.9
186, 186, 29.92503317, 93.93754777,  99.9
187, 186, 29.92618554, 93.92528139,  99.9
188, 186, 29.92736237, 93.91282553,  99.9
189, 186, 29.92856384, 93.90017760,  99.9
190, 186, 29.92979016, 93.88733495,  99.9
191, 186, 29.93104152, 93.87429489,   4.1
192, 186, 29.93231812, 93.86105469,   3.7
193, 186, 29.93362017, 93.84761157,   3.7
194, 186, 29.93494787, 93.83396273,   3.6
195, 186, 29.93630144, 93.82010530,   3.6
196, 186, 29.93768109, 93.80603638,   3.6
197, 186, 29.93908705, 93.79175303,   3.5
198, 186, 29.94051953, 93.77725225,   3.5
199, 186, 29.94197876, 93.76253101,   3.5
200, 186, 29.94346498, 93.74758623,   3.5
201, 186, 29.94497840, 93.73241477,   3.5
202, 186, 29.94651928, 93.71701345,   3.5
203, 186, 29.94808785, 93.70137905,   3.5
204, 186, 29.94968435, 93.68550829,   3.4
205, 186, 29.95130903, 93.66939785,   3.5
206, 186, 29.95296213, 93.65304434,   3.5
207, 186, 29.95464392, 93.63644435,   3.4
208, 186, 29.95635465, 93.61959439,   3.3
209, 186, 29.95809458, 93.60249093,   3.2
210, 186, 29.95986397, 93.58513039,   3.2
211, 186, 29.96166308, 93.56750912,   3.3
212, 186, 29.96349219, 93.54962343,   3.6
213, 186, 29.96535157, 93.53146958,   3.7
214, 186, 29.96724149, 93.51304374,   3.6
215, 186, 29.96916224, 93.49434207,   3.3
216, 186, 29.97111409, 93.47536063,   3.1
217, 186, 29.97309733, 93.45609545,   3.0
218, 186, 29.97511225, 93.43654248,   3.0
219, 186, 29.97715913, 93.41669762,   3.0
220, 186, 29.97923827, 93.39655671,  99.9
221, 186, 29.98134997, 93.37611552,   3.1
222, 186, 29.98349453, 93.35536977,   3.3
223, 186, 29.98567224, 93.33431509,   3.3
224, 186, 29.98788342, 93.31294707,   4.1
225, 186, 29.99012836, 93.29126123,   4.1
226, 186, 29.99240738, 93.26925300,   4.1
227, 186, 29.99472079, 93.24691778,   4.0
228, 186, 29.99706890, 93.22425087,   4.0
229, 186, 29.99945203, 93.20124752,   3.9
230, 186, 30.00187049, 93.17790288,   3.9
231, 186, 30.00432462, 93.15421206,  99.9
232, 186, 30.00681473, 93.13017009,  99.9
233, 186, 30.00934114, 93.10577191,  99.9
234, 186, 30.01190419, 93.08101240,  99.9
235, 186, 30.01450419, 93.05588635,   4.0
236, 186, 30.01714149, 93.03038849,   4.0
237, 186, 30.01981641, 93.00451346,   3.9
238, 186, 30.02252928, 92.97825581,   3.4
239, 186, 30.02528044, 92.95161005,   3.4
240, 186, 30.02807023, 92.92457055,  99.9
241, 186, 30.03089897, 92.89713164,  99.9
  1, 187, 30.11494809, 94.38739110,  99.9
  2, 187, 30.11067709, 94.39205773,  99.9
  3, 187, 30.10647043, 94.39663185,  99.9
  4, 187, 30.10232722, 94.40111444,  99.9
  5, 187, 30.09824663, 94.40550645,  99.9
  6, 187, 30.09422780, 94.40980882,  99.9
  7, 187, 30.09026992, 94.41402245,  99.9
  8, 187, 30.08637217, 94.41814824,  99.9
  9, 187, 30.08253375, 94.42218707,  99.9
 10, 187, 30.07875386, 94.42613979,  99.9
 11, 187, 30.07503173, 94.43000725,  99.9
 12, 187, 30.07136659, 94.43379026,  99.9
 13, 187, 30.06775768, 94.43748964,  99.9
 14, 187, 30.06420426, 94.44110615,  99.9
 15, 187, 30.06070561, 94.44464058,  99.9
 16, 187, 30.05726098, 94.44809366,  99.9
 17, 187, 30.05386969, 94.45146614,  99.9
 18, 187, 30.05053102, 94.45475873,  99.9
 19, 187, 30.04724429, 94.45797212,  99.9
 20, 187, 30.04400882, 94.46110700,  99.9
 21, 187, 30.04082395, 94.46416404,  99.9
 22, 187, 30.03768901, 94.46714387,  99.9
 23, 187, 30.03460335, 94.47004714,  99.9
 24, 187, 30.03156635, 94.47287445,  99.9
 25, 187, 30.02857738, 94.47562642,  99.9
 26, 187, 30.02563581, 94.47830361,  99.9
 27, 187, 30.02274104, 94.48090660,  99.9
 28, 187, 30.01989248, 94.48343594,  99.9
 29, 187, 30.01708952, 94.48589217,  99.9
 30, 187, 30.01433160, 94.48827580,  99.9
 31, 187, 30.01161815, 94.49058735,  99.9
 32, 187, 30.00894860, 94.49282729,  99.9
 33, 187, 30.00632240, 94.49499611,  99.9
 34, 187, 30.00373901, 94.49709427,  99.9
 35, 187, 30.00119790, 94.49912221,  99.9
 36, 187, 29.99869853, 94.50108036,  99.9
 37, 187, 29.99624040, 94.50296914,  99.9
 38, 187, 29.99382299, 94.50478894,  99.9
 39, 187, 29.99144580, 94.50654015,  99.9
 40, 187, 29.98910835, 94.50822315,  99.9
 41, 187, 29.98681014, 94.50983828,  99.9
 42, 187, 29.98455071, 94.51138590,  99.9
 43, 187, 29.98232958, 94.51286634,  99.9
 44, 187, 29.98014630, 94.51427989,  99.9
 45, 187, 29.97800040, 94.51562687,  99.9
 46, 187, 29.97589146, 94.51690757,  99.9
 47, 187, 29.97381903, 94.51812225,  99.9
 48, 187, 29.97178268, 94.51927117,  99.9
 49, 187, 29.96978199, 94.52035457,  99.9
 50, 187, 29.96781654, 94.52137269,  99.9
 51, 187, 29.96588593, 94.52232575,  99.9
 52, 187, 29.96398976, 94.52321394,  99.9
 53, 187, 29.96212764, 94.52403746,  99.9
 54, 187, 29.96029917, 94.52479648,  99.9
 55, 187, 29.95850398, 94.52549117,  99.9
 56, 187, 29.95674169, 94.52612167,  99.9
 57, 187, 29.95501195, 94.52668811,  99.9
 58, 187, 29.95331439, 94.52719063,  99.9
 59, 187, 29.95164865, 94.52762932,  99.9
 60, 187, 29.95001440, 94.52800429,  99.9
 61, 187, 29.94841129, 94.52831561,  99.9
 62, 187, 29.94683900, 94.52856335,  99.9
 63, 187, 29.94529718, 94.52874757,  99.9
 64, 187, 29.94378553, 94.52886831,  99.9
 65, 187, 29.94230372, 94.52892560,  99.9
 66, 187, 29.94085146, 94.52891944,  99.9
 67, 187, 29.93942844, 94.52884985,  99.9
 68, 187, 29.93803435, 94.52871681,  99.9
 69, 187, 29.93666892, 94.52852030,  99.9
 70, 187, 29.93533185, 94.52826027,  99.9
 71, 187, 29.93402288, 94.52793669,  99.9
 72, 187, 29.93274172, 94.52754947,  99.9
 73, 187, 29.93148810, 94.52709854,  99.9
 74, 187, 29.93026178, 94.52658381,  99.9
 75, 187, 29.92906248, 94.52600518,  99.9
 76, 187, 29.92788997, 94.52536253,  99.9
 77, 187, 29.92674399, 94.52465571,  99.9
 78, 187, 29.92562431, 94.52388460,  99.9
 79, 187, 29.92453069, 94.52304903,  99.9
 80, 187, 29.92346290, 94.52214883,  99.9
 81, 187, 29.92242072, 94.52118381,  99.9
 82, 187, 29.92140394, 94.52015377,  99.9
 83, 187, 29.92041233, 94.51905850,  99.9
 84, 187, 29.91944570, 94.51789777,  99.9
 85, 187, 29.91850383, 94.51667134,  99.9
 86, 187, 29.91758653, 94.51537896,  99.9
 87, 187, 29.91669361, 94.51402036,  99.9
 88, 187, 29.91582488, 94.51259526,  99.9
 89, 187, 29.91498015, 94.51110336,  99.9
 90, 187, 29.91415925, 94.50954435,  99.9
 91, 187, 29.91336201, 94.50791791,  99.9
 92, 187, 29.91258826, 94.50622370,  99.9
 93, 187, 29.91183782, 94.50446137,  99.9
 94, 187, 29.91111056, 94.50263054,  99.9
 95, 187, 29.91040630, 94.50073085,  99.9
 96, 187, 29.90972490, 94.49876190,  99.9
 97, 187, 29.90906622, 94.49672327,  99.9
 98, 187, 29.90843011, 94.49461454,  99.9
 99, 187, 29.90781645, 94.49243527,  99.9
100, 187, 29.90722509, 94.49018502,  99.9
101, 187, 29.90665591, 94.48786330,  99.9
102, 187, 29.90610880, 94.48546964,  99.9
103, 187, 29.90558362, 94.48300354,  99.9
104, 187, 29.90508028, 94.48046448,  99.9
105, 187, 29.90459865, 94.47785194,  99.9
106, 187, 29.90413864, 94.47516538,  99.9
107, 187, 29.90370014, 94.47240422,  99.9
108, 187, 29.90328306, 94.46956790,  99.9
109, 187, 29.90288731, 94.46665583,  99.9
110, 187, 29.90251280, 94.46366739,  99.9
111, 187, 29.90215945, 94.46060197,  99.9
112, 187, 29.90182717, 94.45745893,  99.9
113, 187, 29.90151590, 94.45423760,  99.9
114, 187, 29.90122556, 94.45093733,  99.9
115, 187, 29.90095609, 94.44755742,  99.9
116, 187, 29.90070742, 94.44409717,  99.9
117, 187, 29.90047949, 94.44055585,  99.9
118, 187, 29.90027226, 94.43693273,  99.9
119, 187, 29.90008567, 94.43322704,  99.9
120, 187, 29.89991968, 94.42943803,  99.9
121, 187, 29.89977424, 94.42556490,  99.9
122, 187, 29.89964932, 94.42160683,  99.9
123, 187, 29.89954489, 94.41756301,  99.9
124, 187, 29.89946090, 94.41343259,  99.9
125, 187, 29.89939735, 94.40921471,  99.9
126, 187, 29.89935420, 94.40490848,  99.9
127, 187, 29.89933144, 94.40051302,  99.9
128, 187, 29.89932906, 94.39602740,  99.9
129, 187, 29.89934704, 94.39145068,  99.9
130, 187, 29.89938538, 94.38678192,  99.9
131, 187, 29.89944408, 94.38202013,  99.9
132, 187, 29.89952314, 94.37716433,  99.9
133, 187, 29.89962257, 94.37221349,  99.9
134, 187, 29.89974237, 94.36716659,  99.9
135, 187, 29.89988256, 94.36202258,  99.9
136, 187, 29.90004317, 94.35678037,  99.9
137, 187, 29.90022420, 94.35143887,  99.9
138, 187, 29.90042568, 94.34599698,  99.9
139, 187, 29.90064765, 94.34045354,  99.9
140, 187, 29.90089014, 94.33480742,  99.9
141, 187, 29.90115319, 94.32905741,  99.9
142, 187, 29.90143683, 94.32320233,  99.9
143, 187, 29.90174111, 94.31724096,  99.9
144, 187, 29.90206609, 94.31117204,  99.9
145, 187, 29.90241180, 94.30499431,  99.9
146, 187, 29.90277832, 94.29870647,  99.9
147, 187, 29.90316570, 94.29230723,  99.9
148, 187, 29.90357400, 94.28579523,  99.9
149, 187, 29.90400329, 94.27916912,   0.5
150, 187, 29.90445365, 94.27242751,   0.3
151, 187, 29.90492515, 94.26556900,  99.9
152, 187, 29.90541788, 94.25859215,  99.9
153, 187, 29.90593190, 94.25149551,  99.9
154, 187, 29.90646732, 94.24427758,  99.9
155, 187, 29.90702422, 94.23693687,  99.9
156, 187, 29.90760270, 94.22947184,  99.9
157, 187, 29.90820286, 94.22188092,  99.9
158, 187, 29.90882480, 94.21416254,  99.9
159, 187, 29.90946863, 94.20631507,  99.9
160, 187, 29.91013446, 94.19833688,  99.9
161, 187, 29.91082240, 94.19022630,  99.9
162, 187, 29.91153258, 94.18198164,  99.9
163, 187, 29.91226511, 94.17360117,  99.9
164, 187, 29.91302012, 94.16508313,  99.9
165, 187, 29.91379775, 94.15642575,  99.9
166, 187, 29.91459812, 94.14762722,  99.9
167, 187, 29.91542137, 94.13868569,  99.9
168, 187, 29.91626765, 94.12959930,  99.9
169, 187, 29.91713711, 94.12036614,  99.9
170, 187, 29.91802989, 94.11098429,  99.9
171, 187, 29.91894614, 94.10145178,  99.9
172, 187, 29.91988603, 94.09176662,   3.0
173, 187, 29.92084972, 94.08192678,   3.0
174, 187, 29.92183736, 94.07193021,   3.1
175, 187, 29.92284914, 94.06177480,  99.9
176, 187, 29.92388523, 94.05145844,  99.9
177, 187, 29.92494580, 94.04097897,  99.9
178, 187, 29.92603103, 94.03033419,  99.9
179, 187, 29.92714112, 94.01952187,  99.9
180, 187, 29.92827624, 94.00853976,  99.9
181, 187, 29.92943660, 93.99738556,  99.9
182, 187, 29.93062240, 93.98605692,  99.9
183, 187, 29.93183382, 93.97455148,  99.9
184, 187, 29.93307108, 93.96286683,  99.9
185, 187, 29.93433440, 93.95100051,  99.9
186, 187, 29.93562397, 93.93895006,  99.9
187, 187, 29.93694003, 93.92671294,  99.9
188, 187, 29.93828278, 93.91428659,  99.9
189, 187, 29.93965246, 93.90166840,  99.9
190, 187, 29.94104931, 93.88885575,  99.9
191, 187, 29.94247354, 93.87584593,   4.0
192, 187, 29.94392540, 93.86263622,   3.7
193, 187, 29.94540512, 93.84922387,   3.7
194, 187, 29.94691297, 93.83560605,   3.6
195, 187, 29.94844918, 93.82177991,   3.6
196, 187, 29.95001401, 93.80774256,   3.6
197, 187, 29.95160772, 93.79349105,   3.5
198, 187, 29.95323057, 93.77902240,   3.5
199, 187, 29.95488282, 93.76433357,   3.5
200, 187, 29.95656475, 93.74942149,   3.5
201, 187, 29.95827663, 93.73428302,   3.5
202, 187, 29.96001873, 93.71891499,   3.4
203, 187, 29.96179134, 93.70331419,   3.4
204, 187, 29.96359475, 93.68747734,   3.4
205, 187, 29.96542924, 93.67140111,   3.4
206, 187, 29.96729511, 93.65508214,   3.4
207, 187, 29.96919265, 93.63851700,   3.4
208, 187, 29.97112217, 93.62170222,   3.2
209, 187, 29.97308397, 93.60463427,   3.1
210, 187, 29.97507836, 93.58730956,   3.0
211, 187, 29.97710566, 93.56972447,   3.0
212, 187, 29.97916618, 93.55187530,   3.6
213, 187, 29.98126025, 93.53375830,   3.6
214, 187, 29.98338818, 93.51536968,   3.5
215, 187, 29.98555030, 93.49670557,   3.2
216, 187, 29.98774696, 93.47776205,   3.0
217, 187, 29.98997848, 93.45853515,   2.9
218, 187, 29.99224520, 93.43902082,   2.9
219, 187, 29.99454747, 93.41921498,  99.9
220, 187, 29.99688563, 93.39911345,  99.9
221, 187, 29.99926003, 93.37871203,   3.0
222, 187, 30.00167103, 93.35800641,   2.7
223, 187, 30.00411899, 93.33699226,   2.9
224, 187, 30.00660426, 93.31566515,   4.1
225, 187, 30.00912722, 93.29402060,   4.1
226, 187, 30.01168822, 93.27205408,   4.0
227, 187, 30.01428763, 93.24976094,   4.0
228, 187, 30.01692584, 93.22713653,   3.7
229, 187, 30.01960322, 93.20417606,  99.9
230, 187, 30.02232015, 93.18087473,  99.9
231, 187, 30.02507701, 93.15722762,  99.9
232, 187, 30.02787419, 93.13322976,  99.9
233, 187, 30.03071207, 93.10887612,  99.9
234, 187, 30.03359106, 93.08416156,  99.9
235, 187, 30.03651154, 93.05908089,  99.9
236, 187, 30.03947391, 93.03362882,  99.9
237, 187, 30.04247857, 93.00780001,   3.9
238, 187, 30.04552592, 92.98158902,   3.9
239, 187, 30.04861636, 92.95499033,   3.8
240, 187, 30.05175031, 92.92799834,  99.9
241, 187, 30.05492817, 92.90060737,  99.9
  1, 188, 30.11081755, 94.38248838,  99.9
  2, 188, 30.10662768, 94.38722922,  99.9
  3, 188, 30.10250128, 94.39187655,  99.9
  4, 188, 30.09843752, 94.39643135,  99.9
  5, 188, 30.09443555, 94.40089461,  99.9
  6, 188, 30.09049455, 94.40526725,  99.9
  7, 188, 30.08661370, 94.40955023,  99.9
  8, 188, 30.08279222, 94.41374443,  99.9
  9, 188, 30.07902932, 94.41785076,  99.9
 10, 188, 30.07532421, 94.42187008,  99.9
 11, 188, 30.07167614, 94.42580325,  99.9
 12, 188, 30.06808435, 94.42965110,  99.9
 13, 188, 30.06454811, 94.43341445,  99.9
 14, 188, 30.06106669, 94.43709409,  99.9
 15, 188, 30.05763937, 94.44069081,  99.9
 16, 188, 30.05426544, 94.44420538,  99.9
 17, 188, 30.05094420, 94.44763852,  99.9
 18, 188, 30.04767498, 94.45099098,  99.9
 19, 188, 30.04445710, 94.45426346,  99.9
 20, 188, 30.04128990, 94.45745666,  99.9
 21, 188, 30.03817272, 94.46057126,  99.9
 22, 188, 30.03510491, 94.46360791,  99.9
 23, 188, 30.03208586, 94.46656725,  99.9
 24, 188, 30.02911492, 94.46944992,  99.9
 25, 188, 30.02619150, 94.47225652,  99.9
 26, 188, 30.02331498, 94.47498766,  99.9
 27, 188, 30.02048478, 94.47764390,  99.9
 28, 188, 30.01770030, 94.48022582,  99.9
 29, 188, 30.01496098, 94.48273395,  99.9
 30, 188, 30.01226625, 94.48516883,  99.9
 31, 188, 30.00961555, 94.48753098,  99.9
 32, 188, 30.00700833, 94.48982089,  99.9
 33, 188, 30.00444406, 94.49203906,  99.9
 34, 188, 30.00192220, 94.49418594,  99.9
 35, 188, 29.99944223, 94.49626201,  99.9
 36, 188, 29.99700365, 94.49826768,  99.9
 37, 188, 29.99460594, 94.50020340,  99.9
 38, 188, 29.99224862, 94.50206957,  99.9
 39, 188, 29.98993119, 94.50386658,  99.9
 40, 188, 29.98765317, 94.50559482,  99.9
 41, 188, 29.98541409, 94.50725465,  99.9
 42, 188, 29.98321350, 94.50884643,  99.9
 43, 188, 29.98105092, 94.51037049,  99.9
 44, 188, 29.97892593, 94.51182716,  99.9
 45, 188, 29.97683807, 94.51321675,  99.9
 46, 188, 29.97478692, 94.51453954,  99.9
 47, 188, 29.97277204, 94.51579582,  99.9
 48, 188, 29.97079303, 94.51698586,  99.9
 49, 188, 29.96884947, 94.51810991,  99.9
 50, 188, 29.96694095, 94.51916821,  99.9
 51, 188, 29.96506710, 94.52016099,  99.9
 52, 188, 29.96322750, 94.52108845,  99.9
 53, 188, 29.96142180, 94.52195079,  99.9
 54, 188, 29.95964960, 94.52274820,  99.9
 55, 188, 29.95791054, 94.52348084,  99.9
 56, 188, 29.95620426, 94.52414888,  99.9
 57, 188, 29.95453042, 94.52475246,  99.9
 58, 188, 29.95288865, 94.52529170,  99.9
 59, 188, 29.95127862, 94.52576673,  99.9
 60, 188, 29.94969999, 94.52617764,  99.9
 61, 188, 29.94815244, 94.52652452,  99.9
 62, 188, 29.94663565, 94.52680745,  99.9
 63, 188, 29.94514930, 94.52702649,  99.9
 64, 188, 29.94369307, 94.52718169,  99.9
 65, 188, 29.94226668, 94.52727308,  99.9
 66, 188, 29.94086982, 94.52730069,  99.9
 67, 188, 29.93950220, 94.52726453,  99.9
 68, 188, 29.93816353, 94.52716458,  99.9
 69, 188, 29.93685354, 94.52700084,  99.9
 70, 188, 29.93557196, 94.52677327,  99.9
 71, 188, 29.93431852, 94.52648182,  99.9
 72, 188, 29.93309295, 94.52612643,  99.9
 73, 188, 29.93189500, 94.52570705,  99.9
 74, 188, 29.93072443, 94.52522357,  99.9
 75, 188, 29.92958098, 94.52467589,  99.9
 76, 188, 29.92846442, 94.52406392,  99.9
 77, 188, 29.92737451, 94.52338752,  99.9
 78, 188, 29.92631103, 94.52264655,  99.9
 79, 188, 29.92527376, 94.52184087,  99.9
 80, 188, 29.92426247, 94.52097029,  99.9
 81, 188, 29.92327696, 94.52003466,  99.9
 82, 188, 29.92231702, 94.51903376,  99.9
 83, 188, 29.92138245, 94.51796739,  99.9
 84, 188, 29.92047305, 94.51683534,  99.9
 85, 188, 29.91958864, 94.51563737,  99.9
 86, 188, 29.91872902, 94.51437322,  99.9
 87, 188, 29.91789401, 94.51304264,  99.9
 88, 188, 29.91708344, 94.51164535,  99.9
 89, 188, 29.91629714, 94.51018107,  99.9
 90, 188, 29.91553495, 94.50864948,  99.9
 91, 188, 29.91479669, 94.50705027,  99.9
 92, 188, 29.91408222, 94.50538310,  99.9
 93, 188, 29.91339139, 94.50364763,  99.9
 94, 188, 29.91272404, 94.50184351,  99.9
 95, 188, 29.91208004, 94.49997034,  99.9
 96, 188, 29.91145925, 94.49802775,  99.9
 97, 188, 29.91086153, 94.49601533,  99.9
 98, 188, 29.91028677, 94.49393265,  99.9
 99, 188, 29.90973483, 94.49177930,  99.9
100, 188, 29.90920560, 94.48955481,  99.9
101, 188, 29.90869896, 94.48725872,  99.9
102, 188, 29.90821481, 94.48489057,  99.9
103, 188, 29.90775304, 94.48244984,  99.9
104, 188, 29.90731355, 94.47993604,  99.9
105, 188, 29.90689625, 94.47734864,  99.9
106, 188, 29.90650104, 94.47468710,  99.9
107, 188, 29.90612783, 94.47195087,  99.9
108, 188, 29.90577655, 94.46913938,  99.9
109, 188, 29.90544712, 94.46625203,  99.9
110, 188, 29.90513947, 94.46328824,  99.9
111, 188, 29.90485351, 94.46024737,  99.9
112, 188, 29.90458920, 94.45712880,  99.9
113, 188, 29.90434646, 94.45393188,  99.9
114, 188, 29.90412525, 94.45065594,  99.9
115, 188, 29.90392551, 94.44730029,  99.9
116, 188, 29.90374719, 94.44386424,  99.9
117, 188, 29.90359025, 94.44034707,  99.9
118, 188, 29.90345465, 94.43674804,  99.9
119, 188, 29.90334036, 94.43306641,  99.9
120, 188, 29.90324734, 94.42930140,  99.9
121, 188, 29.90317557, 94.42545224,  99.9
122, 188, 29.90312503, 94.42151811,  99.9
123, 188, 29.90309570, 94.41749820,  99.9
124, 188, 29.90308756, 94.41339167,  99.9
125, 188, 29.90310060, 94.40919766,  99.9
126, 188, 29.90313482, 94.40491529,  99.9
127, 188, 29.90319022, 94.40054367,  99.9
128, 188, 29.90326680, 94.39608189,  99.9
129, 188, 29.90336457, 94.39152902,  99.9
130, 188, 29.90348353, 94.38688411,  99.9
131, 188, 29.90362371, 94.38214619,  99.9
132, 188, 29.90378512, 94.37731426,  99.9
133, 188, 29.90396778, 94.37238732,  99.9
134, 188, 29.90417173, 94.36736433,  99.9
135, 188, 29.90439699, 94.36224426,  99.9
136, 188, 29.90464360, 94.35702604,  99.9
137, 188, 29.90491160, 94.35170856,  99.9
138, 188, 29.90520103, 94.34629072,  99.9
139, 188, 29.90551194, 94.34077140,  99.9
140, 188, 29.90584439, 94.33514942,  99.9
141, 188, 29.90619842, 94.32942363,  99.9
142, 188, 29.90657410, 94.32359283,  99.9
143, 188, 29.90697150, 94.31765579,  99.9
144, 188, 29.90739067, 94.31161128,  99.9
145, 188, 29.90783170, 94.30545804,  99.9
146, 188, 29.90829466, 94.29919477,  99.9
147, 188, 29.90877964, 94.29282017,   0.4
148, 188, 29.90928670, 94.28633290,   0.7
149, 188, 29.90981596, 94.27973162,   0.6
150, 188, 29.91036749, 94.27301494,  99.9
151, 188, 29.91094139, 94.26618145,  99.9
152, 188, 29.91153777, 94.25922974,  99.9
153, 188, 29.91215673, 94.25215834,  99.9
154, 188, 29.91279838, 94.24496577,  99.9
155, 188, 29.91346284, 94.23765054,  99.9
156, 188, 29.91415022, 94.23021112,  99.9
157, 188, 29.91486064, 94.22264594,  99.9
158, 188, 29.91559423, 94.21495342,  99.9
159, 188, 29.91635113, 94.20713197,  99.9
160, 188, 29.91713146, 94.19917993,  99.9
161, 188, 29.91793536, 94.19109565,  99.9
162, 188, 29.91876298, 94.18287744,  99.9
163, 188, 29.91961446, 94.17452358,  99.9
164, 188, 29.92048996, 94.16603232,  99.9
165, 188, 29.92138963, 94.15740188,  99.9
166, 188, 29.92231363, 94.14863046,  99.9
167, 188, 29.92326212, 94.13971623,  99.9
168, 188, 29.92423528, 94.13065731,  99.9
169, 188, 29.92523327, 94.12145181,  99.9
170, 188, 29.92625628, 94.11209781,   2.8
171, 188, 29.92730447, 94.10259334,   2.8
172, 188, 29.92837805, 94.09293643,   2.9
173, 188, 29.92947720, 94.08312503,  99.9
174, 188, 29.93060211, 94.07315712,  99.9
175, 188, 29.93175298, 94.06303058,  99.9
176, 188, 29.93293001, 94.05274332,  99.9
177, 188, 29.93413342, 94.04229316,  99.9
178, 188, 29.93536341, 94.03167793,  99.9
179, 188, 29.93662019, 94.02089540,  99.9
180, 188, 29.93790400, 94.00994331,  99.9
181, 188, 29.93921505, 93.99881936,  99.9
182, 188, 29.94055357, 93.98752124,  99.9
183, 188, 29.94191980, 93.97604656,  99.9
184, 188, 29.94331398, 93.96439293,  99.9
185, 188, 29.94473634, 93.95255791,  99.9
186, 188, 29.94618714, 93.94053901,  99.9
187, 188, 29.94766662, 93.92833371,  99.9
188, 188, 29.94917504, 93.91593947,  99.9
189, 188, 29.95071266, 93.90335367,  99.9
190, 188, 29.95227975, 93.89057369,  99.9
191, 188, 29.95387658, 93.87759684,  99.9
192, 188, 29.95550342, 93.86442040,   3.7
193, 188, 29.95716054, 93.85104162,   3.6
194, 188, 29.95884823, 93.83745767,   3.6
195, 188, 29.96056679, 93.82366573,   3.6
196, 188, 29.96231649, 93.80966288,   3.6
197, 188, 29.96409764, 93.79544621,   3.5
198, 188, 29.96591054, 93.78101271,   3.5
199, 188, 29.96775549, 93.76635937,   3.5
200, 188, 29.96963280, 93.75148312,   3.5
201, 188, 29.97154280, 93.73638082,   3.4
202, 188, 29.97348579, 93.72104931,   3.4
203, 188, 29.97546210, 93.70548538,   3.4
204, 188, 29.97747207, 93.68968575,   3.4
205, 188, 29.97951601, 93.67364711,   3.4
206, 188, 29.98159428, 93.65736610,   3.4
207, 188, 29.98370721, 93.64083929,   3.3
208, 188, 29.98585515, 93.62406321,   3.1
209, 188, 29.98803845, 93.60703435,   3.0
210, 188, 29.99025747, 93.58974912,   3.0
211, 188, 29.99251256, 93.57220389,   3.0
212, 188, 29.99480410, 93.55439498,   3.2
213, 188, 29.99713245, 93.53631865,   3.2
214, 188, 29.99949798, 93.51797110,   3.3
215, 188, 30.00190107, 93.49934847,   3.1
216, 188, 30.00434211, 93.48044684,   3.0
217, 188, 30.00682148, 93.46126226,   2.9
218, 188, 30.00933957, 93.44179068,   2.9
219, 188, 30.01189679, 93.42202801,   2.8
220, 188, 30.01449352, 93.40197009,   2.8
221, 188, 30.01713018, 93.38161271,   2.8
222, 188, 30.01980717, 93.36095158,   2.8
223, 188, 30.02252491, 93.33998237,   2.2
224, 188, 30.02528381, 93.31870065,   4.0
225, 188, 30.02808429, 93.29710196,   4.0
226, 188, 30.03092679, 93.27518174,   4.0
227, 188, 30.03381173, 93.25293538,   3.0
228, 188, 30.03673954, 93.23035821,  99.9
229, 188, 30.03971067, 93.20744547,  99.9
230, 188, 30.04272555, 93.18419233,  99.9
231, 188, 30.04578462, 93.16059390,  99.9
232, 188, 30.04888835, 93.13664522,  99.9
233, 188, 30.05203718, 93.11234123,  99.9
234, 188, 30.05523157, 93.08767683,  99.9
235, 188, 30.05847198, 93.06264680,  99.9
236, 188, 30.06175887, 93.03724589,  99.9
237, 188, 30.06509271, 93.01146873,  99.9
238, 188, 30.06847398, 92.98530991,   3.6
239, 188, 30.07190314, 92.95876389,   3.0
240, 188, 30.07538067, 92.93182509,   3.0
241, 188, 30.07890706, 92.90448784,  99.9
  1, 189, 30.10662232, 94.37768018,  99.9
  2, 189, 30.10251444, 94.38249421,  99.9
  3, 189, 30.09846918, 94.38721376,  99.9
  4, 189, 30.09448570, 94.39183981,  99.9
  5, 189, 30.09056319, 94.39637336,  99.9
  6, 189, 30.08670083, 94.40081537,  99.9
  7, 189, 30.08289783, 94.40516677,  99.9
  8, 189, 30.07915342, 94.40942850,  99.9
  9, 189, 30.07546681, 94.41360145,  99.9
 10, 189, 30.07183726, 94.41768652,  99.9
 11, 189, 30.06826401, 94.42168456,  99.9
 12, 189, 30.06474633, 94.42559643,  99.9
 13, 189, 30.06128350, 94.42942296,  99.9
 14, 189, 30.05787479, 94.43316495,  99.9
 15, 189, 30.05451952, 94.43682321,  99.9
 16, 189, 30.05121698, 94.44039850,  99.9
 17, 189, 30.04796651, 94.44389159,  99.9
 18, 189, 30.04476742, 94.44730321,  99.9
 19, 189, 30.04161906, 94.45063409,  99.9
 20, 189, 30.03852078, 94.45388493,  99.9
 21, 189, 30.03547194, 94.45705642,  99.9
 22, 189, 30.03247191, 94.46014924,  99.9
 23, 189, 30.02952008, 94.46316403,  99.9
 24, 189, 30.02661583, 94.46610145,  99.9
 25, 189, 30.02375857, 94.46896210,  99.9
 26, 189, 30.02094770, 94.47174660,  99.9
 27, 189, 30.01818266, 94.47445553,  99.9
 28, 189, 30.01546285, 94.47708947,  99.9
 29, 189, 30.01278774, 94.47964898,  99.9
 30, 189, 30.01015675, 94.48213460,  99.9
 31, 189, 30.00756935, 94.48454685,  99.9
 32, 189, 30.00502501, 94.48688624,  99.9
 33, 189, 30.00252320, 94.48915328,  99.9
 34, 189, 30.00006340, 94.49134844,  99.9
 35, 189, 29.99764510, 94.49347218,  99.9
 36, 189, 29.99526780, 94.49552496,  99.9
 37, 189, 29.99293102, 94.49750721,  99.9
 38, 189, 29.99063427, 94.49941935,  99.9
 39, 189, 29.98837708, 94.50126178,  99.9
 40, 189, 29.98615897, 94.50303490,  99.9
 41, 189, 29.98397949, 94.50473908,  99.9
 42, 189, 29.98183819, 94.50637468,  99.9
 43, 189, 29.97973463, 94.50794205,  99.9
 44, 189, 29.97766837, 94.50944152,  99.9
 45, 189, 29.97563897, 94.51087340,  99.9
 46, 189, 29.97364604, 94.51223801,  99.9
 47, 189, 29.97168914, 94.51353564,  99.9
 48, 189, 29.96976788, 94.51476654,  99.9
 49, 189, 29.96788185, 94.51593100,  99.9
 50, 189, 29.96603067, 94.51702925,  99.9
 51, 189, 29.96421395, 94.51806153,  99.9
 52, 189, 29.96243132, 94.51902806,  99.9
 53, 189, 29.96068241, 94.51992904,  99.9
 54, 189, 29.95896685, 94.52076467,  99.9
 55, 189, 29.95728429, 94.52153512,  99.9
 56, 189, 29.95563438, 94.52224056,  99.9
 57, 189, 29.95401677, 94.52288114,  99.9
 58, 189, 29.95243114, 94.52345699,  99.9
 59, 189, 29.95087715, 94.52396825,  99.9
 60, 189, 29.94935448, 94.52441501,  99.9
 61, 189, 29.94786281, 94.52479738,  99.9
 62, 189, 29.94640184, 94.52511543,  99.9
 63, 189, 29.94497126, 94.52536924,  99.9
 64, 189, 29.94357077, 94.52555887,  99.9
 65, 189, 29.94220008, 94.52568435,  99.9
 66, 189, 29.94085891, 94.52574572,  99.9
 67, 189, 29.93954698, 94.52574298,  99.9
 68, 189, 29.93826401, 94.52567615,  99.9
 69, 189, 29.93700975, 94.52554521,  99.9
 70, 189, 29.93578391, 94.52535013,  99.9
 71, 189, 29.93458626, 94.52509088,  99.9
 72, 189, 29.93341654, 94.52476741,  99.9
 73, 189, 29.93227451, 94.52437964,  99.9
 74, 189, 29.93115993, 94.52392751,  99.9
 75, 189, 29.93007257, 94.52341091,  99.9
 76, 189, 29.92901220, 94.52282975,  99.9
 77, 189, 29.92797859, 94.52218389,  99.9
 78, 189, 29.92697154, 94.52147322,  99.9
 79, 189, 29.92599083, 94.52069759,  99.9
 80, 189, 29.92503626, 94.51985683,  99.9
 81, 189, 29.92410762, 94.51895076,  99.9
 82, 189, 29.92320473, 94.51797921,  99.9
 83, 189, 29.92232739, 94.51694197,  99.9
 84, 189, 29.92147541, 94.51583883,  99.9
 85, 189, 29.92064863, 94.51466956,  99.9
 86, 189, 29.91984687, 94.51343391,  99.9
 87, 189, 29.91906995, 94.51213163,  99.9
 88, 189, 29.91831772, 94.51076245,  99.9
 89, 189, 29.91759001, 94.50932608,  99.9
 90, 189, 29.91688667, 94.50782223,  99.9
 91, 189, 29.91620756, 94.50625058,  99.9
 92, 189, 29.91555253, 94.50461080,  99.9
 93, 189, 29.91492143, 94.50290256,  99.9
 94, 189, 29.91431415, 94.50112550,  99.9
 95, 189, 29.91373054, 94.49927925,  99.9
 96, 189, 29.91317048, 94.49736343,  99.9
 97, 189, 29.91263386, 94.49537763,  99.9
 98, 189, 29.91212056, 94.49332145,  99.9
 99, 189, 29.91163046, 94.49119445,  99.9
100, 189, 29.91116347, 94.48899619,  99.9
101, 189, 29.91071948, 94.48672622,  99.9
102, 189, 29.91029840, 94.48438405,  99.9
103, 189, 29.90990013, 94.48196921,  99.9
104, 189, 29.90952459, 94.47948119,  99.9
105, 189, 29.90917170, 94.47691947,  99.9
106, 189, 29.90884137, 94.47428352,  99.9
107, 189, 29.90853354, 94.47157279,  99.9
108, 189, 29.90824814, 94.46878670,  99.9
109, 189, 29.90798509, 94.46592469,  99.9
110, 189, 29.90774435, 94.46298615,  99.9
111, 189, 29.90752586, 94.45997048,  99.9
112, 189, 29.90732957, 94.45687703,  99.9
113, 189, 29.90715542, 94.45370518,  99.9
114, 189, 29.90700338, 94.45045425,  99.9
115, 189, 29.90687342, 94.44712356,  99.9
116, 189, 29.90676549, 94.44371243,  99.9
117, 189, 29.90667957, 94.44022014,  99.9
118, 189, 29.90661563, 94.43664596,  99.9
119, 189, 29.90657366, 94.43298914,  99.9
120, 189, 29.90655364, 94.42924893,  99.9
121, 189, 29.90655556, 94.42542454,  99.9
122, 189, 29.90657941, 94.42151517,  99.9
123, 189, 29.90662518, 94.41752001,  99.9
124, 189, 29.90669289, 94.41343822,  99.9
125, 189, 29.90678253, 94.40926896,  99.9
126, 189, 29.90689412, 94.40501134,  99.9
127, 189, 29.90702767, 94.40066448,  99.9
128, 189, 29.90718320, 94.39622748,  99.9
129, 189, 29.90736074, 94.39169941,  99.9
130, 189, 29.90756030, 94.38707932,  99.9
131, 189, 29.90778193, 94.38236624,  99.9
132, 189, 29.90802566, 94.37755919,  99.9
133, 189, 29.90829152, 94.37265718,  99.9
134, 189, 29.90857958, 94.36765916,  99.9
135, 189, 29.90888986, 94.36256411,  99.9
136, 189, 29.90922243, 94.35737095,  99.9
137, 189, 29.90957734, 94.35207860,  99.9
138, 189, 29.90995466, 94.34668595,  99.9
139, 189, 29.91035446, 94.34119189,  99.9
140, 189, 29.91077679, 94.33559525,  99.9
141, 189, 29.91122174, 94.32989487,  99.9
142, 189, 29.91168939, 94.32408956,   1.0
143, 189, 29.91217982, 94.31817810,   0.8
144, 189, 29.91269312, 94.31215926,   0.5
145, 189, 29.91322938, 94.30603178,   0.4
146, 189, 29.91378869, 94.29979439,   0.2
147, 189, 29.91437116, 94.29344577,   0.1
148, 189, 29.91497689, 94.28698459,  99.9
149, 189, 29.91560600, 94.28040952,  99.9
150, 189, 29.91625859, 94.27371916,  99.9
151, 189, 29.91693478, 94.26691213,  99.9
152, 189, 29.91763470, 94.25998701,  99.9
153, 189, 29.91835847, 94.25294233,  99.9
154, 189, 29.91910623, 94.24577663,  99.9
155, 189, 29.91987811, 94.23848841,  99.9
156, 189, 29.92067425, 94.23107614,  99.9
157, 189, 29.92149479, 94.22353828,  99.9
158, 189, 29.92233989, 94.21587325,  99.9
159, 189, 29.92320970, 94.20807943,  99.9
160, 189, 29.92410437, 94.20015522,  99.9
161, 189, 29.92502408, 94.19209893,  99.9
162, 189, 29.92596898, 94.18390889,  99.9
163, 189, 29.92693924, 94.17558339,  99.9
164, 189, 29.92793505, 94.16712068,  99.9
165, 189, 29.92895659, 94.15851899,  99.9
166, 189, 29.93000403, 94.14977652,  99.9
167, 189, 29.93107758, 94.14089144,  99.9
168, 189, 29.93217741, 94.13186189,  99.9
169, 189, 29.93330375, 94.12268597,   2.6
170, 189, 29.93445678, 94.11336178,   2.7
171, 189, 29.93563671, 94.10388735,  99.9
172, 189, 29.93684376, 94.09426070,  99.9
173, 189, 29.93807815, 94.08447981,  99.9
174, 189, 29.93934010, 94.07454264,  99.9
175, 189, 29.94062983, 94.06444710,  99.9
176, 189, 29.94194758, 94.05419108,  99.9
177, 189, 29.94329358, 94.04377243,  99.9
178, 189, 29.94466808, 94.03318897,  99.9
179, 189, 29.94607132, 94.02243847,  99.9
180, 189, 29.94750356, 94.01151869,  99.9
181, 189, 29.94896504, 94.00042734,  99.9
182, 189, 29.95045603, 93.98916210,  99.9
183, 189, 29.95197680, 93.97772059,  99.9
184, 189, 29.95352761, 93.96610043,  99.9
185, 189, 29.95510874, 93.95429917,  99.9
186, 189, 29.95672047, 93.94231434,  99.9
187, 189, 29.95836308, 93.93014343,  99.9
188, 189, 29.96003687, 93.91778389,  99.9
189, 189, 29.96174213, 93.90523312,  99.9
190, 189, 29.96347917, 93.89248850,  99.9
191, 189, 29.96524827, 93.87954734,  99.9
192, 189, 29.96704976, 93.86640693,  99.9
193, 189, 29.96888395, 93.85306452,   3.6
194, 189, 29.97075117, 93.83951730,   3.6
195, 189, 29.97265172, 93.82576244,   3.6
196, 189, 29.97458595, 93.81179704,   3.5
197, 189, 29.97655420, 93.79761817,   3.5
198, 189, 29.97855679, 93.78322286,   3.5
199, 189, 29.98059408, 93.76860809,   3.5
200, 189, 29.98266641, 93.75377078,   3.4
201, 189, 29.98477415, 93.73870782,   3.4
202, 189, 29.98691765, 93.72341605,   3.3
203, 189, 29.98909728, 93.70789225,   3.3
204, 189, 29.99131341, 93.69213317,   3.3
205, 189, 29.99356641, 93.67613549,   3.3
206, 189, 29.99585668, 93.65989584,   3.3
207, 189, 29.99818458, 93.64341083,   3.2
208, 189, 30.00055053, 93.62667698,   3.1
209, 189, 30.00295490, 93.60969078,   2.9
210, 189, 30.00539811, 93.59244866,   2.9
211, 189, 30.00788056, 93.57494698,   3.0
212, 189, 30.01040267, 93.55718208,   3.0
213, 189, 30.01296485, 93.53915021,   3.0
214, 189, 30.01556752, 93.52084758,   3.1
215, 189, 30.01821111, 93.50227034,   3.0
216, 189, 30.02089606, 93.48341459,   2.9
217, 189, 30.02362281, 93.46427636,   2.9
218, 189, 30.02639179, 93.44485161,   2.9
219, 189, 30.02920346, 93.42513627,   2.8
220, 189, 30.03205827, 93.40512618,   2.8
221, 189, 30.03495667, 93.38481712,   2.8
222, 189, 30.03789914, 93.36420483,   2.8
223, 189, 30.04088614, 93.34328497,  99.9
224, 189, 30.04391814, 93.32205312,   4.0
225, 189, 30.04699563, 93.30050482,   4.0
226, 189, 30.05011908, 93.27863552,   3.9
227, 189, 30.05328899, 93.25644063,   3.0
228, 189, 30.05650585, 93.23391545,  99.9
229, 189, 30.05977016, 93.21105525,  99.9
230, 189, 30.06308241, 93.18785521,  99.9
231, 189, 30.06644313, 93.16431044,  99.9
232, 189, 30.06985282, 93.14041596,  99.9
233, 189, 30.07331200, 93.11616675,  99.9
234, 189, 30.07682119, 93.09155769,  99.9
235, 189, 30.08038091, 93.06658359,  99.9
236, 189, 30.08399171, 93.04123918,  99.9
237, 189, 30.08765411, 93.01551912,   2.4
238, 189, 30.09136866, 92.98941797,   3.0
239, 189, 30.09513589, 92.96293022,   3.1
240, 189, 30.09895637, 92.93605030,  99.9
241, 189, 30.10283063, 92.90877251,  99.9
  1, 190, 30.10236327, 94.37296749,  99.9
  2, 190, 30.09833825, 94.37785370,  99.9
  3, 190, 30.09437496, 94.38264446,  99.9
  4, 190, 30.09047260, 94.38734078,  99.9
  5, 190, 30.08663036, 94.39194366,  99.9
  6, 190, 30.08284745, 94.39645408,  99.9
  7, 190, 30.07912310, 94.40087299,  99.9
  8, 190, 30.07545653, 94.40520133,  99.9
  9, 190, 30.07184700, 94.40944003,  99.9
 10, 190, 30.06829375, 94.41358997,  99.9
 11, 190, 30.06479607, 94.41765204,  99.9
 12, 190, 30.06135323, 94.42162710,  99.9
 13, 190, 30.05796452, 94.42551600,  99.9
 14, 190, 30.05462925, 94.42931955,  99.9
 15, 190, 30.05134672, 94.43303856,  99.9
 16, 190, 30.04811627, 94.43667383,  99.9
 17, 190, 30.04493722, 94.44022612,  99.9
 18, 190, 30.04180893, 94.44369618,  99.9
 19, 190, 30.03873075, 94.44708474,  99.9
 20, 190, 30.03570204, 94.45039254,  99.9
 21, 190, 30.03272218, 94.45362026,  99.9
 22, 190, 30.02979055, 94.45676859,  99.9
 23, 190, 30.02690656, 94.45983820,  99.9
 24, 190, 30.02406961, 94.46282973,  99.9
 25, 190, 30.02127910, 94.46574383,  99.9
 26, 190, 30.01853447, 94.46858110,  99.9
 27, 190, 30.01583516, 94.47134215,  99.9
 28, 190, 30.01318059, 94.47402756,  99.9
 29, 190, 30.01057024, 94.47663790,  99.9
 30, 190, 30.00800355, 94.47917372,  99.9
 31, 190, 30.00547999, 94.48163556,  99.9
 32, 190, 30.00299906, 94.48402395,  99.9
 33, 190, 30.00056023, 94.48633938,  99.9
 34, 190, 29.99816299, 94.48858234,  99.9
 35, 190, 29.99580687, 94.49075332,  99.9
 36, 190, 29.99349136, 94.49285276,  99.9
 37, 190, 29.99121599, 94.49488113,  99.9
 38, 190, 29.98898030, 94.49683883,  99.9
 39, 190, 29.98678381, 94.49872629,  99.9
 40, 190, 29.98462607, 94.50054391,  99.9
 41, 190, 29.98250665, 94.50229208,  99.9
 42, 190, 29.98042509, 94.50397115,  99.9
 43, 190, 29.97838097, 94.50558149,  99.9
 44, 190, 29.97637387, 94.50712345,  99.9
 45, 190, 29.97440337, 94.50859734,  99.9
 46, 190, 29.97246907, 94.51000348,  99.9
 47, 190, 29.97057055, 94.51134216,  99.9
 48, 190, 29.96870744, 94.51261368,  99.9
 49, 190, 29.96687934, 94.51381829,  99.9
 50, 190, 29.96508588, 94.51495626,  99.9
 51, 190, 29.96332668, 94.51602783,  99.9
 52, 190, 29.96160139, 94.51703322,  99.9
 53, 190, 29.95990963, 94.51797265,  99.9
 54, 190, 29.95825107, 94.51884632,  99.9
 55, 190, 29.95662535, 94.51965441,  99.9
 56, 190, 29.95503215, 94.52039710,  99.9
 57, 190, 29.95347113, 94.52107454,  99.9
 58, 190, 29.95194196, 94.52168688,  99.9
 59, 190, 29.95044434, 94.52223425,  99.9
 60, 190, 29.94897794, 94.52271677,  99.9
 61, 190, 29.94754247, 94.52313454,  99.9
 62, 190, 29.94613762, 94.52348766,  99.9
 63, 190, 29.94476311, 94.52377619,  99.9
 64, 190, 29.94341864, 94.52400020,  99.9
 65, 190, 29.94210395, 94.52415974,  99.9
 66, 190, 29.94081875, 94.52425484,  99.9
 67, 190, 29.93956279, 94.52428554,  99.9
 68, 190, 29.93833578, 94.52425183,  99.9
 69, 190, 29.93713750, 94.52415371,  99.9
 70, 190, 29.93596767, 94.52399117,  99.9
 71, 190, 29.93482606, 94.52376417,  99.9
 72, 190, 29.93371244, 94.52347267,  99.9
 73, 190, 29.93262656, 94.52311660,  99.9
 74, 190, 29.93156821, 94.52269591,  99.9
 75, 190, 29.93053716, 94.52221049,  99.9
 76, 190, 29.92953319, 94.52166025,  99.9
 77, 190, 29.92855610, 94.52104508,  99.9
 78, 190, 29.92760569, 94.52036486,  99.9
 79, 190, 29.92668175, 94.51961943,  99.9
 80, 190, 29.92578409, 94.51880865,  99.9
 81, 190, 29.92491252, 94.51793235,  99.9
 82, 190, 29.92406686, 94.51699035,  99.9
 83, 190, 29.92324693, 94.51598246,  99.9
 84, 190, 29.92245257, 94.51490845,  99.9
 85, 190, 29.92168359, 94.51376812,  99.9
 86, 190, 29.92093985, 94.51256123,  99.9
 87, 190, 29.92022119, 94.51128751,  99.9
 88, 190, 29.91952745, 94.50994672,  99.9
 89, 190, 29.91885848, 94.50853857,  99.9
 90, 190, 29.91821415, 94.50706277,  99.9
 91, 190, 29.91759433, 94.50551901,  99.9
 92, 190, 29.91699886, 94.50390696,  99.9
 93, 190, 29.91642765, 94.50222631,  99.9
 94, 190, 29.91588055, 94.50047669,  99.9
 95, 190, 29.91535745, 94.49865774,  99.9
 96, 190, 29.91485825, 94.49676908,  99.9
 97, 190, 29.91438283, 94.49481032,  99.9
 98, 190, 29.91393110, 94.49278106,  99.9
 99, 190, 29.91350295, 94.49068086,  99.9
100, 190, 29.91309830, 94.48850929,  99.9
101, 190, 29.91271705, 94.48626590,  99.9
102, 190, 29.91235913, 94.48395022,  99.9
103, 190, 29.91202444, 94.48156177,  99.9
104, 190, 29.91171293, 94.47910004,  99.9
105, 190, 29.91142453, 94.47656454,  99.9
106, 190, 29.91115916, 94.47395472,  99.9
107, 190, 29.91091676, 94.47127005,  99.9
108, 190, 29.91069729, 94.46850995,  99.9
109, 190, 29.91050070, 94.46567387,  99.9
110, 190, 29.91032693, 94.46276120,  99.9
111, 190, 29.91017594, 94.45977135,  99.9
112, 190, 29.91004771, 94.45670367,  99.9
113, 190, 29.90994219, 94.45355754,  99.9
114, 190, 29.90985936, 94.45033230,  99.9
115, 190, 29.90979920, 94.44702728,  99.9
116, 190, 29.90976169, 94.44364178,  99.9
117, 190, 29.90974681, 94.44017509,  99.9
118, 190, 29.90975455, 94.43662650,  99.9
119, 190, 29.90978491, 94.43299527,  99.9
120, 190, 29.90983790, 94.42928063,  99.9
121, 190, 29.90991350, 94.42548181,  99.9
122, 190, 29.91001174, 94.42159802,  99.9
123, 190, 29.91013262, 94.41762844,  99.9
124, 190, 29.91027616, 94.41357225,  99.9
125, 190, 29.91044239, 94.40942860,  99.9
126, 190, 29.91063132, 94.40519663,  99.9
127, 190, 29.91084300, 94.40087544,  99.9
128, 190, 29.91107745, 94.39646414,  99.9
129, 190, 29.91133472, 94.39196181,  99.9
130, 190, 29.91161484, 94.38736750,  99.9
131, 190, 29.91191788, 94.38268026,  99.9
132, 190, 29.91224388, 94.37789910,  99.9
133, 190, 29.91259289, 94.37302303,  99.9
134, 190, 29.91296499, 94.36805103,  99.9
135, 190, 29.91336024, 94.36298205,  99.9
136, 190, 29.91377870, 94.35781505,  99.9
137, 190, 29.91422046, 94.35254893,  99.9
138, 190, 29.91468560, 94.34718260,  99.9
139, 190, 29.91517419, 94.34171494,  99.9
140, 190, 29.91568633, 94.33614481,  99.9
141, 190, 29.91622212, 94.33047103,   1.3
142, 190, 29.91678164, 94.32469242,   1.1
143, 190, 29.91736501, 94.31880778,  99.9
144, 190, 29.91797232, 94.31281587,  99.9
145, 190, 29.91860370, 94.30671545,  99.9
146, 190, 29.91925925, 94.30050523,  99.9
147, 190, 29.91993910, 94.29418391,  99.9
148, 190, 29.92064338, 94.28775018,  99.9
149, 190, 29.92137221, 94.28120269,  99.9
150, 190, 29.92212573, 94.27454006,  99.9
151, 190, 29.92290408, 94.26776091,  99.9
152, 190, 29.92370740, 94.26086382,  99.9
153, 190, 29.92453584, 94.25384734,  99.9
154, 190, 29.92538955, 94.24671000,  99.9
155, 190, 29.92626870, 94.23945031,  99.9
156, 190, 29.92717344, 94.23206676,  99.9
157, 190, 29.92810394, 94.22455779,  99.9
158, 190, 29.92906038, 94.21692184,  99.9
159, 190, 29.93004292, 94.20915731,  99.9
160, 190, 29.93105176, 94.20126256,  99.9
161, 190, 29.93208708, 94.19323596,  99.9
162, 190, 29.93314907, 94.18507581,  99.9
163, 190, 29.93423793, 94.17678041,  99.9
164, 190, 29.93535385, 94.16834802,  99.9
165, 190, 29.93649705, 94.15977688,  99.9
166, 190, 29.93766773, 94.15106519,  99.9
167, 190, 29.93886611, 94.14221112,  99.9
168, 190, 29.94009241, 94.13321283,   2.6
169, 190, 29.94134685, 94.12406842,   2.6
170, 190, 29.94262968, 94.11477598,  99.9
171, 190, 29.94394111, 94.10533357,  99.9
172, 190, 29.94528140, 94.09573920,  99.9
173, 190, 29.94665078, 94.08599086,  99.9
174, 190, 29.94804951, 94.07608652,  99.9
175, 190, 29.94947785, 94.06602409,  99.9
176, 190, 29.95093605, 94.05580146,  99.9
177, 190, 29.95242439, 94.04541650,  99.9
178, 190, 29.95394312, 94.03486703,  99.9
179, 190, 29.95549254, 94.02415082,  99.9
180, 190, 29.95707291, 94.01326565,  99.9
181, 190, 29.95868454, 94.00220922,  99.9
182, 190, 29.96032770, 93.99097921,  99.9
183, 190, 29.96200270, 93.97957327,  99.9
184, 190, 29.96370983, 93.96798901,  99.9
185, 190, 29.96544942, 93.95622399,  99.9
186, 190, 29.96722176, 93.94427575,  99.9
187, 190, 29.96902718, 93.93214178,  99.9
188, 190, 29.97086601, 93.91981953,  99.9
189, 190, 29.97273857, 93.90730643,  99.9
190, 190, 29.97464520, 93.89459983,  99.9
191, 190, 29.97658624, 93.88169707,  99.9
192, 190, 29.97856203, 93.86859545,  99.9
193, 190, 29.98057292, 93.85529221,   3.6
194, 190, 29.98261928, 93.84178457,   3.6
195, 190, 29.98470147, 93.82806967,   3.6
196, 190, 29.98681984, 93.81414465,   3.5
197, 190, 29.98897479, 93.80000657,   3.5
198, 190, 29.99116668, 93.78565247,   3.5
199, 190, 29.99339591, 93.77107933,   3.5
200, 190, 29.99566285, 93.75628408,   3.4
201, 190, 29.99796792, 93.74126363,   3.3
202, 190, 30.00031151, 93.72601480,   3.3
203, 190, 30.00269402, 93.71053440,   3.0
204, 190, 30.00511588, 93.69481917,   2.1
205, 190, 30.00757750, 93.67886581,   2.1
206, 190, 30.01007931, 93.66267095,   2.1
207, 190, 30.01262174, 93.64623120,   2.0
208, 190, 30.01520522, 93.62954310,   2.2
209, 190, 30.01783020, 93.61260313,   2.1
210, 190, 30.02049712, 93.59540774,   2.3
211, 190, 30.02320644, 93.57795329,   1.1
212, 190, 30.02595863, 93.56023613,   1.0
213, 190, 30.02875414, 93.54225251,   3.0
214, 190, 30.03159345, 93.52399866,   2.1
215, 190, 30.03447703, 93.50547073,   2.0
216, 190, 30.03740537, 93.48666481,   2.0
217, 190, 30.04037896, 93.46757695,   2.0
218, 190, 30.04339829, 93.44820313,   2.0
219, 190, 30.04646387, 93.42853927,   2.0
220, 190, 30.04957620, 93.40858121,   2.0
221, 190, 30.05273579, 93.38832476,   2.0
222, 190, 30.05594316, 93.36776565,   2.3
223, 190, 30.05919885, 93.34689954,  99.9
224, 190, 30.06250337, 93.32572203,   0.1
225, 190, 30.06585726, 93.30422866,   0.2
226, 190, 30.06926107, 93.28241490,   2.1
227, 190, 30.07271534, 93.26027614,   2.4
228, 190, 30.07622062, 93.23780771,  99.9
229, 190, 30.07977749, 93.21500487,  99.9
230, 190, 30.08338649, 93.19186281,  99.9
231, 190, 30.08704820, 93.16837665,  99.9
232, 190, 30.09076320, 93.14454143,  99.9
233, 190, 30.09453207, 93.12035211,  99.9
234, 190, 30.09835539, 93.09580359,  99.9
235, 190, 30.10223376, 93.07089068,  99.9
236, 190, 30.10616778, 93.04560812,  99.9
237, 190, 30.11015805, 93.01995057,  99.9
238, 190, 30.11420517, 92.99391261,  99.9
239, 190, 30.11830977, 92.96748872,  99.9
240, 190, 30.12247246, 92.94067334,  99.9
241, 190, 30.12669386, 92.91346079,  99.9
